סמל ועדה,ברזל,שם ישוב,סמל ישוב,קלפי,ריכוז,שופט,בזב,מצביעים,פסולים,כשרים,אמת,ג,ודעם,ז,זך,זץ,טב,י,יז,ינ,יף,יק,יר,כ,כן,ל,מחל,נ,נז,ני,נץ,נק,פה,ףז,ץ,ק,קי,קך,קץ,שס,
3,1120,אור הגנוז,1294,1,1,0,281,184,0,184,2,83,0,0,0,0,3,0,0,0,0,0,0,0,0,0,31,0,0,0,6,0,1,0,0,0,0,0,0,58,
17,9118,אחווה,1157,1,1,0,185,143,0,143,13,0,0,0,0,0,3,0,0,0,1,0,0,0,0,7,28,0,1,0,0,0,88,0,0,0,0,0,0,2,
17,9123,אליאב,1365,1,1,0,224,197,1,196,24,0,1,0,0,0,59,0,0,0,0,0,0,0,0,3,21,0,0,0,0,0,88,0,0,0,0,0,0,0,
4,1429,אפיק,4301,1,1,0,259,176,0,176,34,0,1,0,0,0,5,0,0,0,0,0,0,0,0,11,21,0,0,0,3,0,101,0,0,0,0,0,0,0,
17,9132,בית גוברין,619,1,1,0,290,230,1,229,68,0,3,1,0,0,1,0,0,0,0,0,0,0,0,1,9,0,0,0,1,0,145,0,0,0,0,0,0,0,
5,1575,ברק,141,1,1,0,304,219,1,218,13,0,0,0,0,0,5,0,0,0,0,0,0,0,0,4,92,0,0,0,1,0,93,0,0,0,0,0,0,10,
5,1578,גדעונה,442,1,1,0,293,227,1,226,14,4,0,0,0,0,4,0,0,0,0,0,0,0,0,7,121,0,0,0,3,0,46,0,0,0,0,0,0,27,
5,1582,דבורה,146,1,1,0,228,157,3,154,11,0,0,0,0,0,2,0,0,0,0,0,0,0,0,4,40,0,0,0,1,0,92,0,0,0,0,1,0,3,
5,1490,דברת,407,1,1,0,327,230,2,228,27,0,0,0,0,0,1,0,0,0,0,0,0,0,0,7,24,0,1,0,0,0,164,0,0,0,0,0,0,4,
3,1130,דישון,2063,1,1,0,296,198,1,197,7,1,0,0,0,0,14,0,0,0,0,0,0,0,0,6,104,4,0,0,4,0,39,0,0,0,0,0,0,18,
18,9311,הר עמשא,1261,1,1,0,115,82,0,82,25,0,1,0,0,0,6,0,1,0,0,2,0,0,0,4,11,0,0,0,0,1,31,0,0,0,0,0,0,0,
3,1137,כפר שמאי,605,1,1,0,335,263,0,263,11,13,1,0,0,0,30,0,0,0,0,0,0,1,0,1,143,1,0,0,4,0,13,0,0,0,0,0,0,45,
4,1442,מיצר,4019,1,1,0,125,90,0,90,13,0,2,1,0,0,5,0,0,0,0,0,0,0,0,3,8,0,0,0,1,0,57,0,0,0,0,0,0,0,
18,9314,מצדות יהודה,3745,1,1,0,329,253,1,252,3,6,0,0,0,0,191,0,0,0,0,0,0,0,0,2,35,0,0,0,3,0,4,0,0,0,0,0,0,8,
4,1421,מצפה,58,1,1,0,130,92,0,92,12,0,0,0,0,0,1,0,0,0,0,0,0,0,0,3,26,1,0,0,0,0,49,0,0,0,0,0,0,0,
18,9315,נווה זוהר,1057,1,1,0,55,21,0,21,3,0,1,0,0,0,1,0,0,0,0,0,0,0,0,0,9,0,0,0,1,1,5,0,0,0,0,0,0,0,
5,1614,נורית,833,1,1,0,111,93,0,93,7,2,1,0,0,0,6,0,1,0,0,0,0,0,0,1,31,0,0,0,1,0,41,0,0,0,0,0,0,2,
18,10107,ניצנה קהילת חינוך,1195,1,1,0,204,66,1,65,6,0,5,0,0,0,11,0,0,0,0,0,0,0,0,3,14,0,0,0,0,0,25,0,0,0,0,0,0,1,
18,9977,עטאוונה שבט,969,1,1,0,110,31,0,31,0,0,30,0,0,0,0,0,0,0,0,0,0,0,0,0,1,0,0,0,0,0,0,0,0,0,0,0,0,0,
3,1296,עין קנייא,4502,1,2,0,146,16,0,16,0,0,0,0,0,0,0,0,0,0,0,0,0,0,0,0,8,0,0,0,0,0,8,0,0,0,0,0,0,0,
3,1144,עמוקה,1212,1,1,0,143,97,2,95,20,0,3,0,0,0,4,0,0,0,0,0,0,0,0,2,11,0,0,0,0,1,53,0,0,0,0,0,0,1,
5,1620,פרזון,2053,1,1,0,290,216,1,215,11,3,0,0,0,0,15,0,0,0,0,0,0,0,0,1,138,1,0,0,5,0,30,0,0,0,0,0,1,10,
3,1190,שפר,846,1,1,0,321,227,0,227,13,5,0,0,0,0,9,0,0,0,0,0,0,0,0,1,138,1,0,0,2,0,39,0,0,0,0,0,0,19,
3,1119,אביבים,1115,1,1,0,332,246,0,246,0,4,0,0,0,0,2,0,0,0,0,0,0,0,0,0,175,0,0,0,0,0,4,0,0,0,0,0,0,61,
2,961,אדורה,3759,1,1,0,246,191,0,191,5,4,1,0,0,0,60,0,0,0,0,0,0,0,0,4,72,1,0,0,9,0,32,0,0,0,0,0,0,3,
5,1573,אדירים,113,1,1,0,233,183,0,183,0,1,0,0,0,0,2,0,0,0,0,0,0,0,0,0,110,0,0,0,2,0,10,0,0,0,0,0,0,58,
3,1282,אודם,4010,1,1,0,121,89,0,89,10,0,1,1,0,0,5,0,0,0,0,0,0,0,0,2,14,0,0,0,1,0,54,0,0,0,0,0,0,1,
3,1283,אורטל,4013,1,1,0,248,177,0,177,31,0,0,0,0,0,11,0,0,0,0,0,0,0,0,2,21,0,0,0,0,0,110,0,0,0,0,0,0,2,
17,9120,איבים,338,1,1,0,126,35,0,35,0,0,0,0,0,0,2,0,0,0,0,0,0,0,0,0,28,0,0,0,1,0,1,0,0,0,0,0,0,3,
9,3695,אלעריאן,1316,1,3,0,127,104,1,103,0,0,102,0,0,0,0,0,0,0,0,0,0,0,0,0,0,0,0,0,0,0,0,0,0,0,0,0,0,1,
3,1284,אלרום,4003,1,1,0,343,252,2,250,61,0,1,0,0,0,9,0,0,0,0,0,0,0,0,19,38,1,0,0,0,0,121,0,0,0,0,0,0,0,
17,9122,אלומה,1145,1,2,0,330,280,0,280,0,74,0,0,0,0,8,0,0,0,0,0,0,0,0,0,14,0,0,0,2,0,0,0,0,0,0,0,0,182,
4,1371,אלומות,330,1,1,0,300,210,0,210,50,1,0,0,0,0,8,0,0,0,0,0,0,0,0,4,24,0,0,0,1,0,119,0,0,0,0,0,0,3,
3,1285,אלוני הבשן,4017,1,1,0,221,152,0,152,3,1,0,1,0,0,78,0,0,0,0,0,0,0,0,0,61,0,0,0,2,0,4,0,0,0,0,0,0,2,
9,4072,אלוני יצחק,868,1,2,0,120,23,0,23,3,0,0,0,0,0,2,0,0,0,0,0,0,0,0,2,3,0,0,0,0,0,13,0,0,0,0,0,0,0,
18,9859,אליפז,1248,1,1,0,113,74,1,73,8,0,0,0,0,0,1,0,0,0,0,0,0,0,0,5,10,0,0,0,0,0,49,0,0,0,0,0,0,0,
2,1052,אלמוג,3556,1,1,0,193,135,1,134,31,1,0,0,0,0,5,0,0,0,0,0,0,0,0,2,26,1,0,0,0,0,68,0,0,0,0,0,0,0,
4,1398,אמנון,1253,1,1,0,305,224,0,224,18,3,0,0,0,0,14,0,0,0,0,0,0,0,0,15,99,1,0,0,1,0,63,0,0,0,0,0,0,10,
18,9391,אשל הנשיא,2021,1,1,0,114,73,0,73,7,0,0,0,0,0,10,0,0,0,0,0,0,0,0,3,26,0,0,0,0,0,27,0,0,0,0,0,0,0,
9,3745,בית אורן,317,1,1,0,321,208,1,207,50,1,1,1,0,0,4,0,0,0,0,0,0,0,0,1,22,0,0,0,1,0,125,0,0,0,0,1,0,0,
5,1876,בית זיד,353,1,4,0,113,74,1,73,19,0,1,0,0,0,0,0,0,0,0,0,0,1,0,1,3,0,0,0,0,0,41,0,0,5,1,0,0,1,
13,6327,בית עובד,202,1,1,0,250,187,0,187,30,0,1,0,0,0,0,0,0,0,0,0,0,0,0,3,22,0,0,0,0,0,131,0,0,0,0,0,0,0,
9,3747,בית צבי,212,1,1,0,68,33,0,33,0,20,0,0,0,0,1,0,0,0,0,0,0,0,0,0,7,0,0,0,1,0,0,0,0,0,0,0,0,4,
12,5687,בן שמן כפר נוער,1084,1,2,0,236,167,0,167,44,0,3,0,0,0,1,0,0,0,0,0,0,0,0,2,31,0,0,0,1,0,80,0,0,0,0,0,0,5,
18,9394,ברוש,2060,1,1,0,342,272,0,272,18,0,0,0,0,0,19,0,0,0,0,0,0,0,0,9,159,1,0,0,1,0,39,0,0,0,0,0,0,26,
18,9395,גבעולים,2014,1,1,0,296,249,1,248,3,4,0,0,0,0,7,0,0,0,0,0,0,0,0,0,190,0,0,0,3,0,15,0,0,1,0,0,0,25,
19,10270,גבעת חן,207,1,1,0,301,249,1,248,40,0,4,0,0,0,5,0,0,0,0,0,0,0,0,6,25,0,0,0,0,0,168,0,0,0,0,0,0,0,
17,9144,גברעם,342,1,1,0,316,239,1,238,44,1,0,1,0,0,6,0,0,0,0,0,0,0,0,13,26,1,0,0,1,0,142,0,0,0,0,1,0,2,
5,1577,גדיש,145,1,1,0,282,210,0,210,2,2,0,0,0,0,7,0,0,0,0,0,0,0,0,2,168,0,0,0,3,0,8,0,0,0,0,0,0,18,
3,1230,גונן,852,1,1,0,343,234,0,234,56,0,1,0,0,0,2,0,0,0,0,0,0,0,0,6,13,0,0,0,0,0,156,0,0,0,0,0,0,0,
2,933,גיזו,1043,1,2,0,146,113,0,113,22,1,0,0,0,0,4,0,0,0,0,0,0,0,0,1,50,0,0,0,0,0,32,0,0,0,0,0,0,3,
13,6328,גן שורק,311,1,1,0,264,206,0,206,17,1,4,0,0,0,6,0,0,0,0,0,0,0,0,4,46,0,0,0,0,0,128,0,0,0,0,0,0,0,
12,5693,גני הדר,1103,1,1,0,258,202,0,202,31,1,0,0,0,0,7,0,0,0,0,0,0,0,0,6,34,0,0,0,0,0,123,0,0,0,0,0,0,0,
19,10449,גני עם,218,1,1,0,212,167,0,167,32,0,0,0,0,0,6,0,0,0,0,0,0,0,0,2,29,0,0,0,0,0,98,0,0,0,0,0,0,0,
18,9861,גרופית,1129,1,1,0,289,169,0,169,35,0,1,0,0,0,2,0,0,0,0,0,0,0,0,3,19,0,0,0,0,0,108,1,0,0,0,0,0,0,
4,1433,גשור,4022,1,1,0,220,153,2,151,14,0,0,5,0,0,2,0,0,0,0,0,0,0,0,11,30,0,0,0,1,0,86,0,0,0,0,0,0,2,
9,3762,דור,738,1,1,0,285,222,0,222,14,0,1,0,0,0,5,0,0,0,0,1,0,0,0,3,52,0,0,0,0,0,143,0,0,0,0,0,0,3,
4,1434,האון,702,1,1,0,154,87,1,86,20,2,0,1,0,0,2,0,0,0,0,0,0,0,0,5,12,0,0,0,0,0,40,0,0,0,0,0,0,4,
2,935,הראל,464,1,1,0,220,120,0,120,45,0,5,0,0,0,0,0,0,0,0,0,0,0,0,0,7,0,0,0,0,0,63,0,0,0,0,0,0,0,
17,9150,ורדון,1133,1,1,0,222,172,0,172,20,4,3,0,0,0,8,0,0,0,0,0,0,0,0,6,67,0,0,0,0,0,48,0,0,0,0,0,0,16,
17,9152,זוהר,44,1,1,0,264,203,0,203,5,6,0,0,0,0,11,0,0,0,0,0,0,0,0,5,129,0,0,0,1,0,24,0,0,0,0,0,0,22,
18,9399,זרועה,2064,1,1,0,305,229,0,229,3,7,0,0,0,0,9,0,0,0,0,0,0,0,0,0,151,0,0,0,4,0,20,0,0,0,0,0,0,35,
2,1025,חברון,3400,1,1,0,297,216,1,215,0,21,0,0,0,0,98,0,0,0,0,0,0,0,0,1,45,0,0,0,39,0,2,0,0,0,0,0,2,7,
2,1026,חגי,3764,1,1,0,335,262,0,262,0,16,0,0,0,0,179,0,0,0,0,0,0,0,0,0,57,0,0,0,8,0,0,0,0,0,0,0,0,2,
19,10273,חורשים,355,1,1,0,296,196,0,196,67,0,2,0,0,0,3,0,0,0,0,0,0,0,0,4,32,0,0,0,0,0,88,0,0,0,0,0,0,0,
3,1132,חזון,1047,1,1,0,257,227,0,227,2,7,0,0,0,0,15,0,0,0,0,0,0,0,0,0,155,0,0,0,3,0,12,0,0,0,0,0,0,33,
18,10078,טללים,1177,1,1,0,330,234,1,233,38,0,0,0,0,0,11,0,0,0,0,0,0,0,0,10,49,0,0,0,0,0,123,0,0,0,0,0,0,2,
4,1406,טפחות,1214,1,1,0,246,203,0,203,1,2,0,0,0,0,83,0,0,0,0,0,0,0,0,1,94,0,0,0,0,0,3,0,0,0,0,0,0,19,
2,759,יד השמונה,1134,1,2,0,161,114,0,114,3,0,0,0,0,0,7,0,0,0,0,0,0,0,0,19,37,0,0,0,0,0,48,0,0,0,0,0,0,0,
18,9400,יושיביה,803,1,1,0,337,272,1,271,3,9,0,0,0,0,24,0,0,0,0,0,0,0,0,1,135,0,0,0,1,0,0,0,0,0,0,0,0,98,
3,1134,כדיתה,1338,1,1,0,126,62,2,60,7,6,0,0,0,0,3,0,0,0,0,0,0,0,0,0,25,2,0,0,0,0,16,0,0,0,0,0,0,1,
3,1216,כורזים,1252,1,1,0,336,216,0,216,40,5,1,1,0,0,6,0,0,0,0,0,0,0,0,7,30,1,0,0,0,0,125,0,0,0,0,0,0,0,
4,1407,כלנית,1229,1,1,0,187,155,0,155,0,4,0,0,0,0,19,0,0,0,0,0,0,0,0,0,114,0,0,0,1,0,2,0,0,0,0,0,1,14,
18,10080,כמהין,1291,1,1,0,234,171,2,169,40,1,3,0,0,0,16,0,0,0,0,0,0,0,0,7,26,1,0,0,0,0,75,0,0,0,0,0,0,0,
2,760,כסלון,859,1,1,0,277,213,0,213,11,1,1,1,0,0,6,0,0,0,0,0,0,0,0,3,129,0,0,0,0,0,16,1,0,0,0,0,0,44,
5,1937,כפר גדעון,106,1,2,0,184,134,0,134,1,50,0,0,0,0,4,0,0,0,0,0,0,0,0,0,36,0,0,0,4,0,13,0,0,0,0,0,0,26,
8,3317,כפר גלים,427,1,1,0,94,49,1,48,4,1,0,0,0,0,1,0,0,0,0,0,0,0,0,5,19,0,0,0,0,0,18,0,0,0,0,0,0,0,
9,4077,כפר גליקסון,310,1,1,0,284,214,0,214,59,0,6,0,0,0,4,0,0,0,0,0,0,0,0,6,14,1,0,0,0,0,124,0,0,0,0,0,0,0,
8,3492,כפר המכבי,254,1,1,0,307,215,0,215,40,0,0,1,0,0,1,0,0,0,0,0,0,0,0,6,15,0,0,0,0,0,152,0,0,0,0,0,0,0,
8,3392,כפר חסידים ב,889,1,2,0,204,155,1,154,2,3,0,0,0,0,33,0,0,0,0,0,0,0,0,4,65,0,0,0,1,0,43,0,0,0,0,0,0,3,
19,10287,כפר מלל,98,1,1,0,281,223,0,223,37,0,1,1,0,0,7,0,0,0,0,0,0,0,0,8,33,1,0,0,1,0,134,0,0,0,0,0,0,0,
17,9171,כפר סילבר,107,1,1,0,87,34,0,34,4,0,0,0,0,0,1,0,0,0,0,0,0,0,0,1,9,0,0,0,1,0,18,0,0,0,0,0,0,0,
12,5751,כפר רות,1166,1,1,0,185,149,1,148,14,3,0,0,0,0,13,0,0,0,0,0,0,0,1,3,27,0,0,0,2,0,81,0,0,0,0,0,0,4,
17,9173,כרמי קטיף,1374,1,1,0,246,213,0,213,0,1,0,0,0,0,180,0,0,0,0,0,0,0,0,1,26,0,0,0,4,0,0,0,0,0,0,0,0,1,
18,10081,כרמים,1198,1,1,0,215,168,1,167,43,0,2,0,0,0,34,0,0,0,0,0,0,0,0,0,19,1,0,0,0,0,68,0,0,0,0,0,0,0,
4,1417,לבנים,1230,1,2,0,322,240,0,240,23,0,1,0,0,0,15,0,0,0,0,0,0,0,0,4,92,1,0,0,0,0,97,0,0,0,0,0,0,7,
9,3766,מאיר שפיה,102,1,1,0,112,54,2,52,3,0,0,0,0,0,0,0,0,0,0,0,0,0,1,7,17,0,0,0,0,0,24,0,0,0,0,0,0,0,
9,4078,מבוא דותן,3569,1,1,0,290,210,2,208,4,10,0,0,0,0,43,0,0,0,0,0,0,0,0,4,103,2,0,0,19,0,15,0,0,0,0,0,0,8,
12,5755,מבוא מודיעים,1141,1,1,0,177,99,1,98,2,12,0,0,0,0,25,0,0,0,0,0,0,0,0,0,34,0,0,0,3,0,11,0,0,0,0,0,0,11,
2,1029,מגדל עוז,3561,1,1,0,259,164,1,163,0,0,0,0,0,0,113,0,0,0,0,0,0,0,1,0,38,1,0,0,1,0,8,0,0,0,0,0,0,1,
5,1939,מחנה יהודית,1413,1,1,0,132,95,1,94,7,0,0,0,0,0,4,0,0,0,0,0,0,0,0,3,33,1,0,0,0,0,43,0,0,0,0,0,0,3,
18,10091,מחנה יפה,1415,1,1,0,203,164,1,163,9,0,0,0,0,0,25,0,0,0,0,0,0,0,0,4,46,1,0,0,0,0,78,0,0,0,0,0,0,0,
17,9177,מחנה מרים,1414,1,1,0,105,83,1,82,7,0,1,0,0,0,7,0,0,0,0,0,0,0,0,2,17,0,0,0,0,0,46,0,0,0,0,0,0,2,
9,4054,מי עמי,1128,1,1,0,255,198,2,196,61,1,8,1,0,0,2,0,0,0,0,0,0,0,0,2,9,1,0,0,0,0,111,0,0,0,0,0,0,0,
5,1608,מלאה,164,1,1,0,276,234,2,232,6,1,0,0,0,0,8,0,0,0,0,0,0,0,0,1,163,0,0,0,2,0,22,0,0,0,0,0,0,29,
18,9404,מלילות,2044,1,1,0,275,219,0,219,4,4,0,0,0,0,13,0,0,0,0,0,0,0,0,4,152,0,0,0,5,0,9,0,0,0,0,0,0,28,
3,1242,מנרה,347,1,1,0,212,142,1,141,46,0,1,0,0,0,1,0,0,0,0,0,0,0,1,7,4,0,0,0,0,0,80,0,0,1,0,0,0,0,
4,1389,מסדה,263,1,1,0,271,172,0,172,39,0,4,0,0,0,2,0,0,0,0,0,0,0,0,5,15,0,0,0,0,0,105,0,0,0,0,0,0,2,
4,1443,מעגן,678,1,3,0,328,219,1,218,29,0,0,0,0,0,5,0,0,0,0,0,0,0,0,14,29,0,0,0,0,0,139,0,0,0,0,0,0,2,
18,9313,מעון,3657,1,1,0,301,215,0,215,0,9,0,0,0,0,159,0,0,0,0,0,0,0,0,1,31,0,0,0,14,0,1,0,0,0,0,0,0,0,
9,4079,מצפה אילן,1370,1,1,0,229,204,0,204,0,2,0,0,0,0,147,0,0,0,0,0,0,0,0,0,40,0,0,0,2,0,12,1,0,0,0,0,0,0,
16,8181,מקווה ישראל,22,1,1,0,151,104,0,104,10,0,1,0,0,0,6,0,0,0,0,0,0,0,0,1,30,1,0,0,0,0,54,0,0,0,0,0,0,1,
3,1141,מרגליות,843,1,1,0,342,196,0,196,32,4,1,0,0,0,4,0,0,0,0,0,0,0,0,3,95,0,1,0,3,0,43,0,0,0,0,0,0,10,
18,9301,מרחב עם,1340,1,1,0,202,177,1,176,2,5,0,0,0,0,113,0,0,0,0,0,0,0,0,1,35,0,0,0,4,0,8,0,0,0,0,0,0,8,
3,1244,משגב עם,378,1,1,0,259,169,1,168,59,0,1,0,0,0,2,0,0,0,0,0,0,0,0,11,8,0,0,0,0,0,87,0,0,0,0,0,0,0,
2,1031,נגוהות,3724,1,1,0,142,123,1,122,0,2,0,1,0,0,78,0,0,0,0,0,0,0,0,0,22,0,0,0,15,0,1,0,0,0,0,0,0,3,
3,1291,נווה אטיב,4303,1,1,0,163,98,0,98,10,0,0,0,0,0,11,0,0,0,0,1,0,0,0,1,22,1,0,0,0,0,50,0,0,1,0,0,0,1,
9,3772,נווה ים,312,1,2,0,210,158,0,158,16,0,0,0,0,0,6,0,0,0,0,0,0,0,0,2,60,0,0,0,2,0,70,0,0,0,0,0,0,2,
17,9189,נועם,15,1,1,0,313,235,1,234,1,2,0,0,0,0,5,0,0,0,0,0,0,0,0,0,175,0,0,0,2,0,7,0,0,0,0,0,0,42,
17,9192,נטע,1369,1,1,0,245,218,2,216,0,9,0,0,0,0,180,0,0,0,0,0,0,0,0,0,17,0,0,0,1,0,4,0,0,0,0,0,0,5,
2,797,נטף,1254,1,1,0,345,246,0,246,111,0,15,0,0,0,4,0,0,0,0,0,0,0,0,1,2,0,0,0,0,0,113,0,0,0,0,0,0,0,
18,10108,ניצני סיני,1280,1,1,0,205,129,0,129,22,0,0,0,0,0,10,0,0,0,0,0,0,0,0,11,26,0,0,0,0,0,60,0,0,0,0,0,0,0,
17,9197,ניצנים,359,1,1,0,343,254,2,252,78,2,0,0,0,0,2,0,0,0,0,0,0,0,0,3,7,0,0,0,0,0,160,0,0,0,0,0,0,0,
2,1112,נעמה,3713,1,1,0,145,88,0,88,2,0,0,0,0,0,9,0,0,0,0,0,0,0,0,3,32,0,0,0,0,0,40,0,0,0,0,0,0,2,
13,6482,נצר חזני,1372,1,1,0,261,227,0,227,0,18,0,0,0,0,113,0,0,0,0,0,0,0,0,0,69,0,0,0,10,0,4,0,0,0,0,0,0,13,
2,1113,נתיב הגדוד,3555,1,1,0,233,167,1,166,46,0,2,1,0,0,5,0,0,0,0,0,0,0,0,6,44,0,0,0,0,0,60,0,0,0,1,1,0,0,
6,2696,סואעד חמרייה,942,1,2,0,150,84,2,82,8,0,70,0,0,0,0,0,0,0,0,0,0,0,0,0,0,0,0,0,0,0,4,0,0,0,0,0,0,0,
18,9867,סמר,1156,1,1,0,230,147,0,147,75,0,5,0,0,0,0,0,0,0,0,0,0,0,0,2,3,0,0,0,0,0,62,0,0,0,0,0,0,0,
18,10109,סנסנה,3777,1,1,0,259,236,0,236,1,3,0,0,0,0,185,0,0,0,0,0,0,0,0,0,35,0,0,0,0,0,10,0,0,0,0,0,0,2,
2,950,עגור,794,1,2,0,302,242,0,242,10,14,1,0,0,0,2,0,0,0,0,0,0,0,0,1,160,0,0,0,2,0,17,0,0,0,0,0,0,35,
19,10525,עדנים,2035,1,1,0,295,235,0,235,21,0,3,0,0,0,2,0,0,0,0,0,0,0,0,4,48,0,0,0,1,0,155,0,0,0,0,0,0,1,
18,9976,עוקבי בנו עוקבה,957,1,1,0,292,174,0,174,4,0,168,0,0,0,0,0,0,0,0,0,0,0,0,0,0,0,0,0,1,0,1,0,0,0,0,0,0,0,
2,724,עטרת,3658,1,1,0,299,237,0,237,1,5,0,0,0,0,174,0,0,0,0,0,0,0,0,0,46,0,0,0,9,0,1,0,0,0,0,0,0,1,
3,1295,עין זיוון,4503,1,1,0,281,187,0,187,28,0,0,0,0,0,6,0,0,0,0,0,0,0,0,13,29,0,0,0,1,0,110,0,0,0,0,0,0,0,
9,3778,עין חוד,1320,1,1,0,194,137,0,137,0,0,136,0,0,0,0,0,0,0,0,0,0,0,0,0,0,0,0,0,0,0,1,0,0,0,0,0,0,0,
18,9449,עלומים,1146,1,1,0,346,265,0,265,9,1,0,0,0,0,141,0,0,0,0,0,0,1,0,3,69,0,0,0,1,0,39,0,0,0,0,0,0,1,
2,730,עמיחי,3824,1,1,0,73,66,0,66,0,5,0,0,0,0,29,0,0,0,0,0,0,0,0,0,19,0,0,0,5,0,1,0,0,0,0,0,0,7,
18,9450,פדויים,750,1,1,0,338,248,1,247,5,6,0,0,0,0,25,0,0,0,0,0,0,0,0,5,143,0,0,0,4,0,34,0,0,0,0,0,0,25,
4,1390,פוריה  כפר עבודה,1104,1,1,0,265,184,1,183,1,2,0,0,0,0,12,0,0,0,0,1,0,0,0,2,119,0,0,0,3,0,30,0,0,0,0,0,0,13,
2,1038,פני חבר,3723,1,1,0,229,175,2,173,0,35,0,0,0,0,95,0,0,0,0,0,0,0,0,0,27,0,0,0,7,0,4,0,0,0,0,0,0,5,
3,1146,צבעון,1213,1,2,0,163,138,2,136,59,1,4,0,0,0,8,0,0,1,0,0,0,0,0,1,5,0,0,0,0,0,57,0,0,0,0,0,0,0,
19,10442,צור נתן,1148,1,2,0,228,166,2,164,12,0,2,0,0,0,3,0,0,0,0,0,0,0,0,7,54,0,0,0,1,0,85,0,0,0,0,0,0,0,
3,1223,קדרים,1211,1,1,0,188,138,0,138,41,0,1,1,0,0,1,0,0,0,0,0,0,0,0,1,13,0,0,0,0,0,79,0,0,0,0,0,1,0,
17,9211,קוממיות,766,1,3,0,253,183,0,183,0,177,0,0,0,0,0,0,0,0,0,0,0,0,0,0,3,0,0,0,0,0,0,0,0,0,0,0,0,3,
3,1298,קלע,4024,1,1,0,220,142,1,141,14,1,0,0,0,0,3,0,0,0,0,0,0,0,0,10,38,0,0,0,0,0,74,0,0,0,0,0,0,1,
2,820,קרית ענבים,78,1,2,0,305,205,0,205,66,0,3,0,0,0,1,0,0,0,0,0,0,0,0,6,21,1,0,0,0,0,105,0,0,0,0,0,0,2,
9,4082,ריחן,3568,1,1,0,207,156,0,156,10,1,2,0,0,0,16,0,0,0,0,0,0,0,0,7,44,0,0,0,3,0,72,0,0,0,0,0,0,1,
18,10122,רתמים,1260,1,1,0,236,195,2,193,8,0,0,0,0,0,116,0,0,0,0,0,0,0,0,0,33,1,0,0,6,0,29,0,0,0,0,0,0,0,
2,955,שדות מיכה,27,1,2,0,267,202,0,202,5,1,0,0,0,0,13,0,0,0,0,0,0,0,0,4,111,0,0,0,1,0,14,0,0,0,0,0,0,53,
18,10124,שומריה,1265,1,1,0,334,279,0,279,0,59,0,0,0,0,170,0,0,0,0,0,0,0,0,0,36,0,0,0,2,0,4,0,0,0,0,0,0,8,
18,9457,שוקדה,415,1,1,0,262,221,1,220,0,3,0,0,0,0,87,0,0,0,0,0,0,0,0,1,92,0,0,0,3,0,4,0,0,0,0,0,0,30,
18,9869,שחרות,1266,1,1,0,130,68,0,68,22,0,0,0,0,0,0,0,0,0,0,0,0,0,0,7,5,0,0,0,0,0,33,1,0,0,0,0,0,0,
18,9458,שיבולים,865,1,1,0,263,204,2,202,5,2,0,0,0,0,28,0,0,0,0,0,0,0,0,3,139,0,0,0,2,0,8,0,0,0,0,0,0,15,
3,1310,שעל,4009,1,1,0,218,166,0,166,13,0,0,0,0,0,6,0,0,0,0,0,0,0,0,7,48,0,0,0,0,0,86,0,0,0,0,0,0,6,
9,3871,שער מנשה,921,1,1,0,136,11,0,11,1,0,0,0,0,0,0,0,0,0,0,0,0,0,0,0,3,0,0,0,0,0,4,0,0,0,0,0,0,3,
17,9223,שקף,1233,1,1,0,293,239,0,239,47,0,0,1,0,0,7,0,0,0,0,0,0,0,0,4,50,0,0,0,0,0,128,1,0,0,0,0,0,1,
18,9459,שרשרת,398,1,1,0,251,202,1,201,1,12,0,0,0,0,16,0,0,0,0,0,0,0,0,3,121,0,0,0,1,0,10,0,0,0,0,0,0,37,
18,9460,תאשור,2062,1,1,0,292,192,1,191,34,1,1,0,0,0,12,0,0,0,0,0,0,0,0,3,63,0,0,0,1,0,67,0,0,0,0,0,0,9,
18,9462,תושיה,1083,1,1,0,316,254,0,254,0,10,0,1,0,0,135,0,0,0,0,0,0,0,0,1,95,0,0,0,5,0,1,0,0,0,0,0,0,6,
2,958,תירוש,10,1,1,0,331,252,0,252,2,3,0,0,0,0,10,0,0,0,0,0,0,0,0,1,136,0,0,0,1,0,5,0,0,0,0,0,0,94,
4,1451,תל קציר,719,1,1,0,311,221,1,220,45,0,0,0,0,0,5,0,0,0,0,0,0,0,0,15,22,0,0,0,1,0,131,0,0,0,0,0,0,1,
2,1048,תלם,3719,1,1,0,205,164,0,164,0,11,0,0,0,0,74,0,0,0,0,0,0,0,0,5,55,1,0,0,9,0,5,0,0,0,0,0,0,4,
5,1574,אומן,1108,1,1,0,367,231,0,231,5,4,0,0,0,0,8,0,0,0,0,0,0,0,1,31,135,0,0,0,0,0,41,0,0,0,0,0,0,6,
18,9354,אופקים,31,1,4,0,381,225,1,224,10,0,5,0,0,0,11,0,0,0,0,0,0,0,0,3,139,0,0,0,0,0,9,0,0,0,0,0,0,47,
18,9355,אופקים,31,2,1,0,645,363,3,360,9,23,0,1,0,0,9,0,0,0,0,0,0,0,0,14,186,0,0,0,3,0,29,0,0,0,0,0,0,86,
18,9356,אופקים,31,3,6,0,492,316,2,314,9,12,1,0,0,0,21,0,0,0,0,0,0,0,0,8,181,1,0,0,5,0,26,0,0,0,0,0,0,50,
18,9357,אופקים,31,4,2,0,533,371,1,370,17,12,0,0,0,0,17,0,0,0,0,0,0,0,0,26,165,1,0,0,4,0,42,0,0,1,0,0,0,85,
18,9358,אופקים,31,5,7,0,476,228,4,224,6,6,0,0,0,0,10,0,0,0,0,0,0,0,0,45,103,1,0,0,1,0,20,0,0,0,0,0,0,32,
18,9359,אופקים,31,6.1,11,0,561,337,1,336,4,4,0,0,0,0,13,0,0,0,0,0,0,0,0,33,195,0,0,0,2,0,33,0,0,0,0,0,0,52,
18,9360,אופקים,31,6.2,11,0,561,325,2,323,3,12,0,0,0,0,25,0,0,0,0,0,0,0,0,33,164,1,0,0,5,0,28,1,0,0,0,0,0,51,
18,9361,אופקים,31,6.3,11,0,559,320,4,316,6,8,1,1,0,0,11,0,0,0,0,0,0,0,0,51,169,0,0,0,1,0,32,0,1,0,0,0,1,34,
18,9362,אופקים,31,7,1,0,645,326,3,323,4,6,0,0,0,0,12,0,0,0,0,0,0,0,0,48,170,0,0,0,7,0,15,0,0,0,0,0,0,61,
18,9363,אופקים,31,9,2,0,637,334,2,332,11,4,3,0,0,0,15,0,0,1,0,0,0,0,0,22,199,0,0,0,2,0,42,0,0,0,0,0,0,33,
18,9364,אופקים,31,10,16,0,606,467,3,464,0,111,0,0,0,0,2,0,0,0,0,0,0,0,0,10,60,0,0,0,0,0,4,0,0,0,0,0,0,277,
18,9365,אופקים,31,11,3,0,544,450,5,445,1,196,0,0,0,0,3,0,1,0,0,0,0,0,0,4,45,0,0,0,0,0,2,0,0,0,0,0,0,193,
18,9366,אופקים,31,12,3,0,739,599,0,599,0,237,0,1,0,0,2,0,0,0,0,0,0,0,0,8,45,0,1,0,1,0,4,0,0,0,0,0,0,300,
18,9367,אופקים,31,13,12,0,509,386,5,381,6,74,0,0,0,0,16,0,0,0,0,0,0,0,0,4,168,0,0,0,4,0,23,0,0,0,0,0,0,86,
18,9368,אופקים,31,14,8,0,565,486,3,483,2,305,0,0,0,0,4,0,0,0,0,0,0,0,0,3,43,0,0,0,3,0,3,0,0,0,0,0,0,120,
18,9369,אופקים,31,15,8,0,533,397,1,396,2,125,0,0,0,0,0,0,0,0,0,0,0,0,0,26,82,0,0,0,0,0,8,0,0,0,0,0,0,153,
18,9370,אופקים,31,16,17,0,683,330,7,323,8,3,1,0,0,0,12,0,0,0,0,0,0,0,1,98,150,0,0,0,1,0,24,0,0,0,0,0,0,25,
18,9371,אופקים,31,17,15,0,773,494,3,491,8,2,0,0,0,0,32,0,0,0,0,0,0,0,0,28,310,0,0,0,2,0,30,0,0,0,0,0,0,79,
18,9372,אופקים,31,20,18,0,723,651,7,644,4,320,0,0,0,0,20,0,0,0,0,0,0,0,0,2,61,0,0,0,7,0,5,0,0,0,0,0,0,225,
18,9373,אופקים,31,22.1,9,0,641,441,3,438,16,20,0,0,0,0,17,0,0,0,0,0,0,0,0,17,242,0,0,0,3,0,42,0,0,0,0,0,0,81,
18,9374,אופקים,31,22.2,9,0,641,428,3,425,16,11,0,1,0,0,23,0,0,0,0,0,0,0,0,30,241,0,0,0,2,0,46,0,0,0,0,0,0,55,
18,9375,אופקים,31,22.3,9,0,641,441,2,439,4,16,0,1,0,0,20,0,2,0,0,0,0,0,0,29,222,0,0,0,4,0,45,0,0,0,0,0,0,96,
18,9376,אופקים,31,22.4,9,0,641,415,1,414,11,35,1,0,0,0,25,0,0,0,1,2,0,0,0,66,182,0,0,0,3,0,36,0,0,0,0,0,0,52,
18,9377,אופקים,31,23,10,0,707,443,4,439,7,6,0,0,0,0,20,0,0,0,0,0,0,0,0,64,220,0,0,0,2,0,68,0,0,0,0,0,0,52,
18,9378,אופקים,31,25.1,13,0,554,352,4,348,14,6,2,0,0,0,13,0,0,0,0,0,0,0,1,37,197,0,0,0,3,0,24,0,0,0,0,0,0,51,
18,9379,אופקים,31,25.2,13,0,554,330,0,330,8,6,0,0,0,0,19,0,0,0,0,0,0,0,0,48,186,0,0,0,1,0,25,0,0,0,0,0,0,37,
18,9380,אופקים,31,25.3,13,0,554,343,4,339,8,7,1,0,0,0,13,0,0,0,0,0,1,0,0,76,151,0,0,0,0,0,45,0,0,0,0,0,1,36,
18,9381,אופקים,31,26,1,0,534,299,2,297,4,4,0,0,0,0,9,0,0,0,0,0,0,0,0,43,137,1,0,0,3,0,18,0,0,0,0,0,0,78,
18,9382,אופקים,31,28,16,0,752,524,3,521,5,125,0,1,0,0,3,0,0,0,0,0,0,0,0,19,113,0,0,0,3,0,16,0,0,0,0,0,0,236,
18,9383,אופקים,31,30,12,0,586,471,4,467,2,143,0,0,0,0,21,0,0,0,0,0,0,0,0,5,114,0,0,0,8,0,30,0,0,0,0,0,0,144,
18,9384,אופקים,31,32,10,0,511,350,4,346,4,0,0,0,0,0,14,0,0,0,0,0,0,0,0,50,185,0,0,0,0,0,41,0,0,1,0,0,2,49,
18,9385,אופקים,31,33,3,0,502,420,5,415,2,228,1,0,0,0,1,0,0,0,0,0,0,0,0,10,26,0,0,0,0,0,3,0,0,0,0,0,0,144,
18,9386,אופקים,31,34,17,0,680,444,1,443,9,1,0,0,0,0,39,0,0,0,0,0,0,0,0,29,259,0,0,0,2,0,32,0,0,0,0,0,0,72,
18,9387,אופקים,31,35,14,0,729,470,4,466,11,10,0,0,0,0,15,0,0,0,0,0,0,0,0,79,261,0,0,0,0,0,50,0,0,1,0,0,0,39,
18,9388,אופקים,31,36,15,0,673,510,2,508,8,14,2,0,0,0,52,3,0,0,0,0,0,0,0,26,286,0,0,0,1,0,59,0,0,0,0,0,0,57,
18,9389,אופקים,31,37,15,0,745,569,6,563,4,106,0,1,0,0,33,0,1,0,0,0,0,0,0,24,224,0,0,0,7,0,53,0,0,0,0,0,0,110,
18,9775,אילות,1126,1,1,0,253,164,0,164,53,0,3,0,0,0,0,0,0,0,0,0,0,0,0,4,16,0,0,0,0,0,88,0,0,0,0,0,0,0,
18,9776,אילת,2600,1,9,0,459,181,1,180,2,0,6,0,1,0,6,0,0,0,0,0,0,0,0,16,87,0,0,0,1,0,45,0,0,0,0,0,0,16,
18,9777,אילת,2600,2,9,0,603,221,2,219,14,3,3,0,0,0,6,0,0,0,0,0,1,0,0,14,103,0,0,0,1,0,52,0,0,0,0,0,0,22,
18,9778,אילת,2600,6.1,4,0,638,238,0,238,8,2,2,0,0,0,5,0,0,0,0,0,0,1,0,14,134,0,0,0,0,0,40,0,0,0,0,0,0,32,
18,9779,אילת,2600,6.2,4,0,638,231,1,230,8,2,8,1,0,0,5,0,0,0,0,0,0,0,0,20,128,0,0,0,2,0,27,0,0,0,0,0,0,29,
18,9780,אילת,2600,6.3,4,0,638,222,2,220,6,0,6,0,0,0,4,0,0,0,0,0,1,0,0,14,124,0,1,0,0,0,48,0,0,0,0,0,0,16,
18,9781,אילת,2600,6.4,4,0,638,184,2,182,2,0,2,0,0,0,2,0,0,0,0,0,0,0,1,28,88,0,0,0,2,0,48,0,0,0,0,0,0,9,
18,9782,אילת,2600,7,10,0,564,250,5,245,15,0,1,0,0,0,1,0,0,0,0,0,0,0,0,10,137,0,0,0,1,0,51,0,0,0,0,0,0,29,
18,9783,אילת,2600,8,2,0,534,219,1,218,13,1,2,0,0,0,6,0,0,0,0,0,0,0,0,7,113,0,0,0,0,0,66,0,0,0,0,0,0,10,
18,9784,אילת,2600,9,1,0,594,310,1,309,8,5,0,0,0,0,15,0,0,0,0,0,0,0,0,26,151,0,1,0,1,0,51,0,0,0,0,0,0,51,
18,9785,אילת,2600,10,1,0,679,294,4,290,6,17,1,1,0,0,9,0,0,0,0,0,0,1,0,14,145,0,0,0,2,0,67,0,1,0,0,0,0,26,
18,9786,אילת,2600,11,1,0,525,220,1,219,3,4,0,0,0,0,5,0,0,0,0,0,0,0,0,12,132,0,0,0,2,0,46,0,0,0,0,0,0,15,
18,9787,אילת,2600,12,3,0,562,214,1,213,8,3,5,0,0,0,2,0,0,0,0,0,0,0,0,30,86,0,0,0,2,0,63,0,0,0,0,0,0,14,
18,9788,אילת,2600,13.1,5,0,542,188,0,188,6,3,1,0,0,0,7,0,0,0,0,0,0,0,0,20,101,0,0,0,0,0,39,0,0,0,0,0,0,11,
18,9789,אילת,2600,13.2,5,0,542,218,2,216,8,1,6,0,0,0,7,0,0,0,0,0,0,0,0,26,88,0,1,0,1,0,60,0,0,0,0,0,0,18,
18,9790,אילת,2600,13.3,5,0,542,188,1,187,4,3,6,0,0,0,1,0,0,0,0,0,0,0,0,17,85,0,0,0,3,0,52,1,0,0,0,0,0,15,
18,9791,אילת,2600,13.4,5,0,540,171,3,168,7,0,0,0,0,0,2,0,0,0,0,0,0,0,0,28,61,0,0,0,2,1,54,1,0,0,0,0,0,12,
18,9792,אילת,2600,14,3,0,588,203,2,201,13,0,4,1,0,0,1,0,0,0,0,0,0,0,0,16,94,0,1,0,0,0,47,1,0,0,0,0,0,23,
18,9793,אילת,2600,16,10,0,571,281,2,279,10,5,2,0,0,0,12,0,0,0,0,0,0,0,0,7,147,0,0,1,0,0,72,0,0,0,0,0,0,23,
18,9794,אילת,2600,17,2,0,424,76,0,76,0,1,2,0,0,0,0,0,1,0,0,0,0,0,0,3,50,0,0,0,1,0,17,0,0,0,0,0,0,1,
18,9795,אילת,2600,19,2,0,522,56,1,55,5,0,4,0,0,0,1,0,0,0,0,0,0,0,0,1,26,0,0,0,0,0,15,0,0,0,0,0,0,3,
18,9796,אילת,2600,20,1,0,486,175,1,174,7,2,0,0,0,0,3,0,0,0,0,0,0,0,0,10,88,1,0,0,0,0,49,0,0,0,0,0,0,14,
18,9797,אילת,2600,22,2,0,414,105,0,105,6,1,2,0,0,0,1,0,0,0,0,0,0,0,0,3,65,0,0,0,0,0,23,0,0,0,0,0,0,4,
18,9798,אילת,2600,23,9,0,631,230,1,229,10,1,4,0,0,0,4,0,0,0,0,0,0,0,0,23,130,2,0,0,0,0,35,0,0,0,0,0,1,19,
18,9799,אילת,2600,24,1,0,520,159,2,157,5,1,2,0,0,0,6,0,0,0,0,0,0,0,0,14,84,0,0,0,1,0,25,0,0,1,0,0,0,18,
18,9800,אילת,2600,26.1,17,0,700,331,1,330,12,1,1,1,0,0,7,0,0,0,0,0,0,0,0,18,183,0,0,0,0,0,87,0,0,0,0,1,0,19,
18,9801,אילת,2600,26.2,17,0,700,291,1,290,10,0,1,0,0,0,14,0,0,0,0,0,0,0,0,23,134,0,0,0,2,0,98,0,0,0,0,0,1,7,
18,9802,אילת,2600,26.3,17,0,700,350,3,347,19,2,6,1,0,0,18,0,0,0,0,0,0,0,0,21,160,1,0,0,1,0,99,0,0,0,0,0,0,19,
18,9803,אילת,2600,26.4,17,0,700,308,0,308,6,2,8,0,0,0,12,0,0,0,0,0,0,0,0,10,139,0,0,0,1,0,111,0,0,0,0,0,0,19,
18,9804,אילת,2600,26.5,17,0,699,296,5,291,12,1,1,1,0,0,8,0,0,0,0,0,0,0,0,26,112,0,0,0,0,0,120,0,0,0,0,0,0,10,
18,9805,אילת,2600,27.1,13,0,624,343,1,342,15,2,0,0,0,0,8,0,0,0,0,0,0,1,0,13,206,0,0,0,5,0,75,0,0,0,0,0,0,17,
18,9806,אילת,2600,27.2,13,0,624,371,5,366,13,4,5,0,0,0,18,0,0,0,0,0,0,0,1,37,162,0,0,0,1,0,91,0,0,0,0,0,0,34,
18,9807,אילת,2600,27.3,13,0,624,357,0,357,10,3,3,0,0,0,22,0,0,0,0,0,0,0,0,18,182,0,0,0,0,0,101,0,0,0,0,0,0,18,
18,9808,אילת,2600,27.4,13,0,624,317,0,317,12,5,0,0,0,0,22,0,0,0,0,0,0,0,0,46,119,0,0,0,5,0,89,0,1,0,0,0,0,18,
18,9809,אילת,2600,28,14,0,498,241,2,239,12,0,3,0,0,0,2,0,0,0,0,0,0,0,0,15,107,0,0,0,3,0,89,0,0,0,0,0,0,8,
18,9810,אילת,2600,29,14,0,617,361,1,360,27,0,1,0,0,0,6,0,0,0,0,0,0,0,0,6,156,0,0,0,0,0,155,0,0,0,0,0,0,9,
18,9811,אילת,2600,30,6,0,668,237,2,235,7,5,7,0,0,0,4,1,0,0,0,0,0,0,0,20,124,0,0,0,2,0,55,0,0,0,0,0,1,9,
18,9812,אילת,2600,31,8,0,618,227,1,226,3,1,4,0,0,0,11,0,0,0,0,0,0,0,0,24,112,0,0,0,0,0,56,0,0,0,0,0,0,15,
18,9813,אילת,2600,32,12,0,623,242,0,242,8,6,5,1,0,0,13,0,0,0,0,0,0,0,0,21,110,0,0,0,0,0,63,0,0,0,0,0,0,15,
18,9814,אילת,2600,33,8,0,706,283,1,282,10,8,4,1,0,0,12,0,0,0,0,0,0,0,0,31,142,0,0,0,1,0,45,0,0,0,0,0,0,28,
18,9815,אילת,2600,34,6,0,661,338,2,336,18,4,1,0,0,0,28,0,0,0,0,0,0,0,0,32,157,0,0,0,5,0,75,0,0,0,0,1,0,15,
18,9816,אילת,2600,38,12,0,648,282,3,279,6,8,2,1,0,0,27,1,0,0,1,0,0,0,0,32,108,0,0,0,1,0,73,0,0,0,0,0,0,19,
18,9817,אילת,2600,40,14,0,569,323,2,321,9,2,0,0,0,0,5,0,0,0,0,0,0,0,0,33,147,0,0,0,1,0,108,0,0,0,0,0,0,16,
18,9818,אילת,2600,41.1,7,0,647,259,0,259,7,1,2,0,0,0,7,0,0,0,0,0,0,0,0,35,132,0,0,0,1,0,52,0,0,0,0,0,0,22,
18,9819,אילת,2600,41.2,7,0,647,246,1,245,16,4,3,0,0,0,3,0,0,0,0,0,0,0,0,25,113,0,0,0,2,0,65,0,0,0,0,0,0,14,
18,9820,אילת,2600,41.3,7,0,647,221,2,219,7,2,4,1,0,0,3,0,0,0,0,0,0,0,1,20,94,0,0,0,2,0,77,0,0,0,0,0,0,8,
18,9821,אילת,2600,41.4,7,0,647,236,0,236,15,1,1,0,0,0,6,0,0,0,0,0,0,0,0,27,113,0,0,0,1,0,65,0,0,0,0,0,0,7,
18,9822,אילת,2600,41.5,7,0,647,192,3,189,12,2,5,1,0,0,6,0,0,0,0,0,0,0,0,29,67,0,0,0,2,0,53,0,0,1,0,0,0,11,
18,9823,אילת,2600,41.6,7,0,643,210,3,207,10,0,2,0,0,0,4,0,0,0,0,0,0,0,0,30,84,0,0,0,0,0,69,1,0,0,0,0,0,7,
18,9824,אילת,2600,45,8,0,531,194,2,192,11,6,7,0,0,0,16,0,0,0,1,0,0,0,0,25,73,3,0,0,0,0,40,0,0,1,0,0,0,9,
18,9825,אילת,2600,48,14,0,695,388,2,386,27,1,3,1,0,0,9,0,0,0,0,0,0,0,0,18,148,1,0,0,1,0,152,1,0,0,0,0,0,24,
18,9826,אילת,2600,52,8,0,565,169,1,168,7,0,1,0,0,0,3,0,0,1,0,0,0,1,0,36,69,0,0,0,0,0,46,0,0,0,0,0,0,4,
18,9827,אילת,2600,53,12,0,538,221,1,220,8,4,0,0,0,0,12,0,0,0,0,0,0,0,0,30,91,1,0,0,2,0,60,0,0,0,0,0,0,12,
18,9828,אילת,2600,54,12,0,517,230,1,229,2,10,1,0,0,0,20,0,0,0,0,0,0,0,0,18,101,0,0,0,2,0,62,0,0,0,0,0,0,13,
18,9829,אילת,2600,55,14,0,527,308,0,308,18,1,6,0,0,0,12,0,0,0,0,0,0,0,0,6,93,0,0,0,0,0,162,0,0,0,0,0,0,10,
18,9830,אילת,2600,58,18,0,530,285,1,284,10,0,0,0,0,0,9,0,0,0,0,1,0,0,0,12,157,1,0,0,0,0,72,1,0,0,0,0,0,21,
18,9831,אילת,2600,60,10,0,727,340,1,339,23,1,7,0,0,0,11,0,0,0,0,0,0,0,0,10,187,0,0,0,1,0,84,0,0,0,0,0,0,15,
18,9832,אילת,2600,61,1,0,695,136,1,135,2,0,10,0,0,0,4,0,0,0,0,0,0,0,1,10,72,0,0,0,0,0,31,1,0,1,0,0,0,3,
18,9833,אילת,2600,62,3,0,570,168,0,168,9,3,1,0,0,0,4,0,0,0,0,0,0,0,0,18,84,0,0,0,0,0,32,0,0,1,0,0,1,15,
18,9834,אילת,2600,63,9,0,451,151,2,149,4,0,1,0,0,0,4,0,0,0,0,0,0,0,0,13,84,1,0,0,1,0,35,0,0,0,0,0,0,6,
18,9835,אילת,2600,64,12,0,520,207,1,206,1,3,3,0,0,0,2,0,0,0,0,0,0,0,0,49,91,0,0,0,1,1,44,0,1,0,0,0,0,10,
18,9836,אילת,2600,65,15,0,666,410,0,410,17,1,2,0,0,0,13,0,0,0,0,0,0,0,0,19,220,0,0,0,1,0,125,0,0,0,0,0,0,12,
18,9837,אילת,2600,66,15,0,717,391,0,391,18,1,3,0,0,0,9,0,0,0,0,0,0,0,0,35,197,2,0,0,0,0,111,0,0,0,0,0,0,15,
18,9838,אילת,2600,67,15,0,693,375,2,373,10,1,2,2,0,0,16,0,0,0,0,0,0,0,0,17,191,0,0,0,1,0,106,0,0,0,0,0,0,27,
18,9839,אילת,2600,69,15,0,648,329,1,328,19,0,6,1,0,0,4,0,0,0,0,0,0,0,0,24,159,0,0,0,0,0,106,1,0,0,0,0,0,8,
18,9840,אילת,2600,70,18,0,709,419,0,419,17,4,0,0,0,0,17,0,0,0,0,0,0,0,1,16,223,0,0,0,3,0,116,0,0,0,0,0,0,22,
18,9841,אילת,2600,71,15,0,716,249,1,248,8,1,3,0,0,0,16,0,0,0,0,0,0,0,0,17,128,0,0,0,2,0,61,0,0,0,0,0,0,12,
18,9842,אילת,2600,72,19,0,740,431,2,429,9,5,0,0,0,0,13,0,0,0,0,0,0,0,0,9,250,1,0,0,0,0,100,0,0,0,0,0,1,41,
18,9843,אילת,2600,73,18,0,590,291,0,291,15,2,7,0,0,0,10,1,0,0,0,0,0,0,0,9,152,0,0,0,2,0,78,0,0,0,0,0,0,15,
18,9844,אילת,2600,74.1,16,0,597,374,1,373,7,3,4,0,0,0,9,0,0,0,0,0,0,0,1,12,221,0,0,0,1,0,82,0,0,0,0,0,0,33,
18,9845,אילת,2600,74.2,16,0,597,357,0,357,9,1,0,0,0,0,6,0,0,0,0,0,0,0,0,18,208,0,0,0,0,0,87,1,0,0,0,0,0,27,
18,9846,אילת,2600,74.3,16,0,597,336,1,335,9,1,1,0,0,0,11,0,0,0,0,0,0,0,0,11,180,0,1,0,0,0,107,0,0,0,0,0,0,14,
18,9847,אילת,2600,74.4,16,0,597,362,0,362,10,0,6,2,0,0,7,0,0,0,0,0,0,0,0,13,200,0,0,0,0,0,98,0,0,0,0,0,0,26,
18,9848,אילת,2600,74.5,16,0,595,342,2,340,10,1,6,1,0,0,7,0,0,0,0,0,0,0,0,26,147,0,0,0,1,0,130,0,0,0,0,0,0,11,
18,9849,אילת,2600,76,18,0,521,294,1,293,8,5,3,0,0,0,9,0,0,0,0,0,0,0,0,16,156,0,0,0,0,0,83,0,0,0,0,0,0,13,
18,9850,אילת,2600,78,18,0,636,347,0,347,8,0,4,0,0,0,6,0,0,0,0,0,0,1,0,17,177,0,0,0,1,0,111,0,0,0,0,0,0,22,
18,9851,אילת,2600,79,19,0,693,385,3,382,16,2,1,0,0,0,11,0,0,0,0,0,0,0,0,20,203,0,0,0,5,0,105,0,0,0,0,0,0,19,
18,9852,אילת,2600,80,10,0,636,256,4,252,5,1,3,0,0,0,8,0,0,0,0,0,0,0,0,12,135,0,0,0,3,0,52,0,0,0,0,0,0,33,
18,9853,אילת,2600,81,18,0,518,272,1,271,13,0,2,0,0,0,3,0,0,0,0,0,0,0,0,17,135,0,0,0,2,0,83,0,0,0,1,0,0,15,
18,9854,אילת,2600,82,19,0,779,485,2,483,22,2,0,0,0,0,11,0,0,0,0,0,0,0,0,21,257,2,0,0,3,0,137,1,0,0,0,1,0,26,
18,9855,אילת,2600,83,19,0,695,445,1,444,17,1,3,0,0,0,12,0,0,0,0,0,0,0,0,8,266,0,0,0,4,0,110,0,0,0,0,0,0,23,
18,9856,אילת,2600,84,19,0,779,487,5,482,18,1,2,0,0,0,24,0,0,0,0,0,0,0,0,24,249,0,0,0,2,0,125,0,0,0,0,0,0,37,
18,9857,אילת,2600,87,2,0,485,172,1,171,4,1,1,0,0,0,1,0,0,0,0,0,0,0,0,16,99,0,0,0,2,0,37,0,0,0,0,0,0,10,
18,9858,אילת,2600,88,19,0,769,452,2,450,10,3,0,1,0,0,22,0,0,0,0,0,0,0,0,18,237,0,0,0,3,0,130,1,0,0,0,0,0,25,
17,9121,איתן,37,1,1,0,350,274,1,273,1,14,0,0,0,0,22,0,0,0,0,0,0,0,0,0,176,1,0,0,5,0,6,0,0,0,0,0,0,48,
4,1397,אלמגור,1125,1,1,0,294,219,0,219,26,0,5,0,0,0,5,0,0,0,0,0,0,0,0,5,7,0,0,0,2,0,169,0,0,0,0,0,0,0,
17,9125,אמציה,23,1,1,0,185,133,0,133,4,3,0,0,0,0,49,0,0,0,0,0,0,0,0,0,44,0,0,0,0,0,30,0,0,0,0,0,0,3,
10,4635,ארסוף,1324,1,1,0,123,72,1,71,10,0,1,0,0,0,1,0,0,0,0,0,0,0,0,3,15,0,0,0,0,0,41,0,0,0,0,0,0,0,
17,8686,אשדוד,70,1.1,2,0,621,334,1,333,11,3,0,0,0,0,8,0,0,0,0,0,0,0,0,64,164,0,0,0,0,1,53,0,0,0,0,0,0,29,
17,8687,אשדוד,70,1.2,2,0,621,327,6,321,6,3,0,0,1,0,8,0,0,0,1,0,0,0,0,95,126,0,0,0,0,1,63,0,0,0,0,0,0,17,
17,8688,אשדוד,70,1.3,2,0,621,302,2,300,7,4,0,0,0,0,3,0,0,0,0,0,0,0,0,114,92,0,0,0,3,0,45,0,1,1,0,0,0,30,
17,8689,אשדוד,70,1.4,2,0,621,343,2,341,10,4,0,0,0,0,7,0,0,0,0,0,0,0,0,93,135,0,0,0,0,0,54,0,0,0,0,0,1,37,
17,8690,אשדוד,70,1.5,2,0,621,323,4,319,5,3,0,0,0,0,4,0,0,0,0,1,0,0,0,124,95,1,0,0,1,0,54,0,0,0,0,0,1,30,
17,8691,אשדוד,70,1.6,2,0,616,289,5,284,9,4,0,0,0,0,5,0,0,0,0,0,0,1,0,111,86,0,0,0,0,0,58,0,0,0,0,0,0,10,
17,8692,אשדוד,70,2,75,0,721,381,2,379,15,2,0,0,0,0,15,0,0,0,0,0,0,0,1,59,145,1,0,0,1,0,109,0,0,0,0,0,0,31,
17,8693,אשדוד,70,3,75,0,629,341,4,337,18,2,0,0,0,0,2,0,0,0,0,0,0,0,0,55,156,0,0,0,3,0,59,0,0,0,0,0,1,41,
17,8694,אשדוד,70,4,21,0,449,273,4,269,10,1,0,0,0,0,6,0,0,0,0,0,0,0,0,53,123,1,0,0,1,0,34,0,1,0,0,1,0,38,
17,8695,אשדוד,70,6,98,0,575,376,4,372,4,3,0,0,1,0,4,0,0,1,0,0,0,0,0,187,105,0,0,0,1,0,45,0,1,1,0,1,0,18,
17,8696,אשדוד,70,8,31,0,381,149,3,146,1,3,0,0,0,0,1,0,0,0,0,0,0,0,0,35,67,0,0,0,0,0,20,0,0,0,0,0,1,18,
17,8697,אשדוד,70,9,32,0,593,298,0,298,11,4,0,0,0,0,3,0,0,0,0,2,1,0,0,80,122,0,0,0,6,0,46,1,0,0,0,0,0,22,
17,8698,אשדוד,70,10,25,0,553,247,6,241,2,5,0,0,0,0,5,0,0,0,0,0,1,0,1,60,106,0,0,0,0,0,25,1,0,0,0,0,0,35,
17,8699,אשדוד,70,11,6,0,557,285,2,283,0,0,0,0,0,0,5,0,0,0,0,0,0,0,1,88,112,0,0,0,1,0,46,0,0,0,0,0,0,30,
17,8700,אשדוד,70,12,49,0,626,234,0,234,8,6,1,1,0,0,1,0,0,0,1,0,0,0,1,59,102,1,0,0,1,0,28,0,0,0,0,0,0,24,
17,8701,אשדוד,70,13,11,0,628,265,2,263,10,2,0,0,0,0,0,0,0,0,0,0,0,0,0,48,122,1,0,0,0,0,31,0,0,0,0,0,0,49,
17,8702,אשדוד,70,14,88,0,498,241,1,240,5,5,0,1,0,0,9,0,0,0,0,0,0,0,0,48,113,0,0,0,0,0,31,0,0,0,0,0,0,28,
17,8703,אשדוד,70,15,71,0,497,287,3,284,10,4,0,0,0,0,5,0,0,0,0,0,0,0,0,44,135,0,0,0,0,0,43,0,0,0,0,0,0,43,
17,8704,אשדוד,70,16,24,0,560,307,5,302,0,76,0,0,0,0,5,0,0,0,0,0,0,0,0,20,108,0,0,0,0,0,25,0,0,1,0,0,0,67,
17,8705,אשדוד,70,17,31,0,615,294,5,289,3,3,0,0,0,0,4,0,0,0,0,0,0,0,0,90,113,0,0,0,0,0,40,0,0,0,0,0,0,36,
17,8706,אשדוד,70,18,8,0,446,274,4,270,4,25,1,0,0,0,2,0,0,0,0,0,0,0,0,11,79,0,0,0,1,0,24,0,0,0,0,0,0,123,
17,8707,אשדוד,70,19,21,0,633,301,4,297,5,0,0,0,0,0,2,0,0,0,0,0,1,0,1,107,110,0,0,0,0,0,27,0,0,0,0,0,0,44,
17,8708,אשדוד,70,20,35,0,682,383,2,381,10,9,1,0,0,0,12,0,0,0,0,0,0,0,0,70,178,0,0,0,0,0,48,1,0,0,1,0,0,51,
17,8709,אשדוד,70,21,22,0,537,364,2,362,6,3,0,0,0,0,15,0,0,0,0,0,0,0,0,54,196,0,0,0,2,0,54,0,0,0,0,0,0,32,
17,8710,אשדוד,70,22,6,0,513,241,0,241,2,2,0,0,0,0,2,0,0,0,0,0,0,0,1,37,120,0,0,0,2,0,19,0,0,0,0,0,0,56,
17,8711,אשדוד,70,23,75,0,500,253,0,253,18,6,0,0,0,0,6,0,0,0,0,0,0,0,0,26,96,0,0,0,1,0,69,1,0,0,0,1,0,29,
17,8712,אשדוד,70,24,4,0,673,425,7,418,6,114,0,2,0,0,3,0,0,0,0,0,0,0,1,44,127,0,0,0,1,0,33,0,0,0,0,0,0,87,
17,8713,אשדוד,70,25,24,0,592,308,0,308,11,36,1,0,1,0,5,0,0,0,0,0,0,0,0,60,76,0,0,0,5,0,29,0,0,0,0,0,0,84,
17,8714,אשדוד,70,26,27,0,574,337,2,335,4,53,0,0,0,0,4,0,0,0,0,0,0,0,0,68,123,0,0,1,2,0,29,0,0,0,0,0,0,51,
17,8715,אשדוד,70,27,84,0,618,386,0,386,7,6,0,0,0,0,8,0,0,0,0,0,0,1,0,81,155,0,0,0,2,0,61,0,0,0,0,0,1,64,
17,8716,אשדוד,70,28,36,0,478,251,2,249,3,5,0,0,0,0,4,0,0,0,0,0,0,0,0,32,116,0,0,0,1,0,46,0,0,0,2,0,0,40,
17,8717,אשדוד,70,29,11,0,653,292,3,289,4,3,0,0,0,0,7,0,1,0,0,0,0,0,0,48,136,0,0,0,0,0,45,0,0,0,0,0,0,45,
17,8718,אשדוד,70,30,78,0,612,509,4,505,1,91,0,0,0,0,0,0,0,0,0,0,0,0,0,0,18,0,0,0,1,0,3,0,0,0,0,0,0,391,
17,8719,אשדוד,70,31,12,0,585,401,5,396,2,39,1,0,0,0,3,0,0,0,1,0,0,0,0,13,108,0,0,0,4,0,9,0,0,0,0,0,0,216,
17,8720,אשדוד,70,32,8,0,577,512,0,512,0,61,0,0,0,0,1,0,0,0,0,0,0,0,0,0,13,0,0,0,0,0,1,0,0,0,0,0,0,436,
17,8721,אשדוד,70,33,12,0,685,406,4,402,2,52,0,0,0,0,4,0,0,0,0,0,0,0,0,44,148,0,0,0,0,0,26,1,0,0,0,0,0,125,
17,8722,אשדוד,70,34,79,0,610,365,5,360,1,101,0,0,0,0,4,0,0,0,0,0,0,0,0,33,122,1,0,0,0,0,21,0,0,0,0,0,0,77,
17,8723,אשדוד,70,35,8,0,561,361,1,360,3,71,0,0,0,0,0,0,0,0,0,0,0,0,0,43,97,0,0,0,3,0,20,0,0,0,0,0,0,123,
17,8724,אשדוד,70,37,8,0,504,316,3,313,2,47,0,0,0,0,2,0,0,0,0,1,0,0,0,24,120,1,0,0,0,0,13,0,0,0,0,0,0,103,
17,8725,אשדוד,70,38,84,0,736,222,0,222,4,4,0,0,0,0,6,0,0,0,0,0,0,0,0,40,92,0,0,0,2,0,50,0,0,0,0,0,0,24,
17,8726,אשדוד,70,39,25,0,478,243,3,240,2,2,1,0,0,0,2,0,0,0,0,0,0,0,0,51,117,0,0,0,2,0,39,0,0,0,0,0,0,24,
17,8727,אשדוד,70,40,21,0,512,208,1,207,1,0,1,0,0,0,6,0,0,0,0,0,0,0,0,50,87,0,0,0,1,0,40,0,0,0,0,0,0,21,
17,8728,אשדוד,70,41,25,0,465,241,1,240,3,4,1,1,0,0,3,0,0,0,0,0,0,0,0,55,101,0,0,0,1,0,21,0,0,0,0,0,0,50,
17,8729,אשדוד,70,42,21,0,495,232,3,229,3,1,0,1,0,0,5,0,0,0,0,0,0,0,0,46,121,0,0,0,0,0,24,0,0,0,0,0,0,28,
17,8730,אשדוד,70,43,25,0,488,245,0,245,1,1,1,0,0,0,4,0,0,0,0,0,0,0,0,66,108,2,0,0,0,0,33,0,0,0,0,0,0,29,
17,8731,אשדוד,70,44,79,0,651,564,1,563,0,443,0,0,0,0,1,0,0,0,0,0,0,0,0,0,4,1,0,0,0,0,0,2,0,0,0,0,0,112,
17,8732,אשדוד,70,45,26,0,634,332,0,332,19,8,1,0,0,0,26,0,1,0,0,0,0,0,0,18,145,0,0,0,3,0,87,1,1,0,0,0,0,22,
17,8733,אשדוד,70,46,16,0,590,316,5,311,6,1,0,0,0,0,12,0,0,0,0,0,0,0,0,52,176,1,0,0,0,0,32,0,0,0,0,0,0,31,
17,8734,אשדוד,70,47,4,0,591,344,4,340,3,83,0,0,0,0,4,0,0,0,0,0,0,1,0,32,116,0,0,0,3,0,31,0,0,1,0,0,0,66,
17,8735,אשדוד,70,48,18,0,485,282,1,281,3,103,0,0,0,0,0,0,0,0,0,0,0,0,0,25,71,0,1,0,0,0,21,0,0,0,0,0,1,56,
17,8736,אשדוד,70,49,18,0,665,403,9,394,7,24,0,3,0,0,2,0,0,0,0,0,0,0,0,86,177,0,0,0,0,0,46,0,0,0,0,0,0,49,
17,8737,אשדוד,70,50,24,0,556,308,3,305,3,32,0,0,0,0,1,0,1,0,0,0,0,1,0,25,122,0,0,0,7,0,34,0,0,0,0,0,1,78,
17,8738,אשדוד,70,51,4,0,686,481,1,480,0,218,0,0,0,0,4,0,0,0,0,0,0,0,0,32,91,0,0,0,0,0,20,0,0,0,0,0,1,114,
17,8739,אשדוד,70,52,4,0,580,352,5,347,1,87,0,0,0,0,3,0,0,0,0,0,0,0,0,23,114,0,0,0,3,1,26,1,0,0,0,0,0,88,
17,8740,אשדוד,70,53,70,0,696,463,1,462,10,6,0,0,0,0,34,0,0,0,0,0,0,0,0,48,200,1,0,0,4,0,61,0,0,0,0,0,0,98,
17,8741,אשדוד,70,54.1,40,0,635,425,1,424,12,6,0,0,0,0,18,0,0,0,0,0,0,0,0,25,243,0,0,0,6,0,47,0,0,0,0,0,0,67,
17,8742,אשדוד,70,54.2,40,0,635,439,0,439,3,13,0,0,0,0,9,1,0,0,0,0,0,0,0,69,199,0,0,0,5,0,72,1,0,0,0,0,0,67,
17,8743,אשדוד,70,54.3,40,0,635,437,2,435,3,3,0,1,0,0,16,0,0,0,0,0,0,0,0,58,220,0,0,0,3,0,74,1,0,0,0,0,0,56,
17,8744,אשדוד,70,54.4,40,0,635,400,1,399,10,3,1,0,0,0,13,0,0,0,0,0,0,0,0,83,189,1,0,0,3,0,56,0,0,1,0,0,0,39,
17,8745,אשדוד,70,55.1,45,0,599,432,1,431,7,4,0,0,0,0,8,1,0,0,0,0,0,0,0,54,228,1,1,0,4,0,48,0,0,0,0,0,0,75,
17,8746,אשדוד,70,55.2,45,0,599,418,4,414,4,4,0,0,0,0,23,0,0,0,1,0,0,0,0,107,184,0,0,0,2,0,40,0,0,0,1,0,0,48,
17,8747,אשדוד,70,55.3,45,0,599,405,2,403,3,4,0,0,0,0,16,0,0,0,0,0,0,0,0,99,201,0,0,0,0,0,40,0,1,0,0,0,0,39,
17,8748,אשדוד,70,55.4,45,0,599,405,4,401,1,9,0,1,0,0,7,1,0,0,0,0,0,0,0,104,203,0,0,0,2,0,35,0,0,0,0,0,0,38,
17,8749,אשדוד,70,55.5,45,0,596,373,1,372,5,1,1,0,0,0,9,0,0,1,0,0,0,0,0,140,128,0,0,0,3,0,57,0,0,0,0,0,0,27,
17,8750,אשדוד,70,57,70,0,610,381,0,381,6,10,0,0,0,0,10,0,0,0,0,0,0,0,1,38,193,0,0,0,4,1,58,0,0,0,0,0,0,60,
17,8751,אשדוד,70,58,1,0,644,403,3,400,4,65,0,0,0,0,6,0,0,0,0,0,0,0,0,158,79,0,0,0,1,0,31,0,0,0,0,0,1,55,
17,8752,אשדוד,70,59,1,0,492,369,2,367,2,177,0,0,0,0,0,0,0,0,0,0,0,0,0,14,65,0,0,0,1,1,7,0,1,0,0,0,0,99,
17,8753,אשדוד,70,60,79,0,727,490,4,486,1,241,0,0,0,0,8,0,0,0,0,0,0,0,1,19,54,0,0,0,2,0,13,0,0,0,0,0,0,147,
17,8754,אשדוד,70,61,71,0,537,257,2,255,5,3,0,0,0,0,6,0,0,0,0,0,0,0,0,42,119,0,0,0,2,1,31,0,0,0,0,0,0,46,
17,8755,אשדוד,70,62,78,0,547,360,2,358,2,85,0,0,0,0,2,0,0,0,0,0,0,0,0,11,31,0,0,0,2,0,7,0,0,0,0,0,0,218,
17,8756,אשדוד,70,63,1,0,589,411,1,410,3,110,0,0,0,0,3,0,0,0,0,0,0,0,0,25,90,0,0,0,1,0,12,0,0,0,0,0,0,166,
17,8757,אשדוד,70,66,22,0,567,386,2,384,8,6,0,0,0,0,12,0,0,0,0,0,0,0,0,40,212,0,0,0,0,0,56,0,0,0,0,0,0,50,
17,8758,אשדוד,70,67,17,0,550,330,2,328,4,6,0,0,0,0,10,0,0,0,0,0,0,1,0,54,162,0,0,0,2,0,39,0,0,0,0,0,0,50,
17,8759,אשדוד,70,68,66,0,605,359,4,355,12,2,3,0,0,0,7,0,0,0,0,0,0,0,0,60,174,2,0,0,1,0,61,0,0,0,0,0,0,33,
17,8760,אשדוד,70,69,79,0,624,405,2,403,6,147,0,0,0,0,5,0,0,0,0,0,0,0,0,43,96,0,0,0,0,0,25,0,0,0,0,0,0,81,
17,8761,אשדוד,70,70,24,0,578,324,1,323,3,27,0,0,0,0,4,0,0,0,0,0,0,0,0,50,128,0,0,0,3,0,33,1,0,0,0,0,0,74,
17,8763,אשדוד,70,72,27,0,453,246,5,241,1,3,0,0,0,0,5,0,0,0,0,0,0,0,0,33,109,2,0,0,1,0,35,0,0,0,0,0,0,52,
17,8764,אשדוד,70,73,18,0,464,287,3,284,1,122,0,0,0,0,3,0,0,0,0,0,0,0,0,16,70,0,0,1,1,0,13,0,0,0,0,0,0,57,
17,8765,אשדוד,70,74,27,0,606,374,2,372,6,39,0,0,0,0,8,0,0,0,0,0,0,0,2,23,184,0,0,0,1,0,30,0,0,0,0,0,0,79,
17,8766,אשדוד,70,75,24,0,700,398,7,391,2,84,0,0,1,0,7,0,0,0,0,0,0,0,0,32,120,0,0,0,0,0,33,1,0,0,0,0,0,111,
17,8767,אשדוד,70,76,17,0,682,398,2,396,11,27,0,0,0,0,25,0,0,0,0,0,0,0,1,33,174,0,0,0,0,0,47,0,0,0,0,0,0,78,
17,8768,אשדוד,70,77,17,0,598,353,1,352,2,10,0,1,0,0,8,0,0,0,0,0,0,0,0,77,159,1,1,0,0,0,61,0,0,0,0,0,0,32,
17,8769,אשדוד,70,80,22,0,478,265,1,264,5,3,0,0,0,0,2,0,0,0,0,0,0,1,0,52,136,0,0,0,1,0,34,0,0,1,0,0,0,29,
17,8770,אשדוד,70,81,22,0,647,428,3,425,18,4,1,1,1,0,17,0,0,0,0,0,0,0,0,56,174,0,0,0,0,0,94,0,0,0,0,0,0,59,
17,8771,אשדוד,70,82,46,0,587,352,3,349,10,7,0,0,0,0,7,0,0,0,0,0,1,0,0,36,178,0,0,0,2,0,59,0,0,0,0,0,0,49,
17,8772,אשדוד,70,83,15,0,689,407,1,406,9,5,0,0,0,0,22,0,0,0,0,0,0,0,0,46,173,0,1,2,0,0,65,0,0,0,0,0,0,83,
17,8773,אשדוד,70,84,15,0,585,365,1,364,4,6,0,0,0,0,16,0,0,0,0,0,0,0,0,26,213,0,0,0,1,0,34,0,0,0,0,0,0,64,
17,8774,אשדוד,70,85,15,0,606,335,4,331,14,3,0,0,0,0,11,0,0,0,0,0,0,0,0,38,179,0,0,0,1,0,48,0,0,0,1,0,0,36,
17,8775,אשדוד,70,86,46,0,706,429,10,419,3,16,0,0,0,0,7,0,0,0,0,0,1,0,1,62,197,0,1,0,1,0,62,0,1,1,0,0,1,65,
17,8776,אשדוד,70,87,28,0,497,327,0,327,11,0,0,0,0,0,11,0,0,0,0,0,0,0,0,16,169,0,0,0,3,0,81,0,0,0,0,0,0,36,
17,8777,אשדוד,70,88,16,0,621,319,3,316,7,2,1,0,0,0,9,0,0,0,0,0,0,0,0,68,130,0,0,0,0,0,72,1,0,0,0,0,0,26,
17,8778,אשדוד,70,89.1,47,0,609,389,1,388,9,1,0,0,0,0,19,0,0,0,0,0,0,0,0,8,220,0,0,0,0,0,78,0,0,0,0,0,0,53,
17,8779,אשדוד,70,89.2,47,0,609,378,1,377,20,2,0,1,0,0,10,0,0,0,0,0,0,0,0,25,144,0,0,0,0,0,113,0,0,0,0,0,0,62,
17,8780,אשדוד,70,89.3,47,0,609,395,1,394,21,4,0,0,0,0,20,0,0,0,0,0,0,1,1,31,153,0,0,0,0,0,131,0,0,0,0,0,0,32,
17,8781,אשדוד,70,89.4,47,0,609,394,3,391,20,1,0,0,0,0,13,0,0,0,0,0,0,0,0,34,169,0,0,0,0,0,116,0,0,0,0,0,0,38,
17,8782,אשדוד,70,89.5,47,0,609,384,0,384,17,3,0,0,0,0,20,0,0,0,0,0,0,0,0,49,129,0,0,0,1,0,143,0,0,0,0,0,0,22,
17,8783,אשדוד,70,90,26,0,577,371,2,369,8,8,2,1,0,0,24,0,0,0,0,0,0,0,0,38,161,0,0,0,3,0,99,2,0,0,0,0,0,23,
17,8784,אשדוד,70,91,10,0,666,399,5,394,8,3,0,0,0,0,11,0,0,0,0,0,0,0,0,59,183,0,0,0,1,0,75,0,0,0,1,1,0,52,
17,8785,אשדוד,70,92,26,0,615,377,0,377,18,6,0,0,0,0,13,0,0,0,0,0,1,0,0,36,175,0,1,0,3,0,90,0,0,0,1,0,0,33,
17,8786,אשדוד,70,93,16,0,583,368,4,364,11,7,1,0,0,0,12,0,0,0,0,0,0,0,0,49,170,0,0,0,1,0,61,0,0,1,0,0,0,51,
17,8787,אשדוד,70,94,7,0,473,308,6,302,2,40,0,0,0,0,3,0,0,0,0,0,0,0,0,37,100,0,0,0,3,0,28,0,0,0,0,0,0,89,
17,8788,אשדוד,70,95,7,0,524,279,3,276,4,43,0,0,0,0,3,0,0,0,0,0,0,0,0,41,104,1,0,0,0,0,19,0,0,0,0,0,0,61,
17,8789,אשדוד,70,96,55,0,652,433,1,432,10,25,0,0,0,0,10,0,0,0,0,0,0,1,0,138,153,0,0,0,1,0,54,0,0,0,0,0,0,40,
17,8790,אשדוד,70,97,7,0,505,260,0,260,5,17,0,0,0,0,3,0,0,1,0,0,0,0,0,76,91,0,0,0,1,0,17,0,0,0,0,0,0,49,
17,8791,אשדוד,70,98,14,0,701,477,3,474,6,203,0,0,0,0,6,0,0,0,0,0,0,0,0,4,162,0,0,3,0,0,23,0,0,0,0,0,0,67,
17,8792,אשדוד,70,99,51,0,610,379,1,378,15,3,0,0,0,0,8,0,0,0,0,0,0,0,1,57,131,0,0,0,1,0,42,0,0,0,0,0,0,120,
17,8793,אשדוד,70,100,26,0,570,332,5,327,11,1,0,0,0,0,11,0,0,0,0,0,0,0,0,38,139,0,0,0,2,0,96,0,1,0,0,0,0,28,
17,8794,אשדוד,70,101,55,0,673,493,2,491,4,20,0,0,0,0,1,0,0,0,0,0,0,0,0,290,99,1,1,0,1,0,56,0,0,1,0,0,0,17,
17,8795,אשדוד,70,102,48,0,535,349,3,346,7,1,0,0,0,0,9,0,0,0,0,0,0,0,0,58,159,1,0,0,2,0,80,0,0,0,0,0,0,29,
17,8796,אשדוד,70,103,48,0,634,429,1,428,12,7,0,1,0,0,12,0,0,0,0,0,0,0,0,41,214,1,0,0,0,0,104,0,0,0,0,0,0,36,
17,8797,אשדוד,70,104,9,0,526,322,1,321,10,2,0,0,0,0,19,0,0,0,0,0,0,0,0,23,150,0,0,0,0,0,99,0,0,0,0,0,0,18,
17,8798,אשדוד,70,105,9,0,689,414,1,413,21,3,0,0,0,0,13,0,0,0,0,0,0,0,1,49,194,0,0,0,2,0,93,0,0,0,0,0,0,37,
17,8799,אשדוד,70,108,63,0,655,453,7,446,9,7,0,0,0,0,11,0,0,0,0,0,0,0,0,125,154,0,0,0,0,0,109,0,0,0,0,0,0,31,
17,8800,אשדוד,70,109,80,0,438,290,3,287,3,3,0,0,0,0,13,0,0,0,0,0,0,0,0,43,132,0,0,0,0,0,63,0,0,0,0,0,0,30,
17,8801,אשדוד,70,111,15,0,663,370,3,367,5,6,0,0,0,0,11,0,0,0,0,0,0,0,0,39,183,0,0,0,0,0,68,0,0,0,0,0,0,55,
17,8802,אשדוד,70,112,15,0,650,404,1,403,15,5,1,1,0,0,20,1,0,0,0,0,0,0,0,41,200,1,0,0,1,0,87,0,0,0,0,0,0,30,
17,8803,אשדוד,70,113,9,0,506,344,2,342,15,4,0,0,0,0,9,0,0,0,0,0,0,0,0,8,140,0,0,0,0,0,145,0,0,0,0,0,0,21,
17,8804,אשדוד,70,114,63,0,456,297,0,297,5,5,0,0,0,0,17,0,0,0,0,0,0,0,0,30,142,0,0,0,0,0,66,0,0,0,0,0,0,32,
17,8805,אשדוד,70,115,14,0,717,566,0,566,5,420,0,0,0,0,4,0,0,0,0,0,0,0,0,27,52,0,0,0,4,0,14,0,0,0,0,0,0,40,
17,8806,אשדוד,70,116,10,0,744,502,3,499,7,13,2,1,0,0,18,0,0,0,0,0,0,0,0,63,255,0,0,0,0,0,105,0,0,0,0,0,0,35,
17,8807,אשדוד,70,117,10,0,686,407,6,401,6,2,0,1,0,0,11,0,0,0,0,0,0,0,1,33,204,0,0,0,0,0,103,0,0,0,0,0,0,40,
17,8808,אשדוד,70,118,69,0,601,372,0,372,2,2,0,0,0,0,13,0,0,0,0,0,0,0,0,110,118,0,0,0,2,0,65,0,1,0,0,0,0,59,
17,8809,אשדוד,70,119,38,0,541,358,6,352,11,1,0,0,0,0,21,0,0,0,0,0,0,0,0,47,167,0,0,0,2,0,73,0,0,0,0,0,0,30,
17,8810,אשדוד,70,120,48,0,510,355,1,354,13,3,0,0,0,0,12,0,0,0,0,0,0,0,0,46,140,1,0,0,1,0,107,0,0,0,0,0,0,31,
17,8811,אשדוד,70,121,52,0,597,458,0,458,8,2,0,1,0,0,20,0,0,0,0,0,0,0,0,18,220,2,0,0,2,0,126,0,0,0,0,0,0,59,
17,8812,אשדוד,70,122,64,0,774,567,1,566,18,6,0,0,0,0,27,0,0,0,0,0,0,0,0,29,290,0,0,0,1,0,156,2,0,0,0,0,0,37,
17,8813,אשדוד,70,123,52,0,682,479,1,478,20,0,0,0,0,0,22,0,0,0,0,0,0,0,0,14,219,0,0,0,1,0,152,0,0,0,0,0,0,50,
17,8814,אשדוד,70,124,41,0,518,332,6,326,5,6,0,0,0,0,7,0,0,0,0,0,0,0,0,133,85,0,0,0,1,0,82,0,0,0,0,0,0,7,
17,8815,אשדוד,70,125,37,0,562,370,5,365,3,6,0,1,0,0,4,0,0,0,0,0,0,0,0,199,73,0,0,0,0,0,75,1,0,0,0,0,0,3,
17,8816,אשדוד,70,126,41,0,511,388,2,386,11,4,0,0,1,0,24,0,0,0,0,0,0,0,0,40,186,0,0,0,3,0,42,0,0,0,0,0,0,75,
17,8817,אשדוד,70,127,37,0,613,466,1,465,4,21,1,0,0,0,22,0,0,0,0,0,0,0,1,35,174,0,0,0,0,0,62,0,0,0,0,0,0,145,
17,8818,אשדוד,70,129,37,0,777,619,2,617,2,149,0,0,0,0,26,0,0,0,0,0,0,0,0,7,141,0,0,0,3,0,28,0,0,0,0,0,0,261,
17,8819,אשדוד,70,130.1,39,0,612,461,0,461,7,11,0,0,0,0,34,0,0,0,0,0,0,0,0,54,160,1,0,0,2,0,61,0,0,0,0,0,0,131,
17,8820,אשדוד,70,130.2,39,0,612,408,2,406,10,20,1,0,0,0,23,0,0,0,0,0,0,0,0,70,146,0,0,0,3,0,66,0,0,0,0,0,0,67,
17,8821,אשדוד,70,130.3,39,0,612,405,1,404,5,31,0,0,0,0,28,0,0,0,0,0,0,0,0,61,119,0,0,0,2,0,39,0,0,0,0,0,0,119,
17,8822,אשדוד,70,130.4,39,0,611,403,1,402,6,30,0,1,0,0,10,1,0,0,0,0,0,0,0,117,116,0,0,0,3,0,51,0,0,0,0,0,0,67,
17,8823,אשדוד,70,131,29,0,633,403,3,400,18,1,1,0,0,0,9,0,0,0,0,0,0,0,0,155,128,0,0,0,1,0,64,0,1,0,0,1,0,21,
17,8824,אשדוד,70,132,29,0,589,377,2,375,2,1,0,0,0,0,3,0,1,0,0,0,0,0,0,179,120,0,0,0,2,0,58,0,0,0,0,0,0,9,
17,8825,אשדוד,70,133,29,0,566,340,0,340,2,2,1,0,0,0,11,1,0,0,0,0,0,0,0,106,110,0,0,0,1,0,71,0,0,0,0,0,0,35,
17,8826,אשדוד,70,134,44,0,672,459,5,454,9,1,1,1,0,0,20,0,0,0,0,0,0,0,0,189,153,1,0,0,1,0,56,0,0,1,0,0,1,20,
17,8827,אשדוד,70,135,44,0,530,342,3,339,4,1,0,0,0,0,12,0,0,0,0,0,0,0,0,99,122,0,0,0,1,0,67,0,0,1,0,0,0,32,
17,8828,אשדוד,70,136,23,0,729,478,4,474,10,1,0,0,0,0,4,0,0,0,0,0,0,0,0,215,110,3,0,0,0,0,125,2,0,0,0,0,0,4,
17,8829,אשדוד,70,137,23,0,529,350,5,345,4,0,0,0,0,0,3,0,0,0,0,0,0,0,0,160,101,0,0,0,0,0,68,0,0,0,0,0,0,9,
17,8830,אשדוד,70,138,91,0,554,361,0,361,10,2,0,0,0,0,16,0,0,0,0,1,0,0,1,103,145,0,1,0,0,0,63,0,0,0,0,0,0,19,
17,8831,אשדוד,70,139,60,0,590,391,4,387,7,0,0,0,0,0,8,1,0,0,0,0,0,0,0,114,137,0,0,0,1,0,95,0,0,0,0,0,0,24,
17,8832,אשדוד,70,140,53,0,613,374,1,373,3,2,0,0,0,0,4,0,0,0,0,0,0,0,0,174,83,0,0,0,0,0,91,0,0,1,0,0,0,15,
17,8833,אשדוד,70,141,68,0,694,610,3,607,0,520,0,0,0,0,4,0,0,0,0,0,0,0,0,1,2,0,0,0,0,0,2,0,0,0,0,0,0,78,
17,8834,אשדוד,70,142,53,0,584,395,4,391,6,0,0,0,0,0,10,0,0,0,0,0,0,0,0,149,112,0,0,0,4,0,78,0,0,0,0,0,0,32,
17,8835,אשדוד,70,143,23,0,571,361,4,357,5,1,0,0,0,0,3,0,0,0,0,0,0,0,0,158,117,0,0,0,0,1,69,0,0,0,0,0,0,3,
17,8836,אשדוד,70,144,23,0,673,402,11,391,1,2,0,1,0,0,8,0,0,0,0,0,0,0,0,210,97,1,0,0,0,0,65,0,0,0,0,0,0,6,
17,8837,אשדוד,70,145,42,0,575,373,6,367,1,1,1,1,0,0,7,0,0,0,0,0,0,0,1,188,94,0,0,0,1,0,71,0,0,0,0,0,0,1,
17,8838,אשדוד,70,146,60,0,602,397,3,394,6,5,0,1,0,0,9,0,0,0,0,0,0,0,0,167,123,0,0,0,3,0,68,2,0,0,0,0,0,10,
17,8839,אשדוד,70,147,42,0,724,455,5,450,10,2,1,0,0,0,6,0,0,0,0,0,0,0,0,205,119,0,0,0,0,0,94,0,0,0,0,0,0,13,
17,8840,אשדוד,70,148,53,0,702,458,8,450,10,1,0,1,0,0,5,1,0,0,0,0,0,0,0,191,128,0,0,0,0,0,97,0,0,0,0,0,0,16,
17,8841,אשדוד,70,149,60,0,721,522,3,519,19,3,1,1,0,0,11,0,0,0,0,0,0,0,0,128,191,0,0,0,3,0,130,1,0,0,0,0,0,31,
17,8842,אשדוד,70,150,60,0,734,492,0,492,14,7,0,1,0,0,16,0,0,0,0,0,0,0,0,158,162,0,0,0,1,0,104,0,0,0,0,0,0,29,
17,8843,אשדוד,70,151,29,0,559,341,2,339,5,1,1,0,0,0,2,0,0,0,0,0,0,0,0,153,113,0,0,1,0,0,56,0,0,1,0,0,0,6,
17,8844,אשדוד,70,152,91,0,629,411,1,410,4,10,0,0,0,0,14,0,0,0,0,0,0,0,0,105,151,0,0,0,2,0,76,0,0,0,0,0,0,48,
17,8845,אשדוד,70,153,44,0,529,314,4,310,3,1,0,0,0,0,3,0,0,0,0,0,0,0,0,120,99,0,0,0,1,0,59,0,2,0,0,0,0,22,
17,8846,אשדוד,70,154,30,0,585,404,3,401,11,2,0,0,0,0,16,0,0,0,0,0,0,0,0,108,155,0,0,0,0,0,72,0,0,0,0,0,0,37,
17,8847,אשדוד,70,155,61,0,659,461,3,458,10,3,0,1,0,0,36,0,0,0,0,0,0,0,0,113,167,0,0,0,6,0,74,0,0,0,0,0,0,48,
17,8848,אשדוד,70,156,44,0,605,342,0,342,7,2,1,1,0,0,6,0,0,0,0,0,0,0,0,172,104,0,0,0,1,0,41,0,0,0,0,0,0,7,
17,8849,אשדוד,70,157,42,0,723,461,2,459,9,4,0,0,0,0,16,0,0,0,0,0,0,0,0,107,198,0,0,0,1,0,86,0,1,0,0,0,0,37,
17,8850,אשדוד,70,158,30,0,584,385,4,381,8,2,0,0,0,0,6,0,0,0,0,0,0,0,0,145,135,0,0,0,0,0,61,0,0,0,0,0,0,24,
17,8851,אשדוד,70,159,69,0,657,424,2,422,8,7,1,1,0,0,6,0,0,0,0,0,0,0,0,156,143,1,0,0,1,0,52,0,0,1,0,0,0,45,
17,8852,אשדוד,70,160,55,0,629,406,4,402,2,66,0,0,0,0,3,0,0,0,0,0,1,0,0,79,141,0,0,0,2,0,46,0,0,0,0,0,0,62,
17,8853,אשדוד,70,161,51,0,688,452,2,450,7,1,0,0,0,0,5,0,0,0,0,0,0,0,0,185,138,0,0,0,0,0,80,2,0,0,0,0,0,32,
17,8854,אשדוד,70,162,14,0,742,672,1,671,0,595,0,0,0,0,2,0,0,0,0,0,0,0,0,5,19,0,0,0,0,0,3,0,0,0,0,0,0,47,
17,8855,אשדוד,70,163,58,0,610,450,0,450,10,10,0,0,0,0,23,0,0,0,0,0,0,0,0,78,200,1,0,0,2,0,82,0,0,0,0,2,0,42,
17,8856,אשדוד,70,164,57,0,615,416,2,414,14,2,0,0,0,0,8,0,0,0,0,0,0,0,0,62,216,0,0,0,0,0,79,0,0,0,0,0,0,33,
17,8857,אשדוד,70,165,59,0,612,396,2,394,6,11,0,0,0,0,7,0,0,0,0,0,0,0,0,118,156,0,0,0,0,0,66,1,0,0,0,0,0,29,
17,8858,אשדוד,70,166,56,0,640,398,2,396,11,1,0,0,0,0,8,0,0,0,0,0,0,0,0,72,180,0,1,0,1,0,94,0,1,0,0,0,0,27,
17,8859,אשדוד,70,167,59,0,707,464,0,464,2,4,0,0,0,0,11,0,0,0,0,0,0,0,0,114,173,0,0,0,0,0,94,0,0,0,0,0,0,66,
17,8860,אשדוד,70,168,57,0,604,402,1,401,5,3,0,0,0,0,12,0,0,0,0,0,0,0,0,110,172,0,0,0,2,0,68,0,0,0,0,0,0,29,
17,8861,אשדוד,70,169,56,0,544,378,0,378,9,4,1,1,0,0,5,0,0,0,0,0,0,0,0,112,119,0,0,0,0,0,104,0,0,1,0,0,0,22,
17,8862,אשדוד,70,170,38,0,499,346,2,344,18,4,0,0,0,0,8,0,0,0,0,0,0,0,0,20,153,0,0,0,2,0,113,0,0,0,0,0,0,26,
17,8863,אשדוד,70,171,56,0,539,364,2,362,3,21,0,0,0,0,7,0,0,0,0,0,0,0,0,112,130,0,0,0,3,0,52,0,0,0,0,0,0,34,
17,8864,אשדוד,70,172,48,0,612,422,4,418,10,7,0,0,0,0,8,0,0,0,0,0,0,0,0,20,235,0,0,0,0,0,84,0,0,0,0,0,0,54,
17,8865,אשדוד,70,173,38,0,661,448,2,446,12,7,0,0,0,0,14,0,0,0,0,0,0,0,1,109,173,1,0,0,4,0,96,0,0,0,0,0,1,28,
17,8866,אשדוד,70,174,9,0,575,366,1,365,24,3,0,1,0,0,14,0,0,0,0,0,0,0,0,20,178,0,0,0,2,0,92,0,0,0,0,0,0,31,
17,8867,אשדוד,70,175,9,0,565,380,0,380,17,2,0,0,0,0,6,0,0,0,0,0,0,0,0,22,191,0,0,0,0,0,105,0,0,0,0,0,0,37,
17,8868,אשדוד,70,176,86,0,695,503,3,500,10,4,1,0,0,0,16,0,0,0,0,0,0,0,0,104,210,0,0,0,0,0,110,0,0,0,0,0,0,45,
17,8869,אשדוד,70,178,38,0,530,349,0,349,22,3,0,0,0,0,5,0,0,0,0,0,0,0,0,53,136,0,0,0,6,0,83,0,0,0,0,0,0,41,
17,8870,אשדוד,70,179,63,0,673,450,1,449,13,5,0,0,0,0,18,0,0,0,0,0,0,0,0,76,204,0,0,0,3,1,80,0,0,0,0,2,0,47,
17,8871,אשדוד,70,180,68,0,758,660,5,655,0,519,0,0,0,0,0,0,0,0,0,0,0,0,0,0,12,0,0,0,0,0,0,0,0,0,0,0,0,124,
17,8872,אשדוד,70,181,68,0,600,550,2,548,0,527,0,0,0,0,1,0,0,0,0,0,0,0,0,1,3,0,0,0,0,0,0,0,0,0,0,0,0,16,
17,8873,אשדוד,70,182,68,0,687,624,1,623,0,463,0,0,0,0,2,0,0,0,0,0,0,0,0,0,7,0,0,0,0,0,1,0,0,0,0,0,0,150,
17,8874,אשדוד,70,183,54,0,773,677,3,674,0,639,0,0,0,0,0,0,0,0,0,0,0,0,0,0,1,0,0,0,0,0,0,0,0,0,0,0,0,34,
17,8875,אשדוד,70,184,74,0,661,578,1,577,0,403,0,0,0,0,9,0,0,0,0,0,0,0,0,0,9,0,0,0,1,0,1,0,0,0,0,0,0,154,
17,8876,אשדוד,70,185,74,0,612,528,1,527,0,257,0,0,0,0,1,0,0,0,0,0,0,0,0,0,30,0,0,0,4,0,5,0,0,0,0,0,0,230,
17,8877,אשדוד,70,186,74,0,660,602,1,601,0,506,0,0,0,0,2,0,0,0,0,0,0,0,0,0,3,0,0,0,2,0,0,0,0,0,0,0,0,88,
17,8878,אשדוד,70,187,74,0,753,669,0,669,1,526,0,0,0,0,0,0,0,0,0,0,0,0,0,0,10,0,0,0,1,0,0,0,0,0,0,0,0,131,
17,8879,אשדוד,70,188,58,0,542,384,3,381,12,4,0,0,0,0,11,0,0,0,0,0,0,0,0,116,157,0,0,0,1,0,62,0,0,0,0,0,0,18,
17,8880,אשדוד,70,189,37,0,530,329,2,327,6,1,0,0,0,0,5,0,0,0,0,0,0,0,0,181,73,0,0,0,4,0,44,0,1,0,0,0,0,12,
17,8881,אשדוד,70,190,41,0,589,351,0,351,6,2,2,0,0,0,6,0,0,0,0,0,0,0,0,165,87,0,0,0,2,0,63,0,0,0,0,0,0,18,
17,8882,אשדוד,70,192,37,0,582,376,3,373,3,7,0,1,0,0,4,0,0,0,0,0,0,0,0,145,92,0,0,0,0,0,61,0,0,0,0,0,0,60,
17,8883,אשדוד,70,193,41,0,539,313,0,313,0,4,0,0,0,0,9,1,0,0,0,0,0,0,1,151,76,0,0,0,0,0,59,0,1,0,0,0,0,11,
17,8884,אשדוד,70,195,54,0,688,592,2,590,1,178,0,0,0,0,0,0,0,0,0,0,0,0,0,0,22,0,0,0,1,0,0,0,0,0,0,0,0,388,
17,8885,אשדוד,70,196,51,0,640,442,2,440,2,0,0,0,0,0,6,0,0,0,0,0,0,0,0,213,131,1,0,0,0,0,68,0,0,0,0,0,0,19,
17,8886,אשדוד,70,197,7,0,554,399,3,396,5,6,0,0,0,0,7,0,0,0,0,0,0,0,0,142,115,0,0,0,2,0,66,1,0,0,0,0,0,52,
17,8887,אשדוד,70,198,64,0,677,482,1,481,12,2,0,1,0,0,18,0,0,0,0,0,0,0,0,60,230,0,0,0,1,0,117,0,0,0,0,0,0,40,
17,8888,אשדוד,70,199,52,0,453,303,0,303,15,3,0,0,0,0,15,0,0,0,0,0,0,0,0,6,146,0,0,0,3,0,82,0,0,0,0,0,0,33,
17,8889,אשדוד,70,200,52,0,571,402,0,402,19,2,0,0,0,0,17,0,0,0,0,0,0,0,0,23,173,1,0,0,1,0,121,0,0,0,0,0,1,44,
17,8890,אשדוד,70,201,52,0,658,462,1,461,15,3,0,0,0,0,22,0,0,0,0,0,0,0,0,12,251,0,0,0,6,0,101,0,0,0,0,0,0,51,
17,8891,אשדוד,70,202,64,0,628,451,2,449,5,6,1,0,0,0,23,0,0,0,0,0,0,0,0,51,217,2,0,0,1,0,103,0,0,0,0,0,0,40,
17,8892,אשדוד,70,203,64,0,717,546,1,545,23,4,1,0,0,0,20,0,0,0,0,0,0,0,0,56,248,0,0,0,2,0,141,0,0,0,0,0,0,50,
17,8893,אשדוד,70,204,87,0,595,381,2,379,13,3,0,0,0,0,18,0,0,0,0,0,0,0,0,53,147,0,0,0,0,0,116,0,0,0,0,0,0,29,
17,8894,אשדוד,70,205,46,0,537,358,4,354,9,5,0,0,0,0,13,0,0,0,0,0,0,0,0,31,162,0,0,0,1,0,73,0,0,0,0,0,0,60,
17,8895,אשדוד,70,206,17,0,567,338,1,337,3,4,2,0,0,0,6,0,0,0,0,0,0,0,0,65,170,1,0,0,1,0,37,0,0,0,0,0,0,48,
17,8896,אשדוד,70,207,28,0,526,354,0,354,16,5,0,0,0,0,27,0,0,0,0,0,0,0,0,37,161,0,0,0,3,0,61,0,0,0,0,0,0,44,
17,8897,אשדוד,70,210,5,0,553,311,1,310,0,92,0,1,0,0,2,0,0,0,0,0,0,0,0,19,81,0,0,0,1,0,21,0,0,0,0,0,0,93,
17,8898,אשדוד,70,211,79,0,641,451,1,450,4,8,1,0,0,0,12,0,0,0,0,0,0,0,0,70,177,0,0,0,2,0,39,0,0,0,0,0,0,137,
17,8899,אשדוד,70,212,8,0,535,451,0,451,0,307,0,0,0,0,1,0,0,0,0,0,0,0,0,0,2,0,0,0,1,0,0,0,0,0,0,0,0,140,
17,8900,אשדוד,70,213,1,0,531,362,4,358,2,13,1,0,0,0,7,0,0,0,0,0,0,0,0,176,101,0,0,1,2,0,27,0,0,0,0,0,0,28,
17,8901,אשדוד,70,214,97,0,558,368,4,364,7,7,0,0,0,0,13,0,0,0,0,0,1,0,0,96,149,0,0,0,1,1,62,0,0,0,0,0,0,27,
17,8902,אשדוד,70,215,75,0,581,306,1,305,6,10,0,0,0,0,7,0,0,0,0,1,1,0,0,49,136,0,0,0,0,0,45,0,0,0,0,0,0,50,
17,8903,אשדוד,70,216,72,0,746,523,1,522,10,4,1,0,0,0,16,0,0,0,0,0,0,0,2,129,213,0,0,0,0,0,115,0,1,1,0,0,1,29,
17,8904,אשדוד,70,217,72,0,701,501,3,498,5,5,0,0,0,0,16,0,0,0,0,0,0,0,0,118,201,0,0,0,1,0,107,0,0,0,0,0,0,45,
17,8905,אשדוד,70,218,73,0,550,379,2,377,6,0,0,1,0,0,11,0,0,0,0,0,0,0,0,49,198,0,0,0,1,0,74,0,0,0,0,0,0,37,
17,8906,אשדוד,70,219,73,0,648,477,5,472,14,3,0,0,0,0,27,0,0,0,0,0,0,0,0,63,251,0,0,0,1,0,73,0,0,0,0,0,0,40,
17,8907,אשדוד,70,220,73,0,634,469,2,467,3,5,0,0,0,0,19,0,0,0,0,1,0,0,0,72,206,0,1,0,1,0,99,0,0,0,0,0,1,59,
17,8908,אשדוד,70,221,73,0,612,438,4,434,9,3,2,0,0,0,12,0,0,0,0,0,0,0,0,88,214,0,0,0,4,0,62,0,0,0,0,0,0,40,
17,8909,אשדוד,70,222,72,0,792,568,1,567,5,7,0,0,0,0,23,0,0,0,0,0,0,0,0,44,305,0,0,0,1,0,93,0,0,0,0,0,0,89,
17,8910,אשדוד,70,223,10,0,505,347,0,347,19,2,0,0,0,0,14,0,0,0,0,0,0,0,0,11,164,0,0,0,0,0,100,0,0,0,0,0,0,37,
17,8911,אשדוד,70,224,72,0,717,523,4,519,7,8,0,0,0,0,21,0,0,0,0,0,0,0,0,34,263,0,0,0,2,1,62,0,0,0,0,0,0,121,
17,8912,אשדוד,70,225,85,0,634,492,1,491,15,4,0,2,0,0,33,0,0,0,0,0,0,0,0,51,225,0,0,0,3,0,95,0,0,0,0,0,0,63,
17,8913,אשדוד,70,226,72,0,686,475,5,470,5,3,0,0,0,0,22,0,0,0,0,0,0,0,0,82,219,1,0,0,2,0,84,0,0,0,1,1,0,50,
17,8914,אשדוד,70,227,58,0,747,503,2,501,11,3,0,1,0,0,7,0,0,0,0,0,0,0,0,137,214,0,0,0,0,0,88,1,0,0,0,0,0,39,
17,8915,אשדוד,70,228,59,0,550,304,3,301,7,7,0,0,0,0,11,0,0,0,0,0,0,0,0,42,153,0,0,0,0,0,49,0,0,0,0,0,0,32,
17,8916,אשדוד,70,229,59,0,545,340,1,339,1,4,0,0,0,0,14,0,0,0,0,0,0,0,0,91,134,0,0,0,0,0,75,0,0,0,0,0,0,20,
17,8917,אשדוד,70,230,58,0,600,399,3,396,3,2,0,0,0,0,16,0,0,0,0,0,0,0,0,102,162,0,0,0,6,0,66,0,0,0,0,0,0,39,
17,8918,אשדוד,70,231,57,0,633,414,6,408,8,3,0,0,0,0,13,0,0,0,1,0,0,0,0,49,244,0,0,0,0,0,66,0,1,0,0,0,0,23,
17,8919,אשדוד,70,232,56,0,510,318,0,318,7,3,0,0,0,0,4,0,0,0,0,0,0,0,0,48,164,0,0,0,1,0,50,0,0,0,0,0,0,41,
17,8920,אשדוד,70,233,58,0,715,433,2,431,0,2,6,0,0,0,3,0,0,0,0,0,0,0,0,104,187,0,0,0,1,0,88,0,0,0,0,0,1,39,
17,8921,אשדוד,70,234,57,0,596,410,1,409,8,1,1,1,0,0,16,0,0,0,0,0,0,0,0,89,181,0,0,0,2,0,91,0,0,0,0,0,0,19,
17,8922,אשדוד,70,236,22,0,512,366,6,360,6,0,0,1,0,0,13,0,0,0,0,0,0,0,0,58,167,0,0,0,1,0,78,0,0,0,0,0,0,36,
17,8923,אשדוד,70,237,86,0,642,433,2,431,8,4,0,0,0,0,21,0,0,0,0,0,0,0,0,59,209,0,0,0,1,0,71,0,0,0,0,0,0,58,
17,8924,אשדוד,70,238,73,0,672,510,3,507,10,6,0,0,0,0,28,0,0,0,0,0,0,0,0,56,244,1,0,0,2,0,113,0,0,0,0,0,0,47,
17,8925,אשדוד,70,239,63,0,515,338,1,337,15,3,0,1,0,0,9,0,0,0,0,0,0,0,0,49,139,0,0,0,0,0,79,0,0,0,0,0,0,42,
17,8926,אשדוד,70,240,89,0,579,407,4,403,10,4,1,0,0,0,14,0,1,0,0,0,0,0,0,53,182,0,0,0,0,0,98,0,0,0,0,0,0,40,
17,8927,אשדוד,70,241,64,0,692,517,2,515,22,0,0,1,0,0,18,0,0,0,0,0,0,0,0,60,221,0,0,0,0,0,153,0,0,0,0,0,0,40,
17,8928,אשדוד,70,242,89,0,687,517,0,517,10,2,1,0,0,0,23,0,0,0,0,0,0,0,0,31,253,0,0,0,2,0,139,0,0,0,1,0,0,55,
17,8929,אשדוד,70,243,87,0,740,522,3,519,4,4,0,0,0,0,30,0,0,0,0,0,0,0,0,19,314,0,0,0,2,0,86,0,0,0,0,0,0,60,
17,8930,אשדוד,70,244,85,0,597,406,1,405,2,2,0,0,0,0,17,0,0,0,0,0,0,0,0,44,223,0,0,0,3,0,70,0,0,0,0,0,0,44,
17,8931,אשדוד,70,245,85,0,594,449,2,447,8,2,0,0,1,0,31,0,0,0,0,0,0,0,0,42,212,0,0,0,3,0,94,0,0,0,0,0,0,54,
17,8932,אשדוד,70,246,14,0,612,501,2,499,0,391,0,0,0,0,0,0,0,0,0,0,0,0,0,3,48,0,0,0,1,0,9,0,0,0,0,0,0,47,
17,8933,אשדוד,70,247,48,0,582,372,0,372,14,2,0,1,0,0,10,0,0,0,0,0,0,0,0,42,188,1,0,0,1,0,69,0,1,0,0,0,0,43,
17,8934,אשדוד,70,248,6,0,647,176,0,176,3,7,1,1,0,0,0,0,0,0,0,1,0,0,0,34,76,0,0,0,3,0,21,0,0,0,0,0,0,29,
17,8935,אשדוד,70,249,12,0,522,407,5,402,2,43,0,1,0,0,5,0,0,0,0,0,0,0,0,42,99,0,0,0,1,0,20,0,0,0,0,0,0,189,
17,8936,אשדוד,70,250,21,0,534,216,5,211,1,4,0,0,0,0,2,0,0,0,0,0,0,0,1,52,98,0,0,0,1,0,23,0,0,0,0,0,1,28,
17,8937,אשדוד,70,251,76,0,568,400,1,399,8,2,1,0,0,0,9,0,0,0,0,0,0,0,0,72,186,0,0,0,0,0,82,0,0,0,0,0,0,39,
17,8938,אשדוד,70,252,70,0,491,361,1,360,3,6,0,0,0,0,20,0,0,0,0,0,0,0,0,19,203,0,0,0,0,0,42,0,0,0,0,0,0,67,
17,8939,אשדוד,70,253,78,0,533,400,2,398,1,194,0,0,0,0,1,0,0,0,0,0,0,0,0,2,26,0,0,0,2,0,5,1,0,0,0,0,0,166,
17,8940,אשדוד,70,254,59,0,607,365,3,362,11,1,0,0,0,0,10,0,0,0,0,0,0,0,0,42,182,0,0,0,0,0,57,0,0,0,0,0,0,59,
17,8941,אשדוד,70,256,86,0,540,352,4,348,7,5,0,0,0,0,14,0,0,0,0,0,0,0,0,48,166,0,0,0,0,0,72,0,0,0,0,0,0,36,
17,8942,אשדוד,70,260,87,0,746,563,1,562,19,2,0,0,0,0,24,0,0,0,0,0,0,0,0,24,304,1,0,0,2,0,137,0,0,0,0,0,0,49,
17,8943,אשדוד,70,261,73,0,568,395,4,391,3,4,0,0,0,0,9,0,0,0,0,0,0,0,0,73,185,1,0,0,2,0,87,0,0,0,0,0,0,27,
17,8944,אשדוד,70,264,57,0,581,420,7,413,12,4,1,0,0,0,19,0,0,0,0,0,0,0,0,68,183,2,0,0,1,0,76,0,0,0,0,0,0,47,
17,8945,אשדוד,70,265,74,0,682,590,1,589,0,495,0,0,0,0,0,0,0,0,0,0,0,0,0,0,4,0,0,0,5,0,0,0,0,0,0,0,0,85,
17,8946,אשדוד,70,266,80,0,499,359,0,359,5,2,0,0,0,0,10,0,0,0,0,0,0,0,0,42,178,0,0,0,1,0,83,0,0,0,0,0,0,38,
17,8947,אשדוד,70,270,80,0,401,279,1,278,8,0,0,0,0,0,6,0,0,0,0,0,0,0,0,43,124,0,0,0,2,0,66,0,0,0,0,0,0,29,
17,8948,אשדוד,70,272,5,0,645,577,2,575,0,530,0,0,0,0,0,0,0,0,0,0,0,0,0,0,3,0,0,0,0,0,0,0,0,0,0,0,0,42,
17,8949,אשדוד,70,273,54,0,687,637,2,635,0,497,0,0,0,0,3,0,0,0,0,0,0,0,0,0,15,0,0,0,0,0,0,0,0,0,0,0,0,120,
17,8950,אשדוד,70,274,56,0,684,450,3,447,2,5,0,1,0,0,10,0,0,0,0,0,0,0,0,216,116,0,0,0,3,0,67,0,1,1,0,0,0,25,
17,8951,אשדוד,70,275,86,0,765,541,4,537,10,4,0,0,0,0,17,0,0,0,0,0,1,0,0,87,230,0,0,0,3,0,103,0,0,0,0,0,0,82,
17,8952,אשדוד,70,276,72,0,599,405,1,404,6,0,1,0,0,0,10,0,0,0,0,0,0,0,0,71,186,1,0,0,2,0,58,0,0,0,0,0,0,69,
17,8953,אשדוד,70,277,87,0,760,548,1,547,11,0,0,0,0,0,28,0,0,0,0,0,0,0,0,21,304,0,0,0,0,0,124,0,0,0,0,0,0,59,
17,8954,אשדוד,70,278,10,0,587,361,0,361,17,0,0,0,0,0,9,0,0,0,0,0,0,0,0,25,213,0,0,0,0,0,62,0,0,0,0,0,0,35,
17,8955,אשדוד,70,279,15,0,626,390,4,386,12,7,0,0,0,0,17,0,0,0,0,0,0,0,0,46,173,0,0,0,5,0,73,0,2,0,0,0,0,51,
17,8956,אשדוד,70,280,58,0,514,354,0,354,7,2,0,0,0,0,7,0,0,0,0,0,0,0,0,89,148,1,0,1,0,0,76,0,0,0,0,0,0,23,
17,8957,אשדוד,70,281,92,0,747,586,5,581,17,2,0,0,0,0,32,0,0,0,0,0,0,0,0,80,248,0,0,0,0,0,138,0,0,0,0,0,0,64,
17,8958,אשדוד,70,282,92,0,566,431,1,430,5,0,0,2,0,0,18,0,0,0,0,0,0,0,0,37,195,0,0,0,2,0,120,0,0,0,0,0,0,51,
17,8959,אשדוד,70,283,9,0,463,314,0,314,9,4,1,0,0,0,11,0,0,0,0,0,0,0,0,24,153,0,0,0,3,0,75,0,0,0,0,0,0,34,
17,8960,אשדוד,70,284,68,0,603,529,4,525,0,500,0,0,0,0,2,0,0,0,0,0,0,0,0,0,3,0,0,0,0,0,0,0,0,0,0,0,0,20,
17,8961,אשדוד,70,285,88,0,505,246,3,243,7,1,1,0,0,0,2,0,0,0,0,0,1,0,1,49,109,1,0,0,0,1,32,0,0,0,0,0,0,38,
17,8962,אשדוד,70,286,68,0,562,505,2,503,0,391,0,0,0,0,1,0,0,0,0,0,0,0,0,0,4,0,0,0,2,0,0,0,0,0,0,0,0,105,
17,8963,אשדוד,70,287,92,0,663,498,2,496,6,8,0,3,0,0,13,0,0,0,0,0,0,0,0,83,223,0,0,0,1,0,111,0,0,0,0,0,0,48,
17,8964,אשדוד,70,288,92,0,651,500,0,500,9,7,0,0,0,0,16,0,0,0,0,0,0,0,0,42,261,0,0,0,2,0,94,0,0,0,0,0,0,69,
17,8965,אשדוד,70,289,89,0,700,527,1,526,18,1,0,0,0,0,23,0,0,0,0,0,0,0,0,51,237,1,0,0,4,0,152,0,0,0,0,0,0,39,
17,8966,אשדוד,70,290,41,0,483,354,2,352,7,6,0,0,0,0,39,0,0,0,0,0,0,0,0,33,149,0,0,0,3,0,44,0,0,0,0,0,0,71,
17,8967,אשדוד,70,291,7,0,537,369,2,367,1,27,1,0,0,0,7,0,0,0,0,0,0,0,0,80,123,1,0,0,0,0,37,0,0,0,0,0,0,90,
17,8968,אשדוד,70,292,7,0,553,358,2,356,1,2,0,0,0,0,7,0,0,0,0,0,0,0,0,146,104,0,0,0,0,0,70,0,0,0,0,0,0,26,
17,8969,אשדוד,70,293,10,0,541,296,7,289,7,1,0,0,0,0,10,0,0,0,0,0,0,0,0,12,161,0,0,0,1,0,50,0,0,0,0,0,0,47,
17,8970,אשדוד,70,294,89,0,606,414,3,411,16,2,0,0,0,0,6,0,0,1,0,0,0,0,0,56,175,0,0,0,2,0,114,0,0,1,0,0,0,38,
17,8971,אשדוד,70,295,92,0,686,501,1,500,5,1,0,1,0,0,12,0,0,0,0,0,0,0,0,88,229,0,0,0,4,0,128,0,0,0,0,0,0,32,
17,8972,אשדוד,70,296,54,0,601,525,1,524,0,235,0,0,0,0,4,0,0,0,0,0,0,0,0,0,15,0,0,0,2,0,0,0,0,0,0,0,0,268,
17,8973,אשדוד,70,297,80,0,583,417,4,413,9,2,0,1,0,0,6,0,0,0,0,0,0,0,0,32,228,0,0,0,1,0,96,0,0,0,0,0,0,38,
17,8974,אשדוד,70,298,58,0,684,515,2,513,7,5,0,1,0,0,23,0,0,0,0,0,0,0,0,123,221,0,0,0,2,0,97,0,0,1,0,0,0,33,
17,8975,אשדוד,70,299,80,0,635,483,6,477,13,2,0,0,0,0,21,0,1,0,0,0,0,0,0,38,241,0,0,0,0,0,95,1,0,0,0,0,0,65,
17,8976,אשדוד,70,300,5,0,481,409,1,408,0,34,0,0,0,0,3,0,0,0,0,0,0,0,0,0,9,0,0,0,1,0,0,0,0,0,0,0,0,361,
17,8977,אשדוד,70,301,85,0,582,413,2,411,10,1,0,1,0,0,23,0,0,0,0,0,0,0,0,43,197,1,0,0,3,0,76,1,0,0,0,0,0,55,
17,8978,אשדוד,70,952,10,0,740,476,2,474,7,2,0,0,0,0,12,0,0,0,0,0,0,0,0,27,243,0,0,0,0,0,126,0,0,0,0,0,0,57,
17,8979,אשדוד,70,953,58,0,649,455,2,453,8,6,1,0,0,0,10,0,0,0,0,0,0,0,0,76,229,0,0,0,0,0,89,0,0,0,0,0,0,34,
17,8980,אשדוד,70,954,85,0,602,445,0,445,7,4,0,0,1,0,17,0,0,0,0,0,0,0,0,63,215,0,0,0,3,0,77,0,0,0,0,0,0,58,
17,8981,אשדוד,70,955,92,0,791,604,4,600,9,2,0,0,0,0,24,0,0,0,0,0,0,0,0,95,265,0,0,0,1,0,154,0,0,0,0,0,0,50,
17,8500,אשקלון,7100,1,46,0,604,288,3,285,2,3,2,0,0,0,8,0,0,0,0,0,0,2,0,102,113,0,0,0,0,0,26,0,1,2,0,0,0,24,
17,8501,אשקלון,7100,2,46,0,509,322,6,316,6,3,0,0,0,0,4,0,0,0,0,0,0,0,0,72,138,0,0,0,1,0,56,0,0,0,0,1,0,35,
17,8502,אשקלון,7100,3,92,0,663,429,2,427,7,7,0,0,0,0,15,0,0,0,0,0,0,0,0,44,200,0,0,0,4,0,59,0,0,0,0,0,0,91,
17,8503,אשקלון,7100,4,76,0,644,419,1,418,7,4,0,0,0,0,7,0,0,0,0,0,0,0,0,101,202,0,0,0,0,0,59,0,0,0,0,0,0,38,
17,8504,אשקלון,7100,5,68,0,615,460,4,456,5,6,0,0,0,0,25,0,0,0,0,0,0,0,0,51,256,0,0,0,6,0,66,0,0,0,0,1,0,40,
17,8505,אשקלון,7100,6,46,0,615,386,3,383,6,3,0,0,0,0,8,0,0,0,0,0,0,0,0,74,190,1,0,0,3,0,48,0,0,0,0,0,0,50,
17,8506,אשקלון,7100,7,70,0,502,304,0,304,1,7,0,0,0,0,5,0,0,0,0,0,0,0,0,22,194,0,0,0,4,0,20,0,0,0,0,0,0,51,
17,8507,אשקלון,7100,8,70,0,642,401,1,400,4,10,1,0,0,0,8,0,0,0,0,0,1,0,0,41,248,0,0,0,2,0,18,0,0,0,0,0,0,67,
17,8508,אשקלון,7100,9,6,0,534,340,3,337,2,13,0,0,0,0,6,0,0,0,0,0,0,0,0,31,208,0,0,0,2,0,23,0,0,1,0,0,0,51,
17,8509,אשקלון,7100,10,22,0,513,302,4,298,5,7,0,0,0,0,6,0,0,0,0,0,0,0,0,108,117,0,0,0,0,0,35,0,0,0,0,0,0,20,
17,8510,אשקלון,7100,11,22,0,707,473,4,469,3,7,0,0,0,0,6,0,0,0,0,0,0,0,0,245,144,0,0,0,4,0,47,0,0,0,0,0,0,13,
17,8511,אשקלון,7100,12,48,0,739,517,4,513,7,9,0,2,0,0,23,0,0,0,0,0,0,0,2,109,254,0,0,0,2,0,66,0,0,0,0,0,0,39,
17,8512,אשקלון,7100,13,11,0,584,400,4,396,6,24,1,1,0,0,26,0,0,0,0,0,0,0,0,6,207,0,0,0,4,0,32,0,0,0,0,0,0,89,
17,8513,אשקלון,7100,14,21,0,688,402,7,395,5,12,0,0,0,0,14,0,0,0,0,0,0,0,0,35,204,1,0,1,2,0,37,2,0,0,0,0,0,82,
17,8514,אשקלון,7100,15,21,0,520,407,3,404,5,12,0,0,0,0,15,0,0,0,0,0,0,0,0,9,233,0,0,0,9,0,27,0,0,0,0,0,0,94,
17,8515,אשקלון,7100,16,22,0,496,289,2,287,6,3,0,0,0,0,3,0,0,0,0,0,0,0,0,114,94,0,0,0,2,0,50,1,0,0,0,0,0,14,
17,8516,אשקלון,7100,17,22,0,491,278,5,273,4,4,0,1,0,0,2,0,0,0,0,0,0,0,1,110,104,0,0,0,1,0,33,0,0,2,0,0,1,10,
17,8517,אשקלון,7100,18,3,0,623,405,2,403,2,10,1,0,0,0,11,0,0,0,0,0,0,0,0,23,205,0,0,0,1,0,32,0,0,0,0,0,0,118,
17,8518,אשקלון,7100,19,3,0,551,362,3,359,6,12,0,0,0,0,9,0,0,0,0,0,0,0,0,9,199,0,0,0,1,0,28,0,0,0,0,0,0,95,
17,8519,אשקלון,7100,20,3,0,619,441,0,441,9,18,0,0,0,0,35,0,0,0,0,0,0,0,0,5,256,0,0,0,3,0,26,0,0,0,0,0,1,88,
17,8520,אשקלון,7100,21,11,0,627,439,2,437,7,7,0,0,0,0,16,0,0,0,0,0,0,0,0,12,239,0,0,0,2,0,23,0,0,1,0,0,0,130,
17,8521,אשקלון,7100,22,11,0,585,388,6,382,5,10,1,0,0,0,16,0,0,0,0,0,0,0,1,35,186,1,0,0,5,0,21,0,0,0,0,0,0,101,
17,8522,אשקלון,7100,23,85,0,661,352,6,346,2,6,0,0,0,0,2,1,0,0,0,0,0,0,0,163,122,0,0,1,2,0,23,0,0,0,1,0,3,20,
17,8523,אשקלון,7100,24,28,0,677,338,6,332,8,4,0,0,0,0,0,0,0,0,0,0,0,0,0,66,179,0,0,0,1,0,35,0,1,0,2,0,0,36,
17,8524,אשקלון,7100,25,21,0,616,405,2,403,4,8,0,1,0,0,16,0,0,0,0,1,0,0,0,16,248,0,0,0,1,0,22,0,0,0,0,0,0,86,
17,8525,אשקלון,7100,26,26,0,536,256,2,254,4,7,1,0,0,0,3,0,0,0,0,2,0,0,0,52,122,0,0,0,2,0,11,0,0,0,0,0,1,49,
17,8526,אשקלון,7100,27,24,0,520,259,5,254,0,6,0,1,0,0,3,0,0,0,0,0,0,0,2,114,97,0,0,0,1,0,19,0,0,0,0,0,0,11,
17,8527,אשקלון,7100,28,8,0,423,206,3,203,1,2,1,0,0,0,1,0,0,0,0,0,0,0,0,59,95,0,0,0,2,0,25,0,0,0,0,0,0,17,
17,8528,אשקלון,7100,29,24,0,561,284,6,278,4,5,0,0,0,0,3,0,0,0,0,0,0,0,0,37,156,0,0,0,4,0,27,0,0,0,0,1,0,41,
17,8529,אשקלון,7100,30,2,0,475,248,1,247,6,6,0,0,0,0,3,0,0,0,0,0,0,0,0,40,123,0,0,0,3,0,33,0,0,0,0,0,0,33,
17,8530,אשקלון,7100,31,26,0,729,434,5,429,9,6,0,1,0,0,9,0,0,0,0,0,0,0,0,139,191,0,0,0,1,0,39,0,0,0,0,0,0,34,
17,8531,אשקלון,7100,32,2,0,499,274,0,274,4,9,3,0,0,0,2,0,0,0,0,0,0,0,0,57,112,0,0,0,2,0,33,0,0,0,0,0,0,52,
17,8532,אשקלון,7100,33,10,0,693,362,1,361,4,7,1,0,0,0,12,0,0,0,0,0,0,0,0,42,180,0,0,0,1,0,26,0,0,1,0,0,0,87,
17,8533,אשקלון,7100,34,25,0,587,268,5,263,3,3,0,1,0,0,4,0,0,0,0,0,0,0,0,69,135,0,0,0,4,0,23,0,0,0,0,0,0,21,
17,8534,אשקלון,7100,35,2,0,477,283,1,282,1,6,1,0,0,0,9,0,0,0,0,0,0,0,0,24,154,1,0,0,4,0,28,0,0,1,1,0,0,52,
17,8535,אשקלון,7100,36,10,0,594,292,2,290,4,2,0,0,2,0,6,0,0,0,0,0,0,0,0,41,140,0,0,0,2,0,24,0,0,0,0,0,0,69,
17,8536,אשקלון,7100,37,85,0,568,280,5,275,2,2,1,0,0,0,1,0,0,0,0,0,0,0,0,92,118,0,0,0,9,0,29,0,0,0,0,0,0,21,
17,8537,אשקלון,7100,38,25,0,592,266,2,264,2,2,0,0,0,0,5,0,0,0,0,0,0,0,0,67,131,0,0,0,0,0,20,0,0,0,0,0,0,37,
17,8538,אשקלון,7100,39,28,0,615,316,5,311,2,5,0,0,0,0,1,0,0,0,0,0,0,0,0,66,175,1,0,0,2,0,31,1,0,2,0,0,0,25,
17,8539,אשקלון,7100,40,29,0,561,408,3,405,27,4,0,0,0,0,40,0,0,0,0,0,0,0,0,3,160,1,0,0,2,0,141,0,0,0,0,0,0,27,
17,8540,אשקלון,7100,41,30,0,566,390,0,390,10,4,0,0,0,0,30,0,0,0,0,0,0,0,0,27,206,1,0,0,2,0,72,0,0,0,0,0,0,38,
17,8541,אשקלון,7100,42,31,0,582,408,0,408,22,3,0,0,0,0,26,0,0,0,0,0,0,0,0,14,177,2,0,0,3,0,140,0,0,0,0,0,0,21,
17,8542,אשקלון,7100,43,13,0,603,365,1,364,14,4,0,0,0,0,34,0,0,0,0,0,0,0,0,19,164,0,0,0,4,0,108,0,0,0,0,0,0,17,
17,8543,אשקלון,7100,44,32,0,681,416,0,416,25,4,0,0,0,0,30,1,0,0,0,0,0,0,0,19,224,1,0,0,0,0,93,0,0,0,0,0,0,19,
17,8544,אשקלון,7100,45,31,0,580,390,0,390,23,9,0,0,0,0,42,0,0,0,0,0,0,0,0,5,158,1,0,1,3,0,127,0,0,0,0,0,0,21,
17,8545,אשקלון,7100,46,34,0,772,478,5,473,8,14,0,2,0,0,28,0,0,0,0,0,0,0,0,40,258,0,0,0,1,0,64,0,0,0,0,1,0,57,
17,8546,אשקלון,7100,47,7,0,530,330,1,329,9,3,0,0,0,0,9,0,0,0,0,0,0,0,0,20,175,2,0,0,2,0,88,0,0,0,0,0,0,21,
17,8547,אשקלון,7100,48,91,0,513,364,5,359,10,6,0,2,0,0,28,0,0,0,0,0,0,0,0,21,183,0,0,0,0,0,87,0,0,0,0,0,0,22,
17,8548,אשקלון,7100,49,32,0,664,253,0,253,5,4,4,0,0,0,4,1,0,0,0,1,0,0,0,77,112,0,0,0,0,0,40,0,0,0,0,0,0,5,
17,8549,אשקלון,7100,50,7,0,691,468,1,467,12,6,0,0,0,0,30,0,0,0,0,0,0,0,0,20,220,0,1,0,0,0,148,0,0,0,0,0,0,30,
17,8550,אשקלון,7100,51,32,0,587,235,7,228,11,5,2,0,0,0,5,0,0,0,0,0,0,0,0,58,90,0,0,0,0,0,48,0,0,0,0,0,0,9,
17,8551,אשקלון,7100,52,31,0,715,456,2,454,27,3,1,0,0,0,20,0,0,0,0,0,0,0,0,18,226,0,0,0,3,0,131,0,0,0,0,0,0,25,
17,8552,אשקלון,7100,53,37,0,646,291,3,288,9,2,0,0,0,0,23,0,0,0,0,0,0,0,0,25,144,0,0,0,2,0,61,0,0,0,0,0,0,22,
17,8553,אשקלון,7100,54,23,0,420,252,1,251,7,2,3,1,0,0,12,0,0,0,0,0,0,0,0,10,148,0,0,0,1,0,35,0,0,0,0,0,1,31,
17,8554,אשקלון,7100,55,9,0,536,297,3,294,5,4,0,0,0,0,4,0,0,0,0,0,0,0,0,49,161,0,0,0,2,0,31,0,0,0,0,0,0,38,
17,8555,אשקלון,7100,56,14,0,531,346,2,344,4,29,0,0,0,0,16,0,0,0,0,0,0,0,0,21,136,1,0,0,5,0,18,0,0,0,0,0,0,114,
17,8556,אשקלון,7100,57,44,1,675,445,1,444,27,5,0,0,0,0,21,0,0,0,0,0,0,0,0,35,199,0,0,0,0,0,134,0,0,0,0,0,0,23,
17,8557,אשקלון,7100,58,16,0,584,346,1,345,2,8,1,0,0,0,5,0,0,0,0,0,0,0,0,65,173,0,0,0,1,0,22,0,0,0,0,0,0,68,
17,8558,אשקלון,7100,59,9,0,605,319,2,317,3,6,3,1,0,0,4,0,0,0,0,0,0,0,0,37,181,0,0,0,1,0,31,0,0,0,0,0,0,50,
17,8559,אשקלון,7100,60,8,0,646,314,1,313,2,3,0,1,0,0,3,1,0,0,0,0,0,0,0,42,176,0,0,1,2,0,35,0,0,0,0,0,0,47,
17,8560,אשקלון,7100,61,1,0,553,217,2,215,3,3,0,1,0,0,2,0,1,0,0,0,0,0,0,29,128,0,0,0,1,0,14,0,0,1,0,0,0,32,
17,8561,אשקלון,7100,62,9,0,728,393,3,390,4,6,0,0,0,0,6,0,0,0,0,0,0,1,0,75,205,0,1,1,3,0,39,0,0,0,0,0,0,49,
17,8562,אשקלון,7100,63,16,0,610,371,7,364,2,21,0,0,0,0,13,0,0,0,0,0,0,0,0,56,195,0,0,0,1,0,29,0,1,1,0,0,0,45,
17,8563,אשקלון,7100,64,4,0,673,368,5,363,6,6,1,0,1,0,4,0,0,0,0,0,0,0,0,87,194,0,1,0,0,0,34,0,1,0,0,0,0,28,
17,8564,אשקלון,7100,66,4,0,693,412,3,409,4,14,1,3,0,0,5,0,0,0,0,0,0,0,0,31,246,0,0,0,2,0,31,1,0,0,0,0,1,70,
17,8565,אשקלון,7100,67,1,0,620,358,1,357,5,8,0,0,0,0,8,0,0,0,0,0,1,0,0,88,186,0,0,0,1,0,15,0,0,1,0,1,0,43,
17,8566,אשקלון,7100,68,24,0,615,336,4,332,7,5,0,0,0,0,10,0,0,0,0,0,0,0,0,43,197,0,0,0,0,0,21,0,0,0,2,0,0,47,
17,8567,אשקלון,7100,70,30,0,784,498,4,494,11,11,0,0,1,0,39,0,0,0,0,0,0,0,0,33,273,0,0,0,2,0,65,0,0,0,0,0,0,59,
17,8568,אשקלון,7100,71,44,0,631,357,2,355,22,4,0,1,0,0,16,0,0,0,0,0,0,0,0,25,165,0,0,0,1,0,95,0,0,0,0,0,0,26,
17,8569,אשקלון,7100,72,44,0,703,414,1,413,12,9,0,0,0,0,21,0,0,0,0,0,0,0,0,17,209,2,0,0,2,0,107,0,0,0,0,0,0,34,
17,8570,אשקלון,7100,73,96,0,579,352,8,344,6,5,0,1,0,0,13,0,0,0,0,0,0,0,1,133,131,0,0,0,2,0,44,0,0,3,0,0,1,4,
17,8571,אשקלון,7100,74,82,0,513,406,3,403,11,7,0,0,0,0,20,0,0,0,0,0,0,0,0,40,214,2,0,0,0,0,76,0,0,0,0,1,0,32,
17,8572,אשקלון,7100,75,80,0,669,429,1,428,9,5,1,0,1,0,31,0,0,0,0,0,0,0,1,32,209,0,0,0,4,0,93,0,0,0,0,0,0,42,
17,8573,אשקלון,7100,76,30,0,632,415,1,414,15,12,0,0,0,0,23,0,0,0,0,0,0,0,0,17,198,0,0,0,5,0,100,0,0,0,0,0,0,44,
17,8574,אשקלון,7100,77,29,0,606,391,0,391,19,10,1,0,0,0,37,0,0,0,0,0,0,0,0,29,163,0,0,0,1,0,98,1,0,1,0,0,0,31,
17,8575,אשקלון,7100,78,23,0,449,286,0,286,14,11,0,0,0,0,17,0,0,0,0,0,0,0,0,15,152,0,0,0,3,0,38,0,0,0,0,0,0,36,
17,8576,אשקלון,7100,79,34,0,657,457,0,457,21,9,1,0,0,0,27,0,0,0,0,0,0,0,0,32,217,0,0,0,1,0,101,0,0,0,0,0,0,48,
17,8577,אשקלון,7100,80,15,0,602,331,2,329,7,13,0,0,0,0,7,0,1,0,0,0,0,0,0,71,131,2,0,1,3,0,31,0,0,0,1,0,0,61,
17,8578,אשקלון,7100,81,12,0,640,385,4,381,2,7,1,0,0,0,4,0,0,0,1,0,0,1,0,166,129,0,0,0,0,1,41,0,0,0,0,0,0,28,
17,8579,אשקלון,7100,82,12,0,539,314,4,310,6,9,1,1,0,0,3,0,0,0,0,1,0,0,1,98,139,1,1,0,2,0,28,0,2,0,0,1,0,16,
17,8580,אשקלון,7100,83,64,0,530,337,0,337,10,6,1,0,0,0,11,0,0,0,0,0,0,0,0,110,134,1,0,0,3,0,36,0,0,0,0,1,2,22,
17,8581,אשקלון,7100,84,64,0,492,294,7,287,7,1,0,0,0,0,1,2,0,0,0,0,0,0,0,146,95,1,0,0,0,0,28,0,0,0,1,0,0,5,
17,8582,אשקלון,7100,85,64,0,560,261,3,258,1,5,3,1,0,0,3,0,0,0,0,0,0,0,0,70,123,0,0,0,4,0,15,0,0,0,1,1,0,31,
17,8583,אשקלון,7100,86,16,0,456,244,3,241,2,3,1,0,0,0,4,0,0,0,0,1,0,0,0,60,120,0,0,0,0,0,33,0,0,1,1,1,1,13,
17,8584,אשקלון,7100,87.1,38,0,583,385,6,379,5,7,0,0,0,0,26,0,0,0,0,0,0,0,0,55,174,0,0,0,1,0,42,0,0,0,1,0,0,68,
17,8585,אשקלון,7100,87.2,38,0,583,389,7,382,4,17,0,0,0,0,23,0,0,0,0,0,0,0,0,45,188,0,0,0,1,0,39,0,0,0,0,0,0,65,
17,8586,אשקלון,7100,87.3,38,0,581,349,2,347,4,7,0,1,0,0,15,0,0,0,0,0,0,1,0,79,157,0,0,0,0,0,35,0,1,0,0,1,0,46,
17,8587,אשקלון,7100,89,14,0,689,430,4,426,6,15,1,0,0,0,11,0,0,0,0,0,0,0,0,51,202,1,0,0,3,0,43,0,0,0,0,0,0,93,
17,8588,אשקלון,7100,90,20,0,569,344,2,342,7,2,0,0,0,0,7,0,0,0,0,0,0,0,1,152,106,0,0,0,1,0,53,0,0,1,0,0,0,12,
17,8589,אשקלון,7100,91,6,0,556,308,3,305,5,3,1,0,0,0,5,0,0,0,0,0,0,1,0,154,87,0,0,0,0,0,46,1,0,0,0,0,0,2,
17,8590,אשקלון,7100,92,20,0,525,292,7,285,2,1,0,0,0,0,5,0,1,0,0,0,0,0,0,140,99,2,0,0,0,0,33,0,0,0,0,0,0,2,
17,8591,אשקלון,7100,93,20,0,474,268,3,265,6,2,0,0,0,0,6,0,0,0,0,0,0,0,0,115,87,0,1,0,0,0,44,0,0,0,0,0,0,4,
17,8592,אשקלון,7100,94,6,0,616,319,2,317,6,1,0,0,0,0,1,0,0,0,0,0,0,0,0,134,119,0,0,0,1,0,51,1,0,0,0,0,0,3,
17,8593,אשקלון,7100,95,48,0,644,401,0,401,8,1,0,2,0,0,10,1,0,0,0,0,0,0,0,134,172,2,0,0,2,0,57,0,0,0,0,0,1,11,
17,8594,אשקלון,7100,96,48,0,674,432,3,429,5,5,0,0,0,0,9,1,0,0,0,0,0,0,0,151,188,0,0,0,1,0,48,0,0,0,0,0,0,21,
17,8595,אשקלון,7100,97,48,0,778,504,1,503,9,9,0,0,0,0,17,0,0,0,0,0,2,0,0,122,225,0,0,0,1,0,85,0,0,0,0,0,0,33,
17,8596,אשקלון,7100,98,48,0,716,397,0,397,18,4,0,2,0,0,13,0,0,0,0,0,0,0,0,112,151,0,0,0,0,0,70,0,0,0,0,0,0,27,
17,8597,אשקלון,7100,99,68,0,732,466,1,465,12,5,0,0,0,0,34,0,1,0,0,0,0,0,0,63,222,1,0,0,3,0,65,0,0,0,0,0,0,59,
17,8598,אשקלון,7100,100,46,0,645,484,1,483,13,5,0,0,0,0,27,0,0,0,0,0,0,0,0,15,257,0,0,0,5,0,116,0,0,0,0,0,0,45,
17,8599,אשקלון,7100,101,35,0,528,379,2,377,12,4,0,1,0,0,30,0,0,0,0,0,0,0,0,23,188,0,0,0,5,0,81,0,0,0,0,0,0,33,
17,8600,אשקלון,7100,102,80,0,563,348,1,347,17,6,0,0,0,0,17,0,0,0,0,0,0,0,0,42,171,0,1,0,1,0,65,0,0,0,0,0,0,27,
17,8601,אשקלון,7100,103,79,0,533,399,0,399,7,3,0,0,0,0,25,0,0,0,0,0,0,0,0,12,228,0,0,0,5,0,80,0,0,0,0,0,0,39,
17,8602,אשקלון,7100,104,92,0,726,426,4,422,7,2,0,1,0,0,11,0,0,0,0,0,1,0,0,91,199,0,0,0,1,0,60,0,0,0,0,0,0,49,
17,8603,אשקלון,7100,105,48,0,783,417,2,415,12,5,1,0,0,0,7,0,0,0,0,0,0,0,0,168,149,0,1,1,1,0,59,0,0,0,0,0,0,11,
17,8604,אשקלון,7100,106,68,0,701,453,2,451,6,8,2,0,0,0,12,0,0,0,0,0,0,0,0,111,199,0,0,0,3,0,62,0,0,1,0,0,0,47,
17,8605,אשקלון,7100,107,22,0,571,350,0,350,1,9,0,3,0,0,16,1,0,0,0,0,0,0,0,114,150,0,0,0,0,0,29,1,0,0,0,0,0,26,
17,8606,אשקלון,7100,108,76,0,681,493,0,493,11,4,2,0,0,0,31,0,0,0,0,0,0,0,0,71,251,0,0,0,1,0,80,1,0,0,0,0,0,41,
17,8607,אשקלון,7100,109,4,0,511,340,2,338,1,25,0,0,0,0,1,0,0,0,0,0,0,0,0,86,128,0,0,0,1,0,50,0,0,0,0,0,0,46,
17,8608,אשקלון,7100,110,4,0,449,263,3,260,4,2,0,0,0,0,2,0,0,0,0,0,0,0,1,109,99,0,0,0,0,0,26,1,0,1,0,0,0,15,
17,8609,אשקלון,7100,111,4,0,621,359,3,356,2,4,0,0,0,0,4,1,0,0,0,0,0,0,0,172,101,1,0,0,0,0,55,0,0,0,0,0,0,16,
17,8610,אשקלון,7100,112,1,0,705,385,5,380,6,9,0,0,0,0,9,0,0,0,0,0,0,0,0,99,172,0,0,0,2,0,34,0,0,0,0,1,0,48,
17,8611,אשקלון,7100,113,68,0,672,478,1,477,2,6,0,2,0,0,33,0,0,0,0,0,0,0,0,76,246,0,0,0,3,0,62,0,0,0,0,0,0,47,
17,8612,אשקלון,7100,114,13,0,598,418,0,418,11,9,0,0,0,0,12,0,0,0,0,0,0,1,0,33,222,0,0,0,3,0,80,1,1,0,0,0,0,45,
17,8613,אשקלון,7100,115,13,0,619,440,0,440,13,6,1,0,0,0,30,0,0,0,0,0,0,0,0,21,217,0,0,0,1,0,121,0,0,0,0,0,0,30,
17,8614,אשקלון,7100,116,30,0,652,464,2,462,16,12,1,0,0,0,31,0,0,0,0,0,0,0,0,33,218,0,0,0,3,0,99,0,0,0,0,0,0,49,
17,8615,אשקלון,7100,117,34,0,724,482,7,475,17,8,0,0,0,0,23,0,0,0,0,0,0,0,0,34,243,0,0,0,7,0,73,0,0,0,0,0,0,70,
17,8616,אשקלון,7100,118,34,0,700,452,2,450,5,8,0,0,0,0,32,0,0,0,0,0,0,0,0,57,222,0,0,0,1,0,76,0,0,0,0,0,0,49,
17,8617,אשקלון,7100,119,84,0,563,410,0,410,13,4,0,2,0,0,17,0,0,0,0,0,0,0,0,35,233,0,0,0,2,0,76,0,0,0,0,0,0,28,
17,8618,אשקלון,7100,120,21,0,592,428,0,428,11,10,0,1,0,0,23,0,0,0,0,0,0,0,0,13,261,0,0,0,0,0,36,1,0,0,1,0,0,71,
17,8619,אשקלון,7100,121,84,0,745,516,0,516,11,6,1,1,0,0,27,0,0,0,0,0,0,1,0,24,297,1,0,0,4,0,98,0,0,0,0,0,0,45,
17,8620,אשקלון,7100,123,32,0,626,422,2,420,14,10,0,0,0,0,32,0,0,0,0,0,0,1,0,15,234,0,0,0,5,0,85,0,0,0,0,0,0,24,
17,8621,אשקלון,7100,124,48,0,760,504,1,503,11,10,0,0,0,0,14,0,0,0,0,0,0,0,0,84,246,1,0,0,2,0,82,0,0,1,0,0,0,52,
17,8623,אשקלון,7100,126,14,0,547,384,2,382,5,9,0,1,0,0,5,0,0,0,0,0,0,0,0,54,228,0,0,0,3,0,30,0,0,0,0,0,0,47,
17,8624,אשקלון,7100,127,97,0,567,276,3,273,3,3,0,0,0,0,1,0,0,0,0,1,0,0,1,102,122,0,0,0,2,0,16,0,0,1,0,0,1,20,
17,8625,אשקלון,7100,128,64,0,596,346,6,340,8,5,0,0,0,0,5,0,0,0,0,0,0,0,0,135,119,0,0,0,1,0,51,1,0,0,0,0,0,15,
17,8626,אשקלון,7100,129,29,0,667,481,3,478,11,12,0,2,0,0,48,0,0,0,0,0,0,0,0,14,250,0,0,0,2,0,89,0,0,0,0,0,0,50,
17,8627,אשקלון,7100,130,66,0,739,459,1,458,5,12,2,0,0,0,6,0,0,0,0,0,0,0,0,119,204,1,0,0,3,0,77,1,0,0,0,0,0,28,
17,8628,אשקלון,7100,131,43,0,735,441,2,439,8,10,1,0,0,0,19,0,0,0,0,0,0,0,1,67,228,0,0,0,1,0,73,0,0,0,0,0,0,31,
17,8629,אשקלון,7100,132,42,0,678,396,1,395,12,4,1,0,0,0,9,0,0,0,0,0,0,0,0,91,173,0,0,0,3,1,71,0,0,0,1,0,0,29,
17,8630,אשקלון,7100,133,81,0,722,467,1,466,17,5,0,0,0,0,25,0,0,0,0,0,0,0,0,58,213,0,0,0,2,0,91,0,0,0,0,0,0,55,
17,8631,אשקלון,7100,134,35,0,524,389,2,387,9,7,0,0,0,0,25,0,0,0,0,0,0,0,0,24,219,0,0,0,0,0,84,0,0,0,0,0,1,18,
17,8632,אשקלון,7100,135,82,0,609,463,2,461,10,8,0,0,0,0,29,0,0,0,0,0,0,0,0,16,244,0,0,0,5,0,117,1,0,1,0,0,0,30,
17,8633,אשקלון,7100,136,35,0,510,298,3,295,9,14,0,0,0,0,13,0,0,0,0,0,1,0,0,31,140,0,0,0,1,0,59,0,0,0,0,0,0,27,
17,8634,אשקלון,7100,137,87,0,573,412,2,410,20,4,0,1,0,0,19,0,0,0,0,0,0,0,0,33,187,0,0,0,1,0,126,0,0,1,0,0,0,18,
17,8635,אשקלון,7100,138,48,0,599,368,3,365,5,4,0,1,0,0,3,0,0,0,0,0,0,0,0,140,147,0,0,0,3,0,48,0,0,0,0,0,0,14,
17,8636,אשקלון,7100,139,22,0,446,292,1,291,3,6,0,0,0,0,5,0,0,0,1,0,0,0,1,88,129,0,0,0,1,0,42,1,0,0,0,0,1,13,
17,8637,אשקלון,7100,140,22,0,571,305,4,301,5,1,0,0,0,0,6,0,0,0,0,0,1,0,0,105,104,0,0,0,0,0,63,0,0,0,0,0,0,16,
17,8638,אשקלון,7100,141,8,0,437,207,5,202,2,1,0,0,0,0,0,0,0,0,0,0,0,0,0,47,98,0,1,0,2,0,25,0,2,0,1,0,0,23,
17,8639,אשקלון,7100,142,13,0,609,426,3,423,9,10,0,0,0,0,27,0,0,0,0,0,0,0,0,24,202,1,0,0,10,0,98,0,0,0,0,0,2,40,
17,8640,אשקלון,7100,143,68,0,730,513,4,509,12,5,0,0,0,0,27,2,0,0,0,0,0,2,1,92,245,0,0,0,3,0,77,0,0,0,0,0,0,43,
17,8641,אשקלון,7100,144,68,0,728,458,1,457,10,8,0,0,0,0,11,0,1,0,0,0,0,0,0,91,198,0,0,0,2,0,87,0,0,0,0,0,0,49,
17,8642,אשקלון,7100,145,80,0,739,517,3,514,13,1,1,0,0,0,18,0,0,0,0,0,0,0,0,39,267,0,0,0,2,0,132,0,0,0,0,0,0,41,
17,8643,אשקלון,7100,146,79,0,668,492,3,489,10,5,1,0,0,0,23,0,0,0,0,0,0,1,0,51,242,0,0,0,4,0,122,0,0,0,0,0,0,30,
17,8644,אשקלון,7100,147,87,0,693,505,6,499,8,2,0,1,1,0,21,0,0,0,0,0,0,0,0,63,248,0,0,0,1,0,131,0,0,0,0,0,0,23,
17,8645,אשקלון,7100,148,20,0,632,387,1,386,6,10,1,1,0,0,11,0,0,0,0,0,0,1,0,150,149,1,0,0,4,0,40,0,0,1,0,0,1,10,
17,8646,אשקלון,7100,149,80,0,515,348,2,346,8,4,0,0,0,0,13,0,0,0,0,0,0,0,0,45,137,0,0,0,1,0,103,0,0,0,0,0,0,35,
17,8647,אשקלון,7100,150,82,0,521,358,0,358,23,13,0,0,0,0,24,0,0,0,0,0,0,0,0,9,143,0,0,0,1,0,116,0,0,0,0,0,0,29,
17,8648,אשקלון,7100,151,91,0,704,545,1,544,15,3,0,0,0,0,45,0,0,0,0,0,0,0,0,26,325,0,0,0,5,0,85,1,0,0,0,0,0,39,
17,8649,אשקלון,7100,152,30,0,656,440,2,438,17,8,0,0,0,0,23,0,0,0,0,0,0,0,0,43,207,1,0,0,3,0,106,0,0,0,0,0,0,30,
17,8650,אשקלון,7100,153,21,0,591,460,0,460,7,24,0,0,0,0,52,0,0,0,0,0,0,0,0,4,217,0,1,0,3,0,31,0,0,0,0,0,0,121,
17,8651,אשקלון,7100,154,12,0,721,437,7,430,11,1,0,0,0,0,12,0,0,0,0,0,0,0,0,178,153,0,0,0,1,0,55,0,0,0,0,0,0,19,
17,8652,אשקלון,7100,155,4,0,585,368,2,366,1,16,0,1,0,0,7,0,0,0,0,0,1,0,0,135,116,2,0,0,2,0,57,0,0,0,0,0,0,28,
17,8653,אשקלון,7100,156,30,0,594,446,1,445,10,3,0,1,0,0,28,0,0,0,0,0,0,0,0,54,236,0,0,0,3,0,73,0,0,0,0,0,0,37,
17,8654,אשקלון,7100,157,86,0,593,418,1,417,16,8,2,0,0,0,14,0,0,0,0,0,1,0,0,26,191,0,0,0,1,0,120,0,0,0,0,0,0,38,
17,8655,אשקלון,7100,158,84,0,619,441,0,441,14,4,2,0,0,0,18,0,0,0,0,0,0,0,0,41,234,0,0,0,0,1,85,0,0,0,0,0,0,42,
17,8656,אשקלון,7100,159,86,0,584,449,1,448,12,10,0,0,0,0,17,0,0,0,0,0,0,0,0,27,221,0,0,0,4,0,119,0,0,2,0,0,0,36,
17,8657,אשקלון,7100,160,89,0,542,396,4,392,8,0,0,0,0,0,18,0,0,0,0,0,0,0,1,79,180,0,0,0,7,0,61,0,0,0,0,0,0,38,
17,8658,אשקלון,7100,161,82,0,643,463,2,461,17,3,0,1,0,0,17,0,0,0,0,0,0,0,1,52,249,0,0,0,1,0,81,0,0,0,0,0,1,38,
17,8659,אשקלון,7100,162,22,0,698,485,4,481,7,4,0,0,0,0,31,0,0,0,0,0,0,0,0,74,225,0,0,0,8,0,96,2,0,0,0,0,0,34,
17,8660,אשקלון,7100,163,22,0,717,535,3,532,8,5,0,0,0,0,20,0,0,0,0,0,0,0,0,96,259,0,0,0,7,0,94,0,0,0,0,0,0,43,
17,8661,אשקלון,7100,164,87,0,778,571,4,567,13,4,0,0,0,0,29,0,0,0,0,0,0,0,0,39,280,0,0,0,3,0,137,0,0,0,0,0,0,62,
17,8662,אשקלון,7100,165,84,0,634,447,3,444,8,3,0,0,0,0,24,3,0,0,0,0,0,0,0,25,246,0,0,0,1,0,96,0,0,0,0,0,0,38,
17,8663,אשקלון,7100,166,87,0,641,464,0,464,14,5,0,0,0,0,19,0,0,0,0,0,0,0,0,20,236,0,0,0,1,0,109,0,0,0,0,1,0,59,
17,8664,אשקלון,7100,167,32,0,590,204,2,202,4,0,1,0,0,0,9,0,0,0,0,0,0,0,0,49,87,0,0,0,0,0,49,0,1,0,0,0,0,2,
17,8665,אשקלון,7100,168,13,0,588,352,1,351,9,1,1,0,0,0,18,0,0,0,0,0,0,0,1,30,184,0,0,0,2,0,84,1,0,0,0,0,0,20,
17,8666,אשקלון,7100,169,80,0,694,507,2,505,7,1,0,0,0,0,22,0,0,0,0,0,0,0,0,52,285,0,0,0,1,0,107,0,0,0,0,0,0,30,
17,8667,אשקלון,7100,170,84,0,753,533,2,531,18,5,0,0,0,0,24,0,0,0,0,0,0,0,0,32,290,0,0,0,5,0,111,0,0,0,0,0,0,46,
17,8668,אשקלון,7100,171,84,0,628,458,2,456,14,3,1,0,0,0,26,0,0,0,0,0,0,0,0,50,229,0,0,0,1,0,98,0,0,0,0,0,0,34,
17,8669,אשקלון,7100,172,82,0,518,378,0,378,7,4,2,0,0,0,24,0,0,0,0,0,0,0,0,54,189,0,0,0,3,0,69,1,0,0,0,0,0,25,
17,8670,אשקלון,7100,173,22,0,676,446,1,445,10,3,0,1,1,0,8,0,0,0,0,0,0,0,0,183,145,0,0,0,2,0,66,0,0,0,0,0,0,26,
17,8671,אשקלון,7100,174,22,0,667,475,9,466,6,3,0,0,0,0,13,0,0,0,0,0,0,0,0,149,197,1,0,0,4,0,70,0,0,0,0,0,0,23,
17,8672,אשקלון,7100,175,35,0,719,494,4,490,19,7,0,1,0,0,22,0,1,0,0,0,0,0,0,78,217,0,1,0,0,1,106,0,0,0,0,0,0,37,
17,8673,אשקלון,7100,176,14,0,512,343,1,342,3,40,0,0,0,0,12,0,0,0,0,0,1,0,0,41,121,0,0,0,1,0,27,0,0,0,0,0,0,96,
17,8674,אשקלון,7100,177,93,0,626,461,7,454,11,8,0,0,0,0,16,0,0,0,0,0,0,0,0,82,225,0,0,0,5,0,57,0,0,0,0,0,0,50,
17,8675,אשקלון,7100,178,84,0,757,570,1,569,16,6,0,0,0,0,31,0,0,0,0,0,0,1,0,59,275,0,0,0,2,0,137,0,0,0,0,0,0,42,
17,8676,אשקלון,7100,179,3,0,743,526,4,522,4,12,0,0,0,0,60,0,0,0,0,0,0,0,0,45,263,0,0,0,1,0,43,0,0,0,0,0,0,94,
17,8677,אשקלון,7100,180,84,0,695,523,1,522,16,3,0,0,1,0,31,0,0,0,0,0,0,0,1,53,268,0,0,0,0,0,113,0,0,1,0,0,0,35,
17,8678,אשקלון,7100,181,93,0,604,425,2,423,1,8,0,0,0,0,10,0,0,0,0,0,0,0,0,86,184,0,0,0,5,0,80,0,1,1,0,0,0,47,
17,8679,אשקלון,7100,182,93,0,687,510,1,509,11,9,0,1,0,0,22,0,0,0,0,0,0,0,0,57,258,0,0,0,2,0,76,0,0,0,0,0,0,73,
17,8680,אשקלון,7100,183,91,0,598,407,0,407,8,5,0,0,0,0,14,0,0,0,0,0,0,0,0,20,247,0,0,0,3,0,82,0,0,0,0,0,0,28,
17,8681,אשקלון,7100,184,96,0,660,402,2,400,12,6,0,0,0,0,20,0,0,0,0,0,0,0,0,43,200,0,0,0,4,0,95,0,0,0,0,0,0,20,
17,8682,אשקלון,7100,185,93,0,530,412,4,408,7,2,1,0,0,0,23,0,0,0,0,0,0,0,0,33,192,0,0,0,4,0,70,0,0,0,0,0,0,76,
17,8683,אשקלון,7100,186,86,0,506,365,1,364,12,6,1,0,0,0,28,0,0,0,0,0,0,0,0,15,169,0,0,0,1,0,112,0,0,0,0,0,0,20,
17,8684,אשקלון,7100,187,82,0,659,487,1,486,11,5,0,0,0,0,44,0,0,0,0,0,0,0,0,55,239,0,0,0,3,0,90,0,0,0,0,0,0,39,
17,8685,אשקלון,7100,952,41,0,700,425,4,421,16,8,2,2,0,0,13,0,0,0,0,0,0,0,0,64,224,0,0,0,2,0,60,0,0,0,0,0,0,30,
18,9467,באר שבע,9000,1,15,0,461,227,2,225,6,3,4,1,0,0,1,0,0,0,0,0,0,0,0,42,122,0,0,0,0,0,28,0,0,0,0,0,0,18,
18,9468,באר שבע,9000,2,6,0,515,232,1,231,12,3,4,0,0,0,13,0,0,0,0,0,0,0,0,23,114,1,0,0,0,0,38,0,0,0,0,0,0,23,
18,9469,באר שבע,9000,3,6,0,460,203,3,200,6,3,5,0,0,0,3,1,0,0,0,0,0,0,0,20,120,0,0,0,4,0,22,0,0,0,0,0,0,16,
18,9470,באר שבע,9000,4,15,0,530,266,2,264,17,8,1,0,0,0,8,0,0,0,0,0,0,0,0,16,132,0,0,0,1,0,40,0,0,0,0,0,0,41,
18,9471,באר שבע,9000,5,15,0,447,217,4,213,3,4,3,0,0,0,9,0,0,0,0,0,0,0,0,24,135,0,0,0,2,0,11,0,0,0,0,0,0,22,
18,9472,באר שבע,9000,6,34,0,593,229,2,227,10,5,1,1,0,0,1,0,0,0,0,0,0,0,0,80,88,0,0,0,0,1,22,0,0,0,0,0,1,17,
18,9473,באר שבע,9000,15,15,0,463,212,3,209,5,2,9,0,0,0,3,1,1,0,0,0,0,0,0,41,95,0,0,0,2,0,22,0,0,0,1,0,0,27,
18,9474,באר שבע,9000,16,1,0,418,215,3,212,2,2,3,0,0,0,43,0,0,0,0,0,0,0,0,26,106,2,0,0,2,1,6,0,0,0,0,0,0,19,
18,9475,באר שבע,9000,19,130,0,533,249,7,242,2,4,1,0,0,0,10,0,0,0,0,0,1,1,0,32,139,0,0,0,0,0,20,0,0,0,0,0,0,32,
18,9476,באר שבע,9000,20,1,0,510,252,5,247,7,15,3,1,0,0,5,0,0,0,0,0,0,0,0,27,130,0,0,0,0,0,25,0,0,0,2,0,0,32,
18,9477,באר שבע,9000,25,15,0,496,252,6,246,7,3,11,0,0,0,7,0,0,0,0,0,0,0,0,32,139,0,0,0,1,0,20,0,1,0,0,0,0,25,
18,9478,באר שבע,9000,26,34,0,427,220,7,213,3,0,1,0,0,0,3,0,0,0,0,0,0,0,0,17,133,0,0,0,0,1,19,0,0,0,1,1,0,34,
18,9479,באר שבע,9000,27,34,0,494,240,3,237,3,3,7,1,0,0,3,0,0,0,0,0,0,0,0,42,132,0,0,0,0,0,20,0,0,0,1,0,0,25,
18,9480,באר שבע,9000,28,34,0,447,238,2,236,2,15,2,0,0,0,2,0,0,0,0,0,0,0,0,31,145,0,0,0,1,0,19,1,0,0,0,0,1,17,
18,9481,באר שבע,9000,29,34,0,478,203,0,203,1,1,5,1,1,0,2,0,0,0,0,0,0,0,0,16,129,0,0,0,1,0,13,0,0,0,0,1,0,32,
18,9482,באר שבע,9000,30,1,0,455,210,4,206,4,0,11,0,0,0,7,0,0,0,0,0,0,0,0,55,83,0,0,0,0,0,20,0,0,0,0,0,1,25,
18,9483,באר שבע,9000,31,1,0,520,246,5,241,2,4,3,1,0,0,3,0,0,0,0,0,0,0,0,63,121,2,0,0,1,0,22,1,0,0,0,0,0,18,
18,9484,באר שבע,9000,142,99,0,685,438,0,438,11,6,0,1,0,0,11,0,0,0,0,0,0,0,0,68,238,1,0,0,4,0,57,0,0,0,0,0,0,41,
18,9485,באר שבע,9000,147,31,0,633,385,2,383,10,3,0,0,0,0,6,0,0,0,0,0,0,0,1,62,183,0,0,0,1,0,52,0,0,0,0,0,1,64,
18,9486,באר שבע,9000,160,54,0,639,433,6,427,7,7,0,1,0,0,14,0,0,0,0,0,0,0,0,80,233,0,0,0,0,0,60,1,0,0,0,0,0,24,
18,9487,באר שבע,9000,175,10,0,555,341,4,337,5,4,0,1,0,0,2,1,0,0,0,0,0,0,0,76,152,0,0,0,4,0,53,0,0,0,1,0,0,38,
18,9488,באר שבע,9000,176,10,0,656,354,1,353,5,1,2,0,0,0,8,0,1,0,0,0,1,0,0,97,169,1,0,1,2,0,35,0,0,0,0,0,1,29,
18,9489,באר שבע,9000,177,99,0,600,438,0,438,10,1,3,0,0,0,26,0,0,0,0,0,0,0,0,30,250,0,0,0,2,0,82,0,0,1,0,0,0,33,
18,9490,באר שבע,9000,180,32,0,590,378,5,373,10,7,3,0,0,0,13,2,0,0,0,0,0,0,0,50,174,0,0,0,2,0,42,1,0,0,0,0,1,68,
18,9491,באר שבע,9000,185,54,0,672,428,2,426,5,5,0,1,0,0,15,1,0,0,0,0,0,0,0,86,216,1,0,0,2,0,59,0,0,0,0,0,0,35,
18,9492,באר שבע,9000,186,99,0,710,456,5,451,6,4,3,1,0,0,13,0,1,0,0,0,0,0,0,78,238,0,0,0,4,0,59,0,0,0,0,0,0,44,
18,9493,באר שבע,9000,188,54,0,701,431,2,429,12,3,0,0,0,0,11,0,0,0,0,0,1,0,0,115,195,0,0,0,2,0,77,0,0,0,0,0,0,13,
18,9494,באר שבע,9000,189,99,0,632,406,2,404,2,3,0,1,0,0,7,0,0,0,0,0,0,0,0,66,244,0,0,0,7,0,37,0,0,0,0,0,0,37,
18,9495,באר שבע,9000,200,112,0,558,364,1,363,11,8,2,2,0,0,27,0,0,0,0,0,0,0,0,71,172,0,0,0,0,0,51,0,0,0,0,0,0,19,
18,9496,באר שבע,9000,201,103,0,670,492,2,490,21,3,8,0,0,0,34,0,0,0,0,0,0,0,0,23,232,0,0,0,0,0,147,0,0,0,0,0,0,22,
18,9497,באר שבע,9000,202,89,0,530,396,1,395,18,17,4,0,0,0,16,0,0,0,0,0,0,0,0,11,175,0,0,0,3,0,116,0,0,0,0,0,0,35,
18,9498,באר שבע,9000,203,120,0,560,389,3,386,26,2,2,1,0,0,16,0,0,0,0,0,0,0,1,40,178,0,0,0,2,0,83,0,0,0,0,0,0,35,
18,9499,באר שבע,9000,204,112,0,533,414,3,411,17,0,2,3,0,0,20,0,0,0,0,0,0,0,0,27,194,0,0,0,2,0,116,0,0,0,0,0,0,30,
18,9500,באר שבע,9000,205,112,0,556,384,3,381,15,5,6,1,2,0,21,0,0,0,0,0,0,0,0,13,185,0,0,0,0,1,86,0,0,0,0,0,0,46,
18,9501,באר שבע,9000,206,89,0,663,481,1,480,35,2,9,1,0,0,28,0,0,0,0,0,0,0,0,17,235,0,0,0,0,0,127,0,0,0,0,0,0,26,
18,9502,באר שבע,9000,207,103,0,584,443,0,443,34,4,11,2,0,0,43,0,0,0,0,0,0,0,0,22,165,0,0,0,1,0,147,0,0,0,0,0,0,14,
18,9503,באר שבע,9000,208,120,0,569,403,2,401,8,2,0,0,0,0,16,0,0,0,0,0,0,0,0,34,241,0,0,0,0,0,73,0,0,0,0,0,0,27,
18,9504,באר שבע,9000,209,31,0,481,290,2,288,5,6,0,0,0,0,9,0,0,0,0,0,0,0,0,21,150,0,0,1,1,0,35,0,0,0,0,1,1,58,
18,9505,באר שבע,9000,210,32,0,448,309,0,309,5,0,0,0,0,0,10,0,0,0,0,0,0,0,0,53,172,0,0,0,2,0,36,0,0,0,0,0,0,31,
18,9506,באר שבע,9000,211,31,0,691,464,3,461,9,11,1,0,0,0,13,0,0,0,0,0,0,0,0,103,229,0,0,0,0,0,45,0,0,0,0,0,0,50,
18,9507,באר שבע,9000,212,31,0,609,378,4,374,10,7,1,0,0,0,8,1,0,0,0,0,0,0,1,73,163,0,0,0,0,0,61,0,0,0,0,1,0,48,
18,9508,באר שבע,9000,213,10,0,595,359,0,359,5,3,0,0,0,0,5,0,0,0,0,0,0,0,0,95,175,0,0,0,1,0,37,0,0,0,0,0,0,38,
18,9509,באר שבע,9000,214,32,0,457,323,4,319,11,7,0,0,0,0,6,0,1,0,0,0,0,0,0,60,154,0,0,1,1,0,52,0,0,1,0,0,0,25,
18,9510,באר שבע,9000,215,35,0,672,406,5,401,8,9,5,0,0,0,11,0,0,0,1,0,0,0,0,95,169,0,0,0,4,0,49,0,0,0,0,0,1,49,
18,9511,באר שבע,9000,216,118,0,572,293,3,290,4,2,1,0,0,0,4,0,0,0,0,0,0,1,0,61,129,0,0,0,2,0,40,0,0,0,0,0,0,46,
18,9512,באר שבע,9000,217,35,0,664,521,2,519,2,69,0,0,0,0,10,0,0,0,0,0,0,0,0,28,84,0,0,0,3,0,19,0,0,0,0,0,0,304,
18,9513,באר שבע,9000,218,35,0,688,429,8,421,5,8,2,0,0,0,11,0,0,0,0,0,0,0,1,77,198,0,0,0,1,0,59,0,0,0,0,0,0,59,
18,9514,באר שבע,9000,223,99,0,590,376,3,373,7,5,3,1,0,0,8,0,0,0,0,0,0,0,0,72,206,0,0,0,0,0,45,0,0,0,0,0,0,26,
18,9515,באר שבע,9000,225,54,0,640,383,3,380,3,2,0,1,0,0,11,0,0,0,0,0,0,0,0,93,185,0,0,0,1,0,41,0,0,1,0,0,0,42,
18,9516,באר שבע,9000,226,54,0,543,391,5,386,10,7,2,0,0,0,22,0,0,0,0,0,0,0,0,40,188,2,0,0,1,0,67,0,0,1,0,0,0,46,
18,9517,באר שבע,9000,243,10,0,579,325,2,323,5,0,0,0,0,0,7,0,0,0,0,0,0,0,0,73,159,1,0,0,0,0,46,0,0,0,0,0,4,28,
18,9518,באר שבע,9000,245.1,101,0,640,411,3,408,9,8,1,0,0,0,10,0,0,0,0,0,0,0,0,48,238,0,0,0,2,0,51,0,1,0,0,1,0,39,
18,9519,באר שבע,9000,245.2,101,0,640,438,4,434,8,1,0,0,0,0,16,0,0,0,0,0,0,0,0,93,226,0,0,0,0,0,66,0,0,0,0,0,0,24,
18,9520,באר שבע,9000,245.3,101,0,640,430,5,425,6,2,0,0,0,0,9,0,0,0,0,0,0,0,0,77,219,0,0,0,1,0,81,0,0,0,0,0,0,30,
18,9521,באר שבע,9000,245.4,101,0,640,451,6,445,13,6,0,0,0,0,23,0,0,0,0,0,0,0,0,66,243,0,0,0,2,0,59,1,0,0,0,0,1,31,
18,9522,באר שבע,9000,245.5,101,0,640,423,4,419,12,2,2,0,0,0,13,0,0,0,0,0,0,0,0,74,237,0,0,0,5,0,52,0,0,0,0,0,0,22,
18,9523,באר שבע,9000,245.6,101,0,640,420,3,417,4,2,1,1,0,0,16,0,1,0,0,0,0,0,0,111,174,0,0,0,1,0,82,0,0,0,0,0,0,24,
18,9524,באר שבע,9000,245.7,101,0,635,404,8,396,8,3,1,0,0,0,9,0,0,0,0,0,0,0,0,84,186,1,0,0,1,0,80,0,0,0,0,0,0,23,
18,9525,באר שבע,9000,249,103,0,634,477,1,476,18,2,13,2,0,0,35,0,0,0,0,0,0,0,0,18,239,0,0,0,2,0,131,0,0,0,0,0,0,16,
18,9526,באר שבע,9000,251,32,0,599,417,4,413,6,4,0,0,0,0,14,0,0,0,0,0,0,0,0,67,195,0,0,0,1,0,49,0,0,0,0,0,0,77,
18,9527,באר שבע,9000,252,125,0,668,460,3,457,27,9,5,1,0,0,13,0,0,0,0,0,0,0,0,53,225,0,0,0,0,0,95,0,0,1,0,0,0,28,
18,9528,באר שבע,9000,253,31,0,454,290,0,290,7,6,4,0,0,0,4,1,0,0,0,0,0,0,0,64,139,0,0,0,3,0,40,0,0,0,0,0,1,21,
18,9529,באר שבע,9000,255,113,0,644,476,3,473,24,2,0,0,0,0,18,0,0,0,0,0,0,0,0,21,248,3,0,0,1,0,115,0,0,0,0,0,0,41,
18,9530,באר שבע,9000,257,32,0,508,328,0,328,12,7,0,1,0,0,23,0,0,0,0,0,0,0,0,55,159,0,0,0,3,0,38,1,0,0,0,0,0,29,
18,9531,באר שבע,9000,259,121,0,614,479,2,477,11,4,3,1,0,0,22,0,0,0,0,0,0,0,0,27,293,0,0,0,1,0,96,0,0,0,0,0,0,19,
18,9532,באר שבע,9000,260,103,0,437,308,1,307,11,0,5,1,0,0,12,0,0,0,0,0,0,0,0,11,146,0,0,0,2,0,108,0,0,0,0,0,0,11,
18,9533,באר שבע,9000,261,103,0,671,487,0,487,16,3,26,0,0,0,22,0,0,0,0,1,0,0,0,20,258,0,0,0,1,0,108,0,0,0,0,0,0,32,
18,9534,באר שבע,9000,262,113,0,697,535,1,534,25,1,10,0,0,0,22,0,0,0,0,0,0,0,0,29,296,0,0,0,3,0,124,0,0,1,0,0,0,23,
18,9535,באר שבע,9000,263,103,0,676,469,1,468,30,5,8,0,0,0,23,0,0,0,0,0,0,0,0,11,235,0,0,0,0,0,115,0,0,0,0,0,0,41,
18,9536,באר שבע,9000,264,123,0,628,455,0,455,11,6,9,0,0,0,16,0,0,0,0,0,0,0,0,18,244,0,0,0,4,0,77,0,0,0,0,0,0,70,
18,9537,באר שבע,9000,265,103,0,577,440,0,440,16,6,5,1,0,0,26,0,0,0,0,0,0,0,0,17,252,0,1,0,0,0,101,0,0,0,0,0,0,15,
18,9538,באר שבע,9000,266,121,0,605,465,2,463,15,2,1,0,0,0,26,0,0,0,0,0,0,0,0,27,264,0,0,0,1,0,96,0,0,0,0,0,1,30,
18,9539,באר שבע,9000,267,123,0,707,528,1,527,20,8,9,0,0,0,37,0,0,0,0,0,0,0,0,29,276,0,0,0,0,0,116,0,0,0,0,0,0,32,
18,9540,באר שבע,9000,268,103,0,599,440,4,436,29,5,9,0,0,0,35,0,0,0,0,0,0,0,0,16,198,0,0,0,3,0,115,0,0,0,0,0,0,26,
18,9541,באר שבע,9000,269,113,0,672,505,1,504,13,1,4,0,0,0,19,0,0,0,0,0,0,0,0,28,258,2,0,0,1,0,133,0,0,0,0,0,0,45,
18,9542,באר שבע,9000,274,103,0,511,372,3,369,7,11,4,0,0,0,15,0,0,0,0,0,0,0,0,43,207,0,0,0,4,0,53,0,0,0,0,0,0,25,
18,9543,באר שבע,9000,276,103,0,472,374,0,374,14,3,0,0,0,0,21,0,0,0,0,0,0,0,0,9,220,0,0,0,1,0,80,0,0,0,0,0,0,26,
18,9544,באר שבע,9000,277,112,0,614,382,5,377,7,0,2,0,1,0,7,0,0,0,0,0,0,0,0,61,221,0,0,0,0,0,64,0,0,0,0,0,2,12,
18,9545,באר שבע,9000,280,54,0,535,376,3,373,5,8,0,0,0,0,16,0,0,0,0,0,0,0,0,42,213,0,0,0,0,0,53,0,0,0,0,0,2,34,
18,9546,באר שבע,9000,281,121,0,594,459,1,458,9,6,2,0,0,0,28,0,0,0,0,0,1,0,0,51,238,0,0,0,0,0,101,0,0,0,0,0,0,22,
18,9547,באר שבע,9000,282,99,0,594,422,2,420,11,0,1,0,0,0,10,0,0,0,0,0,0,0,0,39,264,0,0,0,4,0,69,0,0,0,0,0,0,22,
18,9548,באר שבע,9000,283,121,0,503,392,5,387,13,3,3,0,0,0,24,0,0,0,0,0,0,0,0,12,211,1,0,0,2,0,96,0,0,0,0,0,0,22,
18,9549,באר שבע,9000,284,123,0,718,552,5,547,17,12,3,1,0,0,23,0,0,0,0,0,0,0,1,35,297,0,0,0,4,0,101,0,0,0,0,0,0,53,
18,9550,באר שבע,9000,285,123,0,599,465,2,463,17,5,5,0,0,0,20,0,0,0,0,0,0,0,0,33,256,0,0,0,5,0,98,0,0,0,0,0,0,24,
18,9551,באר שבע,9000,286,123,0,508,374,2,372,11,1,5,0,0,0,19,0,0,0,0,0,0,0,0,38,200,0,0,0,2,0,78,0,0,0,0,0,0,18,
18,9552,באר שבע,9000,288,113,0,642,490,7,483,16,6,3,0,0,0,30,0,0,0,0,0,0,0,0,17,261,0,0,0,0,0,122,0,0,0,0,0,0,28,
18,9553,באר שבע,9000,289,124,0,649,531,2,529,11,0,7,0,0,0,18,0,0,0,0,0,0,0,0,38,284,0,0,0,0,0,145,0,0,0,0,0,0,26,
18,9554,באר שבע,9000,297,118,0,739,610,2,608,3,57,0,0,0,0,47,0,0,0,0,0,0,0,0,2,141,0,0,0,3,0,16,0,0,0,0,0,1,338,
18,9555,באר שבע,9000,302,113,0,566,457,3,454,16,9,1,0,0,0,28,0,0,0,0,0,0,0,0,20,236,0,0,0,1,0,118,0,0,0,0,0,0,25,
18,9556,באר שבע,9000,303,121,0,553,408,1,407,7,1,4,0,0,0,25,0,0,0,0,0,0,0,0,33,216,0,0,0,1,0,105,0,0,0,0,0,0,15,
18,9557,באר שבע,9000,304,124,0,632,486,5,481,8,0,7,0,0,0,36,0,0,0,0,0,0,0,0,33,267,1,0,0,1,1,104,0,0,0,0,0,0,23,
18,9558,באר שבע,9000,7.1,41,0,673,314,5,309,11,3,9,0,0,0,4,0,0,0,0,0,0,0,0,26,171,0,0,0,3,0,36,0,0,0,0,0,0,46,
18,9559,באר שבע,9000,7.2,41,0,673,313,5,308,15,2,2,0,0,0,9,0,0,0,0,0,0,1,0,59,140,0,0,0,2,0,38,0,0,0,0,0,0,40,
18,9560,באר שבע,9000,7.3,41,0,673,310,2,308,9,4,7,0,0,0,7,0,0,0,0,0,0,0,0,60,145,0,0,0,6,0,35,0,1,0,0,1,0,33,
18,9561,באר שבע,9000,7.4,41,0,671,298,4,294,14,2,4,0,1,0,6,0,0,0,0,0,0,0,0,73,118,0,0,0,2,0,47,0,0,0,0,0,1,26,
18,9562,באר שבע,9000,10.1,18,0,545,271,3,268,16,4,3,0,0,0,12,0,0,0,1,0,0,0,0,6,119,0,0,0,1,0,81,0,0,0,0,0,0,25,
18,9563,באר שבע,9000,10.2,18,0,545,274,1,273,14,2,7,0,0,0,9,0,0,0,0,0,0,0,0,8,130,1,0,0,4,0,76,0,0,0,0,0,1,21,
18,9564,באר שבע,9000,10.3,18,0,545,286,1,285,27,6,2,1,0,0,8,0,0,0,0,0,0,0,0,22,111,0,0,0,2,0,83,0,0,0,0,0,0,23,
18,9565,באר שבע,9000,11,20,0,523,237,5,232,9,4,1,0,0,0,9,0,0,0,0,0,0,0,0,21,104,0,0,0,1,0,57,0,0,0,0,0,0,26,
18,9566,באר שבע,9000,18,20,0,467,172,2,170,14,1,5,0,0,0,10,0,0,0,0,0,0,0,1,17,59,0,0,0,0,0,55,0,0,0,0,0,0,8,
18,9567,באר שבע,9000,34,45,0,475,237,2,235,2,5,1,0,0,0,2,0,0,0,0,0,0,0,0,32,148,0,0,0,0,1,28,0,0,0,0,0,0,16,
18,9568,באר שבע,9000,35,45,0,594,297,7,290,5,3,0,3,0,0,11,1,0,0,0,0,0,0,0,40,136,1,0,0,0,0,57,0,0,1,0,0,1,31,
18,9569,באר שבע,9000,36,26,0,587,374,2,372,8,10,1,0,0,0,31,0,0,0,0,0,0,0,0,28,201,2,0,0,2,0,49,0,0,0,0,1,0,39,
18,9570,באר שבע,9000,37,26,0,640,328,2,326,4,9,5,0,0,0,7,0,0,0,0,0,0,0,0,27,197,0,0,0,5,0,20,1,1,0,1,0,0,49,
18,9571,באר שבע,9000,38,33,0,626,388,3,385,14,8,0,0,0,0,65,0,0,0,0,0,0,0,0,21,174,1,0,0,0,0,58,0,0,0,0,0,0,44,
18,9572,באר שבע,9000,39,26,0,584,263,5,258,5,4,0,0,0,0,3,0,0,0,0,0,0,0,0,119,87,1,1,0,2,0,26,0,0,0,0,0,1,9,
18,9573,באר שבע,9000,40,26,0,645,161,2,159,5,10,0,0,0,0,24,0,0,0,1,0,0,0,2,15,51,0,0,0,0,0,34,0,0,0,0,0,0,17,
18,9574,באר שבע,9000,42,26,0,622,387,2,385,17,5,2,0,0,0,93,0,0,0,0,0,0,0,0,8,149,2,0,0,8,0,71,0,0,0,0,2,0,28,
18,9575,באר שבע,9000,44,33,0,568,338,2,336,17,13,0,1,0,0,93,0,0,0,0,0,0,0,0,19,105,1,0,0,1,0,52,0,0,0,0,0,0,34,
18,9576,באר שבע,9000,45,42,0,391,269,1,268,11,2,2,0,0,0,12,0,0,0,0,0,0,0,0,19,124,0,0,0,4,0,63,0,0,0,0,0,0,31,
18,9577,באר שבע,9000,46,28,0,497,336,2,334,16,4,4,0,0,0,13,0,0,0,0,0,0,0,0,20,167,0,0,0,2,0,70,0,0,0,0,0,0,38,
18,9578,באר שבע,9000,47,28,0,416,193,2,191,4,1,2,0,0,0,2,0,0,0,0,0,0,1,1,50,83,2,0,0,0,0,24,0,0,0,0,0,3,18,
18,9579,באר שבע,9000,53,11,0,700,470,0,470,31,1,6,1,0,0,27,0,0,0,0,0,0,0,1,22,185,0,0,0,3,0,176,0,0,0,0,0,0,17,
18,9580,באר שבע,9000,55,110,0,555,276,3,273,7,2,0,0,0,0,1,0,0,0,0,0,0,0,0,40,170,0,0,0,0,0,32,0,0,0,0,0,0,21,
18,9581,באר שבע,9000,57,11,0,664,451,2,449,36,7,2,0,0,0,21,0,0,0,0,0,0,1,0,15,200,1,0,0,1,0,135,0,0,0,0,0,0,30,
18,9582,באר שבע,9000,58.1,22,0,593,348,1,347,20,5,3,0,0,0,9,0,0,0,0,0,0,0,0,19,203,1,0,0,3,0,37,0,0,0,0,0,0,47,
18,9583,באר שבע,9000,58.2,22,0,593,355,2,353,19,6,5,2,0,0,24,0,0,0,0,0,0,0,0,21,194,0,0,0,2,0,50,0,0,0,0,0,0,30,
18,9584,באר שבע,9000,58.3,22,0,593,362,3,359,14,4,2,2,0,0,13,0,0,0,0,0,0,0,0,19,212,0,0,0,1,0,53,0,0,0,0,0,0,39,
18,9585,באר שבע,9000,58.4,22,0,593,342,0,342,16,5,5,0,0,0,9,0,1,0,0,0,0,0,0,17,191,0,0,0,2,0,61,0,0,0,0,0,0,35,
18,9586,באר שבע,9000,58.5,22,0,589,323,3,320,27,2,2,1,0,0,11,0,0,0,0,0,0,0,0,43,152,0,0,0,4,0,65,0,0,0,0,0,0,13,
18,9587,באר שבע,9000,62,116,0,681,374,1,373,48,4,0,1,0,0,19,0,0,0,0,0,0,0,0,10,148,0,0,0,1,0,122,0,0,0,0,0,0,20,
18,9588,באר שבע,9000,65,20,0,594,247,5,242,4,6,1,0,0,0,5,0,0,0,0,0,0,0,1,38,120,0,0,0,5,0,29,0,0,0,0,0,0,33,
18,9589,באר שבע,9000,66,42,0,640,418,2,416,16,2,10,0,0,0,20,0,0,0,0,0,0,0,0,44,231,0,0,0,3,0,65,0,0,0,0,0,0,25,
18,9590,באר שבע,9000,68,42,0,443,200,2,198,8,3,3,2,0,0,8,0,0,0,0,0,0,0,0,29,88,0,0,0,2,0,38,0,0,0,0,0,0,17,
18,9591,באר שבע,9000,69,28,0,503,281,2,279,11,1,2,0,0,0,13,0,0,0,0,0,0,0,0,28,157,0,0,0,0,0,56,0,0,0,1,0,0,10,
18,9592,באר שבע,9000,84,11,0,586,296,0,296,30,2,6,2,1,0,19,0,0,0,0,0,0,0,0,29,110,1,0,0,1,0,72,0,0,0,1,0,0,22,
18,9593,באר שבע,9000,86,116,0,373,183,1,182,11,1,0,0,0,0,14,0,0,0,0,0,0,0,0,10,101,0,0,0,0,1,27,0,0,0,0,0,0,17,
18,9594,באר שבע,9000,87,110,0,679,295,7,288,3,3,1,0,0,0,6,0,0,0,0,0,0,0,0,96,129,2,0,1,2,0,33,0,0,0,0,0,2,10,
18,9595,באר שבע,9000,95,45,0,514,267,4,263,3,1,0,0,0,0,9,0,0,0,0,0,0,1,0,37,154,0,0,0,5,0,23,0,0,0,0,0,0,30,
18,9596,באר שבע,9000,96,26,0,446,255,1,254,2,7,2,0,0,0,16,0,0,0,0,0,0,0,0,25,123,0,0,0,0,0,30,0,0,0,0,0,0,49,
18,9597,באר שבע,9000,97,126,0,561,349,2,347,6,8,0,1,0,0,18,0,0,0,0,0,0,0,0,60,140,0,0,1,1,0,24,2,0,1,1,1,0,83,
18,9598,באר שבע,9000,100,11,0,695,405,2,403,8,9,1,0,0,0,17,0,0,0,0,0,0,0,0,15,244,0,0,0,2,1,38,1,0,0,0,0,0,67,
18,9599,באר שבע,9000,102,11,0,569,324,2,322,7,14,1,1,0,0,13,0,0,0,0,0,0,0,0,25,165,1,0,0,3,0,37,0,0,0,0,0,0,55,
18,9600,באר שבע,9000,103,132,0,520,241,0,241,8,11,1,0,0,0,8,0,0,0,0,0,0,0,0,17,131,1,0,0,5,0,34,0,0,0,0,0,0,25,
18,9601,באר שבע,9000,104,3,0,605,352,4,348,10,11,2,0,0,0,11,0,0,0,0,0,0,0,0,19,186,1,0,0,0,0,46,0,0,0,0,0,0,62,
18,9602,באר שבע,9000,105,3,0,669,445,1,444,9,25,1,0,0,0,27,0,0,0,0,0,0,0,0,16,235,0,0,0,5,0,48,0,0,0,0,1,0,77,
18,9603,באר שבע,9000,106,3,0,643,373,4,369,14,13,0,1,0,0,16,0,0,0,0,0,0,0,1,18,175,1,0,0,10,0,67,0,1,0,0,0,0,52,
18,9604,באר שבע,9000,109,33,0,630,290,4,286,3,3,2,0,0,0,25,0,0,0,0,0,0,0,0,70,118,0,0,0,1,0,27,0,0,0,0,0,1,36,
18,9605,באר שבע,9000,110,5,0,610,289,11,278,7,0,0,1,0,0,8,1,0,0,1,0,0,0,0,74,138,0,0,0,1,0,32,1,0,0,0,0,0,14,
18,9606,באר שבע,9000,111,26,0,529,329,1,328,10,13,0,1,0,0,109,0,0,0,0,0,0,0,0,14,108,0,0,0,8,0,38,0,0,0,0,0,0,27,
18,9607,באר שבע,9000,112,33,0,553,344,2,342,19,11,3,0,0,0,16,0,0,0,0,0,0,0,0,38,138,0,0,0,0,0,98,0,0,0,0,0,0,19,
18,9608,באר שבע,9000,113,45,0,574,245,2,243,8,3,2,0,0,0,11,0,0,0,0,0,0,0,0,46,102,1,0,0,0,0,55,0,0,0,0,0,0,15,
18,9609,באר שבע,9000,114,45,0,534,258,2,256,7,2,1,0,0,0,7,1,0,0,0,0,0,0,0,58,121,0,0,0,0,0,31,0,0,0,0,0,1,27,
18,9610,באר שבע,9000,116,3,0,552,338,4,334,8,11,0,1,0,0,16,0,0,0,0,0,0,0,0,5,177,1,0,0,5,0,45,0,0,0,0,0,0,65,
18,9611,באר שבע,9000,117,45,0,396,172,1,171,5,6,2,0,0,0,9,0,0,0,0,0,0,0,0,35,74,2,0,0,1,0,28,0,0,0,0,0,0,9,
18,9612,באר שבע,9000,118,33,0,503,314,3,311,11,7,0,0,0,0,76,0,0,0,0,1,0,0,1,35,121,0,0,0,2,0,41,0,0,0,0,0,0,16,
18,9613,באר שבע,9000,130.1,36,0,661,328,9,319,9,1,2,0,0,0,2,0,0,0,0,0,0,0,1,71,163,0,0,0,2,0,31,0,0,0,1,0,0,36,
18,9614,באר שבע,9000,130.2,36,0,661,317,5,312,7,4,0,0,0,0,5,0,0,0,0,0,0,0,0,89,151,0,0,0,1,0,27,0,0,1,1,0,1,25,
18,9615,באר שבע,9000,130.3,36,0,661,319,11,308,3,6,1,0,0,0,6,0,0,0,0,0,1,1,1,57,172,0,0,0,0,0,24,0,0,1,0,0,2,33,
18,9616,באר שבע,9000,130.4,36,0,661,333,5,328,10,3,1,0,0,0,7,0,1,0,0,0,1,0,0,87,163,0,0,0,1,0,31,1,0,0,0,0,0,22,
18,9617,באר שבע,9000,130.5,36,0,660,277,7,270,2,4,1,0,0,0,2,0,0,0,0,0,0,1,0,92,118,0,0,0,1,0,27,0,0,0,0,0,0,22,
18,9618,באר שבע,9000,143.1,119,0,588,375,11,364,9,10,3,0,0,0,3,0,0,0,0,0,0,0,1,34,190,0,0,0,0,0,27,0,0,0,0,0,0,87,
18,9619,באר שבע,9000,143.2,119,0,588,329,2,327,3,3,1,0,0,0,6,0,0,0,0,0,0,0,0,51,163,0,0,0,1,0,38,0,0,0,0,0,1,60,
18,9620,באר שבע,9000,143.3,119,0,588,360,4,356,9,13,0,0,0,0,4,0,0,0,0,0,0,0,0,40,178,0,0,0,4,0,31,0,0,1,0,0,4,72,
18,9621,באר שבע,9000,143.4,119,0,588,353,3,350,4,9,2,0,0,0,7,0,0,0,0,0,0,1,1,67,148,2,0,0,0,0,40,0,0,1,0,0,0,68,
18,9622,באר שבע,9000,143.5,119,0,584,313,1,312,5,6,0,0,0,0,5,0,0,0,0,0,0,0,0,67,143,0,0,0,0,0,33,0,1,0,0,0,2,50,
18,9623,באר שבע,9000,144,28,0,389,163,1,162,4,2,4,0,0,0,2,0,0,0,0,0,0,0,0,46,79,1,0,0,0,0,19,0,0,0,0,0,0,5,
18,9624,באר שבע,9000,145,28,0,555,350,1,349,20,5,3,0,0,0,9,0,0,0,0,0,0,1,0,16,154,0,0,0,0,0,79,0,0,0,0,0,0,62,
18,9625,באר שבע,9000,151,61,0,450,239,2,237,2,1,0,0,0,0,6,0,0,0,0,0,0,0,0,96,94,0,0,0,1,0,28,0,0,0,0,0,0,9,
18,9626,באר שבע,9000,153,110,0,603,259,4,255,2,5,5,2,0,0,8,1,0,0,0,0,0,0,0,68,117,0,0,0,1,0,28,0,0,1,0,0,0,17,
18,9627,באר שבע,9000,155,61,0,593,320,3,317,2,6,1,0,0,0,8,1,1,0,0,0,0,1,0,83,138,0,0,0,3,0,40,1,0,1,0,0,0,31,
18,9628,באר שבע,9000,156,61,0,565,284,7,277,6,5,4,0,1,0,5,0,0,0,0,0,0,0,0,75,132,0,0,0,1,0,36,0,0,0,0,0,0,12,
18,9629,באר שבע,9000,157,5,0,600,274,4,270,8,2,5,0,0,0,3,1,0,0,0,0,0,0,0,73,117,0,0,0,4,0,43,0,0,0,0,0,1,13,
18,9630,באר שבע,9000,158,5,0,503,215,3,212,8,2,1,0,0,0,4,0,0,0,0,0,0,0,1,55,110,0,0,1,0,0,19,0,0,0,0,1,0,10,
18,9631,באר שבע,9000,159,61,0,551,253,4,249,4,2,0,0,0,0,7,0,0,0,0,0,0,0,0,72,111,1,0,0,0,0,30,0,0,0,0,0,2,20,
18,9632,באר שבע,9000,162,5,0,750,362,7,355,0,2,1,0,1,0,3,3,0,0,0,0,0,0,0,45,185,0,0,0,1,0,34,0,0,0,3,0,1,76,
18,9633,באר שבע,9000,168,5,0,542,273,3,270,10,8,0,0,0,0,2,2,0,0,0,0,0,0,0,59,122,0,0,0,0,0,44,0,0,0,0,0,0,23,
18,9634,באר שבע,9000,170,71,0,673,422,2,420,14,5,2,0,0,0,9,0,0,0,0,0,0,0,0,56,212,0,0,0,0,0,91,0,0,1,0,0,0,30,
18,9635,באר שבע,9000,171,71,0,677,420,6,414,13,5,3,0,0,0,7,0,0,0,0,0,0,0,0,41,201,0,0,0,1,0,71,0,0,0,1,0,0,71,
18,9636,באר שבע,9000,172,70,0,476,284,3,281,24,4,0,1,0,0,6,0,0,0,0,0,0,0,0,40,123,0,0,0,1,0,44,0,0,0,0,0,0,38,
18,9637,באר שבע,9000,173,70,0,528,304,0,304,3,8,1,1,0,0,7,0,0,0,0,0,0,0,0,32,169,1,0,0,2,0,48,1,0,0,0,0,0,31,
18,9638,באר שבע,9000,174,71,0,668,344,6,338,6,1,1,0,0,0,3,0,0,0,0,0,0,0,0,106,153,0,0,0,3,0,32,0,0,0,0,0,1,32,
18,9639,באר שבע,9000,178,71,0,589,375,4,371,8,3,4,1,0,0,10,0,0,0,0,0,0,0,0,77,181,1,0,0,1,0,38,0,0,0,0,0,0,47,
18,9640,באר שבע,9000,179,70,0,683,443,2,441,15,4,0,0,0,0,15,0,0,0,0,0,0,0,1,50,219,0,0,0,2,0,101,0,0,0,0,0,0,34,
18,9641,באר שבע,9000,240,70,0,553,350,2,348,7,4,0,0,0,0,13,0,0,0,0,0,0,0,0,88,156,0,0,0,1,0,57,0,0,0,0,0,0,22,
18,9642,באר שבע,9000,241,71,0,520,338,3,335,12,5,0,0,0,0,11,0,0,0,0,0,0,0,0,38,181,0,0,0,2,0,58,0,0,0,0,0,0,28,
18,9643,באר שבע,9000,279,26,0,501,326,2,324,22,7,1,0,0,0,45,0,0,0,0,0,0,0,0,8,125,0,0,0,5,0,61,0,0,0,0,0,0,50,
18,9644,באר שבע,9000,300,11,0,742,556,2,554,31,1,3,0,0,0,28,0,0,0,0,0,0,0,0,26,249,0,0,0,3,0,183,0,0,0,0,0,0,30,
18,9645,באר שבע,9000,12,111,0,592,430,1,429,3,0,1,0,0,0,27,0,0,0,0,0,0,0,0,34,271,0,0,0,1,0,69,0,0,0,0,0,3,20,
18,9646,באר שבע,9000,43,66,0,690,431,0,431,22,7,0,0,0,0,38,0,0,0,0,0,0,1,0,31,197,0,0,0,2,0,110,0,0,0,1,0,0,22,
18,9647,באר שבע,9000,71.1,40,0,533,266,22,244,18,5,7,0,0,0,6,0,0,0,0,0,0,0,0,2,147,0,0,0,0,0,42,0,0,1,1,0,0,15,
18,9648,באר שבע,9000,71.2,40,0,533,282,5,277,14,0,5,1,0,0,18,0,0,0,0,0,0,0,0,17,143,0,0,0,1,0,57,0,0,0,0,0,1,20,
18,9649,באר שבע,9000,71.3,40,0,533,260,4,256,18,3,3,1,0,0,11,0,0,0,0,0,0,0,0,17,142,0,0,0,2,0,45,0,0,0,0,0,0,14,
18,9650,באר שבע,9000,71.4,40,0,530,218,2,216,6,1,4,2,0,0,12,0,0,0,0,0,0,0,0,21,104,0,1,0,1,0,49,0,0,0,0,0,0,15,
18,9651,באר שבע,9000,73.1,13,0,643,290,2,288,5,2,11,0,0,0,6,0,0,0,0,0,0,0,0,19,190,0,0,0,1,0,24,0,0,0,0,0,0,30,
18,9652,באר שבע,9000,73.2,13,0,643,318,6,312,13,1,6,1,0,0,15,0,0,0,0,1,0,0,0,39,154,0,0,0,4,0,49,0,0,0,0,0,0,29,
18,9653,באר שבע,9000,73.3,13,0,643,324,2,322,11,5,3,1,0,0,5,2,0,0,0,0,0,1,0,29,182,0,0,0,0,0,40,1,0,0,0,0,0,42,
18,9654,באר שבע,9000,73.4,13,0,640,300,2,298,11,5,3,0,0,0,12,0,0,0,0,0,0,0,0,26,169,0,0,0,2,0,39,0,0,1,0,0,0,30,
18,9655,באר שבע,9000,90,19,0,430,233,1,232,10,5,5,0,0,0,5,0,0,0,0,0,0,0,0,18,138,0,0,0,4,0,22,0,0,0,0,0,0,25,
18,9656,באר שבע,9000,91,19,0,541,303,4,299,9,2,5,0,0,0,6,0,0,1,0,0,0,0,0,53,150,1,0,0,2,0,42,0,0,0,0,0,0,28,
18,9657,באר שבע,9000,92,19,0,579,321,3,318,7,3,10,0,0,0,9,0,0,0,0,0,0,0,0,71,144,0,0,0,0,0,48,0,0,0,0,0,1,25,
18,9658,באר שבע,9000,93,19,0,453,253,3,250,3,2,13,0,0,0,2,0,0,0,0,0,0,0,0,26,156,0,0,0,2,0,19,0,0,0,1,2,0,24,
18,9659,באר שבע,9000,94,19,0,570,294,0,294,12,2,2,0,0,0,9,0,0,0,0,0,2,0,0,89,117,1,0,0,0,0,48,1,0,1,0,0,0,10,
18,9660,באר שבע,9000,99.1,8,0,606,389,3,386,15,16,5,0,0,0,22,0,0,0,0,0,0,0,0,12,208,0,0,0,1,0,42,0,0,0,0,0,0,65,
18,9661,באר שבע,9000,99.2,8,0,606,403,2,401,9,27,1,0,0,0,16,0,0,0,0,0,0,0,0,22,207,0,0,0,3,0,53,1,0,0,0,0,0,62,
18,9662,באר שבע,9000,99.3,8,0,606,412,2,410,7,18,5,1,1,0,18,0,0,0,0,0,0,0,0,13,220,0,0,0,2,0,52,0,0,0,0,0,0,73,
18,9663,באר שבע,9000,99.4,8,0,605,357,2,355,9,14,4,0,0,0,14,1,0,0,0,0,0,0,0,16,212,0,0,0,2,0,33,0,0,1,0,0,0,49,
18,9664,באר שבע,9000,119,7,0,591,361,4,357,8,4,2,1,0,0,19,0,0,0,0,0,0,0,0,49,189,0,0,0,0,0,74,0,0,0,0,0,0,11,
18,9665,באר שבע,9000,120,38,0,495,263,2,261,11,6,11,0,0,0,7,0,0,0,0,0,0,0,0,29,99,1,0,0,2,0,80,0,0,0,0,0,0,15,
18,9666,באר שבע,9000,121,38,0,738,403,0,403,20,1,9,0,0,0,16,0,0,0,0,0,0,0,0,27,177,0,0,0,2,1,125,0,0,0,0,0,0,25,
18,9667,באר שבע,9000,122,37,0,682,478,3,475,22,7,4,0,0,0,14,0,0,0,0,0,0,0,0,50,263,0,0,0,0,0,66,0,0,0,0,0,0,49,
18,9668,באר שבע,9000,123,115,0,633,400,3,397,15,8,4,0,0,0,15,0,0,0,0,2,0,0,0,21,230,0,0,0,3,0,40,0,0,0,0,0,0,59,
18,9669,באר שבע,9000,124,115,0,582,351,4,347,47,0,4,0,0,0,15,0,0,0,0,0,0,0,0,40,111,0,0,0,4,0,119,0,0,0,0,0,0,7,
18,9670,באר שבע,9000,125,7,0,607,429,2,427,27,8,6,1,0,0,19,0,0,0,0,0,0,0,0,9,197,0,0,0,0,0,137,0,0,1,0,0,0,22,
18,9671,באר שבע,9000,126,37,0,537,198,0,198,46,8,5,3,0,0,6,0,0,0,0,0,0,0,0,7,61,0,0,0,2,0,51,0,0,0,0,0,0,9,
18,9672,באר שבע,9000,127,115,0,582,322,3,319,30,7,4,1,0,0,14,0,0,0,0,0,0,0,0,7,155,0,0,0,0,0,75,0,0,0,0,0,0,26,
18,9673,באר שבע,9000,128,7,0,717,495,0,495,22,1,3,0,0,0,30,0,0,0,0,0,0,0,0,28,260,2,0,0,2,0,124,0,0,0,0,0,0,23,
18,9674,באר שבע,9000,129,111,0,437,331,2,329,11,1,0,0,0,0,19,0,0,0,0,0,0,0,0,36,187,0,0,0,2,0,55,1,0,0,0,0,0,17,
18,9675,באר שבע,9000,131,7,0,662,456,1,455,17,6,0,0,0,0,27,0,0,0,0,0,0,0,0,15,244,0,0,0,2,0,121,0,0,0,0,0,0,23,
18,9676,באר שבע,9000,132,58,0,530,291,5,286,2,1,2,0,0,0,7,0,0,0,0,0,0,0,0,83,158,0,0,0,0,0,32,0,0,0,0,0,0,1,
18,9677,באר שבע,9000,134,59,0,713,423,4,419,6,5,7,0,0,0,7,1,0,0,0,2,0,0,0,118,227,0,0,0,6,0,32,0,0,1,0,0,0,7,
18,9678,באר שבע,9000,136,60,0,515,290,1,289,2,4,0,1,0,0,7,0,0,0,0,0,0,0,0,96,146,1,0,1,1,0,20,1,0,0,0,0,1,8,
18,9679,באר שבע,9000,137,58,0,314,164,2,162,4,2,0,0,0,0,3,0,0,0,0,0,0,0,0,53,74,0,0,0,0,0,20,0,0,0,0,1,1,4,
18,9680,באר שבע,9000,138,21,0,753,513,4,509,21,1,13,1,0,0,27,0,0,0,0,0,0,0,0,10,279,0,0,0,3,0,129,0,0,0,0,0,0,25,
18,9681,באר שבע,9000,139,21,0,611,465,0,465,21,2,2,0,0,0,34,0,0,0,0,0,0,0,0,17,243,0,0,0,0,0,132,0,0,0,0,0,0,14,
18,9682,באר שבע,9000,140,21,0,575,410,2,408,20,6,5,0,0,0,20,0,0,0,0,0,0,0,0,12,197,0,0,0,3,0,136,0,0,0,0,0,0,9,
18,9683,באר שבע,9000,149,21,0,711,512,6,506,15,6,11,0,0,0,25,0,0,0,0,0,0,0,0,33,259,0,0,0,6,0,131,0,0,0,0,0,0,20,
18,9684,באר שבע,9000,150,21,0,630,461,3,458,21,1,5,0,0,0,32,0,0,0,0,0,0,0,0,13,248,0,0,0,2,0,108,0,0,0,0,0,0,28,
18,9685,באר שבע,9000,161.1,39,0,540,315,7,308,8,4,1,0,0,0,18,0,0,0,0,0,0,0,0,48,129,0,0,0,4,0,75,0,0,0,0,0,0,21,
18,9686,באר שבע,9000,161.2,39,0,540,339,7,332,15,6,1,0,0,0,25,0,0,0,0,0,0,0,0,51,149,0,1,0,0,0,68,0,0,0,0,0,1,15,
18,9687,באר שבע,9000,161.3,39,0,540,298,1,297,19,8,1,0,0,0,11,0,0,0,0,0,0,0,0,57,107,0,0,0,2,0,79,0,0,1,0,0,0,12,
18,9688,באר שבע,9000,163,66,0,588,329,4,325,6,4,3,0,0,0,8,0,0,0,0,0,0,0,0,41,141,0,0,0,4,0,99,0,0,0,0,0,1,18,
18,9689,באר שבע,9000,164,56,0,504,367,1,366,15,7,5,0,0,0,28,0,0,0,0,0,0,0,0,11,191,0,0,0,1,0,92,0,0,0,0,0,0,16,
18,9690,באר שבע,9000,166,7,0,716,511,4,507,35,4,3,0,0,0,21,0,0,0,1,0,0,0,1,27,246,0,0,0,3,0,138,0,0,0,0,0,0,28,
18,9691,באר שבע,9000,167,66,0,528,296,0,296,13,1,2,1,0,0,14,0,0,0,0,0,0,0,0,24,146,1,0,0,1,0,72,0,0,0,0,0,0,21,
18,9692,באר שבע,9000,184,56,0,640,468,1,467,18,1,0,0,0,0,47,0,0,0,0,0,0,0,0,13,246,0,0,0,0,0,111,0,0,0,0,0,0,31,
18,9693,באר שבע,9000,195,111,0,721,536,0,536,4,1,3,0,0,0,18,0,0,0,0,0,0,0,0,15,370,0,0,0,0,0,91,0,0,0,0,0,0,34,
18,9694,באר שבע,9000,196,56,0,503,379,2,377,16,3,1,0,0,0,27,0,0,0,0,0,0,0,0,22,179,0,0,0,3,0,92,0,0,0,0,0,0,34,
18,9695,באר שבע,9000,197.1,102,0,605,390,2,388,9,0,9,0,1,0,8,1,0,1,0,0,0,0,0,60,213,1,0,0,0,0,54,0,0,1,0,0,0,30,
18,9696,באר שבע,9000,197.2,102,0,605,394,0,394,17,2,3,1,0,0,9,0,0,0,0,0,0,0,0,61,186,1,0,0,1,0,75,0,0,0,0,0,0,38,
18,9697,באר שבע,9000,197.3,102,0,605,348,1,347,8,1,4,0,0,0,6,0,0,0,0,0,0,0,1,80,170,0,0,0,1,0,59,0,0,1,0,0,0,16,
18,9698,באר שבע,9000,197.4,102,0,605,353,5,348,3,0,1,0,0,0,15,1,0,0,0,0,0,0,0,90,161,2,0,0,2,0,50,1,1,0,0,0,0,21,
18,9699,באר שבע,9000,197.5,102,0,605,356,4,352,12,1,1,2,0,0,5,0,0,0,0,0,0,0,0,65,182,0,0,0,0,0,65,0,0,0,0,0,0,19,
18,9700,באר שבע,9000,197.6,102,0,605,366,3,363,10,3,1,0,0,0,12,0,0,0,0,1,0,0,0,93,160,2,0,0,0,0,66,0,0,0,0,0,1,14,
18,9701,באר שבע,9000,197.7,102,0,605,355,6,349,16,0,1,0,0,0,5,1,0,0,0,0,0,0,0,93,153,0,0,0,2,0,73,0,0,0,0,0,0,5,
18,9702,באר שבע,9000,198,56,0,523,395,12,383,19,4,0,0,0,0,29,0,0,0,0,0,0,0,0,17,184,0,0,0,6,0,106,0,0,0,0,0,0,18,
18,9704,באר שבע,9000,233,111,0,608,425,2,423,14,4,1,0,0,0,18,0,0,0,0,0,0,0,0,43,224,0,0,0,0,0,91,1,0,0,0,0,0,27,
18,9705,באר שבע,9000,234,111,0,612,405,5,400,19,2,9,0,0,0,7,0,0,0,0,0,0,0,0,74,180,0,0,0,0,0,77,0,0,2,0,1,0,29,
18,9706,באר שבע,9000,235.1,100,0,617,403,1,402,12,0,0,1,0,0,7,0,0,0,0,0,0,0,0,38,231,0,0,0,0,0,74,0,0,0,0,0,0,39,
18,9707,באר שבע,9000,235.2,100,0,617,403,4,399,4,1,0,1,0,0,10,0,0,0,0,0,0,0,0,49,210,0,0,0,0,0,90,0,0,0,0,0,0,34,
18,9708,באר שבע,9000,235.3,100,0,617,413,4,409,13,4,2,0,0,0,15,0,0,0,0,0,0,0,0,89,186,2,0,0,2,0,74,0,0,0,0,0,0,22,
18,9709,באר שבע,9000,235.4,100,0,617,410,1,409,19,1,0,0,0,0,20,1,0,0,0,0,0,0,0,64,208,0,0,0,2,0,78,0,0,0,0,0,0,16,
18,9710,באר שבע,9000,235.5,100,0,617,429,1,428,10,4,0,0,0,0,19,0,0,0,0,0,0,0,0,64,223,0,0,0,1,0,81,0,0,0,0,0,0,26,
18,9711,באר שבע,9000,235.6,100,0,617,427,0,427,21,8,2,0,0,0,5,0,0,0,0,0,0,0,0,73,220,0,0,0,0,0,73,0,0,0,0,0,1,24,
18,9712,באר שבע,9000,235.7,100,0,617,402,0,402,11,3,0,0,0,0,13,0,0,0,0,0,0,0,0,84,185,0,0,0,0,0,94,0,0,1,0,0,1,10,
18,9713,באר שבע,9000,235.8,100,0,610,370,5,365,9,5,0,0,0,0,6,0,0,0,0,0,0,0,0,71,169,0,0,0,1,0,82,0,0,0,0,0,1,21,
18,9714,באר שבע,9000,237,111,0,680,438,2,436,15,2,2,0,0,0,19,0,1,0,0,0,0,0,0,72,216,1,0,0,6,0,67,0,0,0,0,0,0,35,
18,9715,באר שבע,9000,242.1,114,0,601,436,4,432,13,3,5,0,0,0,18,0,0,0,0,0,0,0,0,20,252,0,0,0,1,0,66,0,0,0,0,0,0,54,
18,9716,באר שבע,9000,242.2,114,0,601,432,1,431,14,7,0,0,0,0,30,0,0,0,0,0,0,0,0,44,217,0,0,0,1,0,81,0,1,0,0,0,0,36,
18,9717,באר שבע,9000,242.3,114,0,601,431,3,428,12,5,0,0,0,0,38,0,0,0,0,0,0,0,0,46,185,0,0,0,3,0,78,0,1,2,0,0,0,58,
18,9718,באר שבע,9000,242.4,114,0,601,428,3,425,11,14,1,0,0,0,18,0,0,0,0,0,0,0,0,20,225,1,0,0,3,0,79,0,0,0,0,0,1,52,
18,9719,באר שבע,9000,242.5,114,0,601,440,3,437,9,5,2,0,0,0,51,1,0,0,0,0,0,0,0,42,224,1,0,0,1,0,60,0,0,0,0,0,0,41,
18,9720,באר שבע,9000,242.6,114,0,601,433,2,431,7,5,0,0,0,0,22,0,0,0,0,0,0,0,0,58,216,0,0,0,2,0,78,0,0,0,0,0,0,43,
18,9721,באר שבע,9000,242.7,114,0,595,417,2,415,10,2,3,0,0,0,23,0,0,0,0,0,0,0,0,65,172,0,0,0,1,0,99,1,0,0,0,0,0,39,
18,9722,באר שבע,9000,246,56,0,590,446,1,445,17,0,0,0,0,0,31,0,0,0,0,0,0,0,0,11,232,0,0,0,1,0,121,0,0,0,0,0,0,32,
18,9723,באר שבע,9000,247.1,68,0,630,428,1,427,23,3,0,0,0,0,16,1,0,0,0,0,0,0,0,15,243,0,0,0,0,0,92,0,0,0,0,0,0,34,
18,9724,באר שבע,9000,247.2,68,0,630,415,0,415,20,4,0,0,0,0,18,0,0,0,0,0,0,0,1,36,209,0,0,0,2,0,101,0,0,0,0,0,0,24,
18,9725,באר שבע,9000,247.3,68,0,630,415,2,413,21,3,1,2,0,0,20,0,0,0,0,0,0,0,0,33,190,1,0,0,2,0,111,0,0,0,0,0,0,29,
18,9726,באר שבע,9000,247.4,68,0,630,402,3,399,26,5,2,0,0,0,24,0,0,0,0,0,0,0,0,11,198,0,0,0,1,0,99,0,0,0,0,0,0,33,
18,9727,באר שבע,9000,247.5,68,0,630,428,1,427,24,3,1,0,0,0,21,0,0,0,0,0,0,0,0,29,201,1,0,0,1,0,115,0,0,0,0,0,0,31,
18,9728,באר שבע,9000,247.6,68,0,630,395,0,395,27,1,1,0,0,0,20,0,0,0,0,0,0,0,0,33,184,0,0,0,2,0,109,0,0,0,0,0,0,18,
18,9729,באר שבע,9000,247.7,68,0,627,436,0,436,26,2,0,0,0,0,28,0,0,0,0,0,0,0,0,40,197,1,0,0,0,0,129,0,0,0,0,0,1,12,
18,9730,באר שבע,9000,254,37,0,657,381,5,376,14,2,1,1,0,0,8,0,0,0,0,0,0,0,0,87,168,1,0,0,0,0,50,1,0,4,0,0,0,39,
18,9731,באר שבע,9000,256,56,0,529,405,0,405,8,4,0,0,0,0,24,0,0,0,0,0,0,0,0,16,235,0,0,0,3,0,94,0,0,0,0,0,0,21,
18,9732,באר שבע,9000,271,56,0,648,495,4,491,9,2,5,1,0,0,34,0,0,0,0,0,0,0,0,20,291,1,1,0,4,0,93,0,0,0,0,0,0,30,
18,9733,באר שבע,9000,275,56,0,531,402,0,402,11,1,5,0,0,0,31,0,0,0,0,0,0,0,0,9,241,0,0,0,1,0,92,0,0,0,0,0,0,11,
18,9734,באר שבע,9000,290,19,0,657,323,8,315,13,6,6,0,0,0,2,0,0,0,0,0,0,0,0,153,79,1,0,0,0,0,40,0,0,2,0,0,0,13,
18,9735,באר שבע,9000,291,21,0,730,549,0,549,22,1,1,1,0,0,21,0,0,0,0,0,0,0,0,34,309,0,0,0,2,0,123,0,0,0,0,0,0,35,
18,9736,באר שבע,9000,292,37,0,786,543,3,540,13,7,2,1,0,0,31,0,0,0,0,0,0,0,0,38,336,0,0,0,2,0,86,1,0,0,0,0,0,23,
18,9737,באר שבע,9000,293,37,0,707,512,2,510,13,3,6,0,0,0,15,0,0,0,0,0,0,0,1,39,280,1,0,0,1,0,112,0,0,0,0,0,0,39,
18,9738,באר שבע,9000,295,111,0,631,483,5,478,6,2,0,0,0,0,16,0,0,0,0,0,0,0,0,30,304,1,0,0,0,0,89,0,0,0,0,0,0,30,
18,9740,באר שבע,9000,299,111,0,496,377,2,375,12,0,0,0,0,0,13,0,0,0,0,0,0,1,0,13,241,0,0,0,2,0,64,0,0,0,0,0,0,29,
18,9741,באר שבע,9000,301,111,0,667,494,2,492,15,0,1,0,0,0,25,0,0,0,0,0,0,0,0,38,292,1,0,0,3,0,86,0,0,0,0,0,0,31,
2,1053,בית הערבה,3645,1,2,0,175,142,0,142,5,0,0,0,0,0,28,0,0,0,0,0,0,0,0,10,55,0,0,0,0,0,41,0,0,0,0,0,0,3,
10,4512,בית ינאי,200,1,1,0,297,192,0,192,31,0,5,0,0,0,1,0,0,0,0,0,0,0,0,1,16,0,0,0,0,0,138,0,0,0,0,0,0,0,
13,6500,בית רבן,848,1,1,0,331,248,0,248,0,13,0,0,0,0,122,0,0,0,0,0,0,0,0,0,77,0,0,0,6,0,1,0,0,0,0,0,0,29,
10,4513,ביתן אהרן,252,1,3,0,213,77,0,77,5,2,0,0,0,0,2,0,0,0,0,0,0,0,0,3,14,0,0,0,0,0,50,0,0,0,0,0,0,1,
16,8182,בת ים,6200,5,74,0,679,419,9,410,9,4,0,1,0,0,6,0,0,0,0,0,0,0,0,105,169,1,2,0,3,2,45,0,0,0,0,0,0,63,
16,8183,בת ים,6200,16,5,0,510,216,0,216,8,2,3,1,0,0,5,0,0,0,0,0,0,0,0,60,83,0,0,0,1,0,39,0,0,0,0,0,0,14,
16,8184,בת ים,6200,17,5,0,599,268,3,265,5,0,1,1,0,0,1,0,0,0,0,0,0,0,0,79,107,1,0,0,1,0,62,0,0,0,0,1,0,6,
16,8185,בת ים,6200,18,5,0,641,277,1,276,10,3,5,0,0,0,2,0,0,0,0,0,0,0,0,45,139,0,0,0,0,0,55,0,0,0,0,0,0,17,
16,8186,בת ים,6200,19,5,0,516,276,0,276,9,7,18,0,0,0,9,0,0,0,0,0,0,0,0,48,95,0,0,0,1,1,62,0,0,0,0,0,1,25,
16,8187,בת ים,6200,20,5,0,495,197,3,194,7,2,1,0,0,0,1,0,0,0,0,0,0,0,0,45,88,0,0,0,3,0,33,0,0,0,0,0,0,14,
16,8188,בת ים,6200,21,5,0,649,283,0,283,7,0,2,0,0,0,8,0,0,0,0,0,0,0,0,57,130,0,0,0,1,0,54,0,0,0,0,0,0,24,
16,8189,בת ים,6200,22,5,0,682,267,0,267,13,0,0,0,0,0,2,0,0,0,0,0,0,0,0,90,107,0,1,0,1,0,35,0,0,0,0,0,0,18,
16,8190,בת ים,6200,23,5,0,656,363,3,360,10,4,6,1,0,0,5,0,0,0,0,0,0,0,0,87,156,0,0,1,0,0,65,0,0,0,0,0,0,25,
16,8191,בת ים,6200,26,5,0,465,195,0,195,8,1,3,0,0,0,7,0,0,0,0,0,0,0,0,42,75,1,0,0,2,0,37,0,0,0,0,0,0,19,
16,8192,בת ים,6200,27,5,1,586,216,4,212,5,1,2,0,0,0,9,0,0,0,0,0,0,0,0,56,71,0,0,0,0,0,43,0,0,0,0,0,0,25,
16,8193,בת ים,6200,28.1,18,0,667,324,5,319,9,4,0,0,0,0,4,0,0,0,0,0,0,0,0,58,150,0,0,0,0,0,65,1,0,0,0,0,0,28,
16,8194,בת ים,6200,28.2,18,0,667,282,1,281,14,0,2,1,0,0,4,0,0,0,0,0,0,0,2,91,85,0,0,0,0,0,72,0,0,0,0,0,0,10,
16,8195,בת ים,6200,28.3,18,0,667,325,0,325,15,3,2,0,0,0,10,0,0,0,0,0,0,0,0,74,126,0,0,0,2,0,63,0,0,1,0,0,0,29,
16,8196,בת ים,6200,28.4,18,0,667,280,4,276,12,0,0,0,0,0,4,0,0,0,0,1,0,0,0,61,128,0,0,0,0,0,58,0,0,0,0,0,0,12,
16,8197,בת ים,6200,28.5,18,0,667,283,4,279,14,3,1,0,0,0,7,0,0,0,0,1,0,0,0,69,93,0,0,0,1,0,69,0,0,0,0,0,0,21,
16,8198,בת ים,6200,29.1,24,0,651,294,1,293,12,4,1,0,0,0,7,0,0,0,0,0,0,0,0,39,128,0,0,0,1,0,67,0,0,0,0,1,0,33,
16,8199,בת ים,6200,29.2,24,0,651,272,4,268,12,0,0,0,0,0,15,0,0,0,0,1,0,0,0,49,104,0,0,0,2,0,66,0,0,0,0,1,0,18,
16,8200,בת ים,6200,29.3,24,0,651,270,3,267,4,0,0,2,0,0,9,0,0,0,0,0,0,0,0,46,99,1,0,0,1,0,90,0,0,0,0,0,1,14,
16,8201,בת ים,6200,29.4,24,0,651,321,4,317,18,2,0,1,0,0,11,0,0,0,0,0,0,0,0,56,131,0,0,0,2,0,74,0,0,0,0,0,1,21,
16,8202,בת ים,6200,29.5,24,0,651,267,4,263,14,3,0,0,0,0,7,0,0,1,0,0,0,0,0,48,97,1,0,0,2,0,61,1,0,1,0,0,0,27,
16,8203,בת ים,6200,29.6,24,0,651,258,2,256,5,1,1,0,0,0,6,0,0,0,0,1,0,0,0,55,104,0,0,0,2,0,62,0,0,0,0,0,0,19,
16,8204,בת ים,6200,29.7,24,0,651,247,1,246,8,3,0,0,0,0,6,0,0,0,0,0,0,0,0,61,72,0,0,0,0,0,75,0,0,0,0,0,1,20,
16,8205,בת ים,6200,29.8,24,0,648,278,1,277,6,1,1,0,0,0,10,1,0,0,0,0,0,0,0,55,116,1,0,0,1,0,65,0,0,1,0,0,1,18,
16,8206,בת ים,6200,32,23,0,733,302,3,299,10,1,2,0,0,0,13,0,0,0,0,0,0,0,0,64,130,1,0,0,1,0,60,0,0,1,0,0,0,16,
16,8207,בת ים,6200,34,23,0,684,282,2,280,13,1,0,0,0,0,10,0,0,0,0,0,0,0,0,48,125,0,0,0,0,0,58,0,0,0,0,0,0,25,
16,8208,בת ים,6200,35,23,0,747,415,0,415,18,3,1,0,0,0,5,0,0,0,0,0,0,0,0,45,193,0,0,0,3,0,121,0,0,1,0,0,0,25,
16,8209,בת ים,6200,36,23,0,620,275,1,274,12,4,4,1,0,0,12,0,0,0,0,0,0,0,0,36,105,0,0,0,1,0,72,0,0,0,0,0,0,27,
16,8210,בת ים,6200,38,21,0,621,302,1,301,7,0,0,0,0,0,5,0,0,0,0,0,0,0,1,35,135,1,0,2,1,0,84,0,0,0,0,0,0,30,
16,8211,בת ים,6200,39,32,0,596,299,4,295,13,0,0,0,0,0,10,0,0,0,0,0,0,0,0,52,102,1,0,0,1,0,85,1,0,1,0,0,0,29,
16,8212,בת ים,6200,40,32,0,628,303,3,300,13,2,0,0,0,0,4,0,0,0,0,0,0,0,0,37,140,0,0,0,5,0,77,0,0,0,0,0,0,22,
16,8213,בת ים,6200,41,21,0,628,307,5,302,9,2,0,0,0,0,7,0,0,0,0,0,0,0,0,58,131,0,0,0,0,0,65,0,0,1,0,0,0,29,
16,8214,בת ים,6200,42,32,0,567,306,2,304,16,4,0,0,0,0,9,0,0,0,0,0,0,0,0,41,117,0,0,1,1,0,93,0,0,0,0,0,0,22,
16,8215,בת ים,6200,45,32,0,612,313,3,310,10,2,1,0,0,0,2,0,0,0,0,0,0,0,0,61,145,1,1,0,1,0,62,0,0,0,0,0,0,24,
16,8216,בת ים,6200,51,21,0,483,257,2,255,13,4,1,0,0,0,3,0,0,0,0,0,0,0,0,66,87,0,0,0,0,0,66,0,0,1,0,0,0,14,
16,8217,בת ים,6200,52,21,0,664,315,3,312,9,6,0,0,0,0,2,0,0,0,0,0,0,0,0,46,154,0,0,0,0,0,78,0,0,0,0,0,0,17,
16,8218,בת ים,6200,57,21,0,511,259,0,259,8,5,1,0,0,0,3,0,0,0,0,0,0,0,0,53,101,0,0,0,0,0,73,0,0,0,0,0,0,15,
16,8219,בת ים,6200,62,21,0,545,252,2,250,5,0,0,0,0,0,7,0,0,0,0,0,0,0,0,54,102,0,0,0,0,0,62,1,0,0,0,0,0,19,
16,8220,בת ים,6200,63,21,0,481,248,3,245,8,1,2,0,0,0,8,0,0,0,0,0,0,0,0,35,107,0,0,0,1,0,60,0,0,0,0,0,0,23,
16,8221,בת ים,6200,81,5,0,640,245,0,245,6,0,2,0,0,0,2,0,0,0,0,0,0,0,1,73,88,0,0,1,2,0,46,0,1,0,0,0,0,23,
16,8222,בת ים,6200,105.1,22,0,633,353,4,349,15,3,0,0,0,0,11,0,0,0,0,0,0,0,0,37,164,0,0,0,1,0,80,1,0,0,0,0,0,37,
16,8223,בת ים,6200,105.2,22,0,633,312,0,312,14,7,2,1,0,0,16,0,0,0,0,0,0,0,0,33,120,0,0,0,0,0,88,0,0,0,0,0,0,31,
16,8224,בת ים,6200,105.3,22,0,633,322,3,319,20,1,1,0,0,0,10,0,0,0,0,0,0,0,0,62,122,0,0,1,3,0,79,0,0,0,0,0,1,19,
16,8225,בת ים,6200,105.4,22,0,633,362,3,359,15,3,0,0,0,0,12,0,0,0,0,0,0,0,1,42,167,0,0,0,1,0,87,0,0,0,0,0,0,31,
16,8226,בת ים,6200,105.5,22,0,633,330,6,324,9,3,2,0,0,0,6,0,0,0,0,0,0,0,0,56,127,0,0,0,2,1,94,0,0,0,0,0,0,24,
16,8227,בת ים,6200,105.6,22,0,633,314,1,313,12,1,0,0,0,0,11,0,0,0,0,0,0,0,0,80,111,1,0,0,2,0,73,0,0,1,0,0,0,21,
16,8228,בת ים,6200,105.7,22,0,633,336,2,334,10,3,1,0,0,0,15,0,0,0,0,0,0,0,0,72,113,1,2,0,0,0,102,0,0,0,0,0,0,15,
16,8229,בת ים,6200,110,23,0,620,266,3,263,6,3,0,0,0,0,6,0,0,0,0,0,0,0,0,61,107,0,0,0,1,0,69,0,0,0,0,0,0,10,
16,8230,בת ים,6200,114,5,0,427,177,2,175,11,4,1,0,0,0,1,3,0,0,0,0,0,0,0,46,68,1,0,0,1,0,32,0,0,0,0,0,0,7,
16,8231,בת ים,6200,115,5,0,572,237,8,229,8,5,0,1,0,0,3,0,0,0,0,0,0,0,1,52,96,0,0,0,0,0,40,0,0,0,0,0,0,23,
16,8232,בת ים,6200,117,23,0,637,267,1,266,10,2,0,0,0,0,7,0,0,0,0,0,0,0,0,31,144,0,0,0,2,0,45,0,0,0,0,0,0,25,
16,8233,בת ים,6200,118,21,0,650,357,4,353,8,5,0,0,0,0,14,0,0,0,0,0,0,0,0,59,157,0,0,0,2,0,81,0,0,0,0,0,0,27,
16,8234,בת ים,6200,128,32,0,568,326,2,324,16,2,0,0,0,0,16,0,0,0,0,0,0,0,0,54,135,0,0,0,0,0,65,0,0,1,0,0,0,35,
16,8235,בת ים,6200,143,21,0,570,299,3,296,11,4,1,0,0,0,6,0,0,0,0,0,0,0,0,72,114,0,0,0,0,0,71,0,1,0,0,0,0,16,
16,8236,בת ים,6200,145,21,1,512,298,2,296,21,3,0,0,0,0,4,0,0,0,0,0,0,0,0,49,136,0,0,0,0,0,69,0,0,0,0,0,0,14,
16,8237,בת ים,6200,152,21,0,637,347,2,345,6,5,1,1,0,0,5,0,0,0,0,0,0,0,0,79,147,1,0,0,2,1,77,0,0,0,0,0,0,20,
16,8238,בת ים,6200,184,21,0,730,371,2,369,24,3,0,1,0,0,14,0,0,0,0,0,0,0,0,72,150,0,0,0,3,0,84,1,0,0,0,0,0,17,
16,8239,בת ים,6200,187,5,0,567,195,0,195,8,2,0,0,0,0,2,0,0,0,0,0,0,0,0,51,82,0,0,0,3,0,40,0,0,0,0,0,0,7,
16,8240,בת ים,6200,192,5,0,460,207,0,207,17,0,7,0,0,0,4,0,0,0,0,0,0,0,0,26,78,1,0,0,1,0,65,0,0,0,0,0,0,8,
16,8241,בת ים,6200,193.1,70,0,591,337,2,335,10,2,0,0,0,0,5,0,0,0,0,0,0,0,0,21,188,1,0,0,1,0,70,0,0,0,0,0,0,37,
16,8242,בת ים,6200,193.2,70,0,591,336,1,335,9,4,2,0,0,0,10,0,0,0,0,0,0,0,0,29,177,1,0,0,0,0,82,1,0,0,0,0,0,20,
16,8243,בת ים,6200,193.3,70,0,591,346,1,345,16,4,4,0,0,0,12,0,0,0,0,0,0,0,0,29,173,0,0,0,1,0,87,0,0,0,0,0,0,19,
16,8244,בת ים,6200,193.4,70,0,591,329,4,325,19,1,1,3,0,0,12,0,0,0,0,0,0,0,0,35,152,1,0,0,1,0,81,0,0,0,0,0,1,18,
16,8245,בת ים,6200,193.5,70,0,591,335,4,331,8,1,2,0,0,0,9,0,0,0,0,0,0,0,0,37,176,1,0,0,2,0,77,0,0,0,1,0,0,17,
16,8246,בת ים,6200,193.6,70,0,588,307,0,307,17,1,1,0,0,0,3,3,0,0,0,0,0,0,0,47,137,0,0,0,5,0,74,0,0,1,0,0,0,18,
16,8247,בת ים,6200,201,21,0,425,229,1,228,8,0,0,0,0,0,6,0,0,0,0,0,0,0,0,43,88,0,0,0,6,0,50,0,0,0,0,0,0,27,
16,8248,בת ים,6200,1,31,0,601,357,5,352,6,0,1,0,0,0,10,0,0,0,0,0,0,0,0,20,199,0,0,0,0,0,38,0,0,0,0,0,0,78,
16,8249,בת ים,6200,2,16,0,550,294,2,292,5,4,0,0,0,0,8,0,0,0,0,0,0,0,0,42,149,0,1,0,1,0,38,0,0,0,0,0,0,44,
16,8250,בת ים,6200,3,31,0,548,281,1,280,5,4,0,0,0,0,1,0,0,0,0,0,0,1,0,41,127,2,0,0,3,0,52,0,0,0,0,0,0,44,
16,8251,בת ים,6200,4,16,0,572,294,2,292,13,3,0,1,0,0,6,0,0,0,0,0,0,0,0,65,123,0,0,0,1,0,61,0,0,0,0,0,0,19,
16,8252,בת ים,6200,6,20,0,555,351,1,350,14,8,0,0,0,0,6,0,0,0,0,0,0,0,0,26,154,1,0,0,0,0,55,0,0,1,0,0,0,85,
16,8253,בת ים,6200,7,30,0,702,424,0,424,11,7,3,1,0,0,18,0,0,0,0,0,0,0,0,10,198,0,1,0,1,0,38,0,0,0,0,0,0,136,
16,8254,בת ים,6200,8,20,0,650,294,0,294,11,4,1,0,0,0,5,0,0,0,0,0,1,0,0,49,143,0,0,0,1,0,39,0,0,0,0,0,0,40,
16,8255,בת ים,6200,9,20,0,658,376,2,374,12,6,0,0,0,0,18,0,0,0,0,0,0,0,0,20,178,1,0,0,5,0,33,0,0,0,0,0,0,101,
16,8256,בת ים,6200,10,16,0,696,292,2,290,13,9,2,1,0,0,4,0,0,0,0,0,0,0,0,77,108,0,0,0,1,0,55,0,0,0,0,0,0,20,
16,8257,בת ים,6200,11,20,0,488,203,2,201,7,3,0,1,0,0,0,0,0,0,0,0,0,0,0,55,67,1,0,0,1,0,55,0,0,0,0,0,0,11,
16,8258,בת ים,6200,12,20,0,476,189,2,187,6,3,0,1,0,0,1,0,0,0,0,0,0,0,0,26,87,0,0,0,0,0,49,0,0,0,0,0,0,14,
16,8259,בת ים,6200,13,3,0,549,363,3,360,5,4,0,0,0,0,9,0,0,0,0,0,0,0,0,12,176,0,0,0,1,0,29,0,1,0,0,0,0,123,
16,8260,בת ים,6200,14,3,0,571,325,1,324,8,4,1,0,0,0,8,0,0,0,0,0,0,0,0,55,129,1,0,0,2,0,48,0,0,0,0,0,0,68,
16,8261,בת ים,6200,15,31,0,593,276,1,275,8,3,4,0,0,0,5,0,0,0,0,1,0,0,0,66,120,0,0,0,5,0,40,0,1,0,0,0,0,22,
16,8262,בת ים,6200,37,30,0,718,344,1,343,7,4,2,0,0,0,3,0,0,0,0,0,0,0,0,75,161,0,0,0,1,0,61,0,0,0,0,0,0,29,
16,8263,בת ים,6200,53,49,0,722,406,4,402,16,1,0,0,0,0,12,0,0,0,0,0,0,0,0,78,165,0,0,0,2,0,100,0,0,0,0,0,0,28,
16,8264,בת ים,6200,54,49,0,740,383,5,378,13,12,0,0,0,0,9,0,0,0,0,0,0,0,0,49,183,0,0,0,2,0,99,0,0,0,0,0,0,11,
16,8265,בת ים,6200,55,49,0,610,361,3,358,5,3,0,1,0,0,5,0,0,1,0,0,0,0,0,60,171,0,0,0,1,0,84,0,0,0,0,0,0,27,
16,8266,בת ים,6200,58,49,0,614,343,4,339,7,12,1,1,0,0,7,0,0,0,0,0,0,0,0,52,152,0,0,0,1,0,76,0,0,0,0,0,0,30,
16,8267,בת ים,6200,59,49,0,551,250,0,250,10,1,0,1,0,0,4,0,0,1,0,0,0,0,0,53,119,0,0,0,2,0,43,0,0,0,1,0,0,15,
16,8268,בת ים,6200,60,49,0,523,263,3,260,16,4,2,0,0,0,8,0,0,0,0,0,0,0,0,60,87,0,0,0,2,0,59,0,0,0,0,0,0,22,
16,8269,בת ים,6200,65,49,0,770,371,2,369,11,10,0,1,0,0,10,0,0,0,0,0,0,0,0,56,174,1,0,0,2,0,79,0,0,0,0,0,0,25,
16,8270,בת ים,6200,66,49,0,674,389,4,385,18,6,0,1,0,0,6,0,1,0,0,1,0,0,0,48,159,0,0,0,2,0,109,0,0,0,0,0,0,34,
16,8271,בת ים,6200,67,49,0,482,277,0,277,14,4,1,0,0,0,15,0,0,0,0,0,0,0,0,28,110,0,0,0,1,0,82,0,0,0,0,0,0,22,
16,8272,בת ים,6200,72,29,0,630,358,2,356,12,2,0,1,0,0,6,0,0,0,0,0,0,0,0,75,174,0,0,0,1,0,72,0,0,0,0,0,0,13,
16,8273,בת ים,6200,73,29,0,566,245,3,242,13,3,2,1,0,0,5,0,0,0,0,0,0,0,0,33,95,1,0,0,0,0,71,0,0,0,0,0,1,17,
16,8274,בת ים,6200,74,16,0,526,262,7,255,10,0,2,0,0,0,6,0,0,0,0,0,0,0,0,60,96,0,1,0,1,0,73,0,0,0,0,0,0,6,
16,8275,בת ים,6200,75,16,0,526,232,2,230,7,0,0,1,0,0,0,0,0,0,0,0,0,0,0,45,98,0,0,0,0,0,69,0,1,0,0,0,0,9,
16,8276,בת ים,6200,76,16,0,587,244,0,244,8,5,0,0,0,0,4,0,0,0,0,0,0,1,0,50,81,0,1,0,1,0,64,0,1,0,0,0,0,28,
16,8277,בת ים,6200,77,29,0,467,222,2,220,8,2,0,0,0,0,10,0,0,0,0,0,0,0,0,37,97,0,0,0,1,0,58,0,0,0,0,0,0,7,
16,8278,בת ים,6200,79,29,0,633,332,1,331,11,7,0,0,0,0,8,0,0,0,1,0,0,0,0,58,135,0,0,0,0,0,86,0,0,0,0,0,0,25,
16,8279,בת ים,6200,80,29,0,544,305,7,298,12,1,1,0,0,0,6,0,0,1,0,0,0,0,0,63,107,0,0,0,1,0,87,0,0,0,0,0,0,19,
16,8280,בת ים,6200,83,12,0,623,273,0,273,10,4,0,0,1,0,5,0,0,0,0,0,0,0,0,51,126,1,0,0,1,0,56,0,0,0,0,0,1,17,
16,8281,בת ים,6200,86,12,0,531,280,2,278,7,2,0,0,0,0,2,0,0,0,0,0,0,0,0,62,104,0,0,0,1,0,70,0,0,0,0,0,0,30,
16,8282,בת ים,6200,87,12,0,591,287,1,286,5,5,0,0,0,0,4,0,0,0,0,0,0,0,0,67,121,0,0,0,1,0,58,0,0,0,0,0,0,25,
16,8283,בת ים,6200,88,12,0,634,285,3,282,1,3,0,0,1,0,3,0,0,0,0,0,0,0,0,63,129,0,0,0,3,0,51,0,0,0,0,0,0,28,
16,8284,בת ים,6200,90,20,0,602,237,2,235,8,5,0,0,0,0,4,0,0,0,0,0,0,0,0,55,76,0,0,0,1,0,60,0,0,0,0,0,0,26,
16,8285,בת ים,6200,91,14,0,553,249,0,249,13,2,1,0,0,0,5,1,0,0,0,0,0,0,0,46,102,0,0,0,1,0,60,0,0,0,0,0,0,18,
16,8286,בת ים,6200,92,14,0,565,239,2,237,15,0,0,1,0,0,1,0,0,0,1,0,0,0,1,47,94,0,1,0,3,0,48,0,0,1,0,0,0,24,
16,8287,בת ים,6200,94,14,0,519,269,2,267,3,3,0,1,0,0,6,0,0,0,0,0,0,0,0,106,91,0,0,0,1,0,46,0,0,1,0,0,0,9,
16,8288,בת ים,6200,103,12,0,551,289,3,286,14,1,1,0,0,0,5,0,0,0,0,0,0,0,0,53,120,0,0,0,3,0,60,0,0,0,0,1,1,27,
16,8289,בת ים,6200,106,30,0,712,365,3,362,6,3,14,0,0,0,4,1,0,0,0,0,0,0,0,65,153,0,0,0,1,0,45,0,0,0,0,0,0,70,
16,8290,בת ים,6200,108,3,0,607,409,2,407,15,6,5,0,0,0,2,0,0,0,0,0,0,0,0,5,215,0,0,0,2,0,39,0,0,0,0,0,0,118,
16,8291,בת ים,6200,112.1,72,0,335,214,2,212,14,2,0,0,0,0,3,0,0,0,0,0,0,0,0,19,85,0,0,0,1,0,81,0,0,0,0,1,0,6,
16,8292,בת ים,6200,112.2,72,0,362,207,0,207,19,2,0,0,0,0,4,0,0,0,0,0,0,0,0,19,80,0,0,0,0,0,76,0,0,0,0,0,1,6,
16,8293,בת ים,6200,141,49,0,720,392,0,392,12,8,1,2,0,0,9,0,0,0,0,0,0,0,0,56,168,0,0,0,6,0,94,0,1,2,0,0,0,33,
16,8294,בת ים,6200,151,49,0,523,287,2,285,9,7,0,1,0,0,9,0,0,0,0,0,0,0,0,28,151,0,1,0,1,0,46,0,0,0,0,0,0,32,
16,8295,בת ים,6200,180,49,0,526,302,1,301,11,3,0,0,0,0,1,0,0,0,0,0,0,0,0,37,143,0,0,0,2,0,77,0,0,0,0,0,0,27,
16,8296,בת ים,6200,181,49,0,684,369,5,364,11,8,0,0,0,0,12,0,0,0,0,0,0,0,0,63,173,0,0,0,0,0,70,0,0,0,0,0,0,27,
16,8297,בת ים,6200,182,49,0,708,400,6,394,15,6,1,2,0,0,15,0,0,0,0,2,0,0,0,66,139,0,0,0,4,1,101,0,0,0,0,0,0,42,
16,8298,בת ים,6200,188,29,0,500,262,1,261,13,4,0,2,0,0,7,0,0,0,0,0,0,0,0,44,105,0,0,0,0,0,61,0,0,0,0,0,0,25,
16,8299,בת ים,6200,189,14,0,541,252,1,251,17,4,0,0,0,0,3,0,1,0,0,0,0,0,0,61,65,1,0,0,2,0,65,0,0,0,0,0,1,31,
16,8300,בת ים,6200,210,31,0,456,215,4,211,2,2,2,0,0,0,3,0,0,0,0,0,0,0,0,76,76,0,0,0,1,0,33,0,0,0,0,0,0,16,
16,8301,בת ים,6200,82.1,25,0,581,268,2,266,5,6,0,0,0,0,8,0,0,0,0,0,0,0,0,45,112,0,0,0,0,0,51,0,0,0,0,0,0,39,
16,8302,בת ים,6200,82.2,25,0,581,280,1,279,10,1,0,0,0,0,5,0,0,0,0,0,0,0,1,56,108,0,0,0,2,0,65,0,0,0,0,1,0,30,
16,8303,בת ים,6200,82.3,25,0,581,293,2,291,10,3,0,0,0,0,8,1,0,0,0,0,0,0,0,50,115,0,0,0,2,0,57,0,0,0,0,1,0,44,
16,8304,בת ים,6200,82.4,25,0,581,272,2,270,9,1,0,0,0,0,4,0,0,0,0,0,0,0,0,72,109,0,0,0,1,0,52,0,0,0,0,0,0,22,
16,8305,בת ים,6200,93,26,0,683,333,2,331,13,4,0,1,1,0,6,0,0,0,0,0,0,0,0,93,127,1,0,0,0,0,65,0,0,0,0,0,0,20,
16,8306,בת ים,6200,95,11,0,468,219,3,216,7,0,0,0,0,0,6,0,0,0,0,0,0,0,0,68,66,0,0,0,4,0,56,0,0,0,0,0,0,9,
16,8307,בת ים,6200,97,10,0,529,285,4,281,5,2,0,0,0,0,9,0,0,0,0,0,0,1,0,55,115,1,0,0,0,0,55,0,0,0,0,0,0,38,
16,8308,בת ים,6200,98,11,0,480,287,2,285,13,3,0,0,0,0,6,0,0,0,0,0,0,0,0,52,110,1,0,0,0,0,70,0,0,0,0,0,0,30,
16,8309,בת ים,6200,100,10,0,540,315,5,310,8,4,2,0,0,0,9,0,0,0,0,0,0,0,0,59,115,0,0,0,0,0,68,0,0,0,0,0,1,44,
16,8310,בת ים,6200,101,10,0,407,237,2,235,9,2,0,0,0,0,9,0,0,0,0,0,0,0,0,24,92,0,0,0,0,0,54,0,0,0,0,0,0,45,
16,8311,בת ים,6200,104,26,0,614,280,2,278,11,3,0,1,0,0,7,1,0,0,0,0,0,0,0,60,114,0,0,0,2,0,56,0,0,0,0,0,0,23,
16,8312,בת ים,6200,153,26,0,452,270,1,269,8,6,1,0,0,0,7,0,0,0,0,0,0,1,0,45,103,0,0,0,2,0,72,0,0,0,1,0,0,23,
16,8313,בת ים,6200,154.1,48,0,579,375,1,374,5,68,0,1,0,0,20,0,0,0,0,0,0,0,0,24,85,0,0,0,5,0,38,0,0,0,0,0,0,128,
16,8314,בת ים,6200,154.2,48,0,579,311,0,311,7,52,0,0,0,0,18,0,0,0,1,0,0,0,0,28,86,0,0,0,10,0,35,0,0,0,0,0,0,74,
16,8315,בת ים,6200,154.3,48,0,579,412,1,411,8,72,0,0,0,0,27,0,0,0,0,0,0,0,0,32,101,0,0,0,1,0,37,0,0,0,0,0,0,133,
16,8316,בת ים,6200,154.4,48,0,579,386,4,382,10,55,0,0,0,0,18,0,0,0,0,0,0,0,0,30,114,0,0,0,2,0,44,0,0,0,0,0,0,109,
16,8317,בת ים,6200,154.5,48,0,579,369,4,365,3,105,0,0,0,0,14,0,0,0,0,0,0,0,0,33,97,0,0,0,3,0,57,0,0,0,0,0,0,53,
16,8318,בת ים,6200,155,33,1,680,332,2,330,11,3,2,0,0,0,12,1,0,0,0,0,0,0,0,67,106,0,0,0,1,0,100,0,0,0,0,0,0,27,
16,8319,בת ים,6200,156,1,0,553,283,4,279,13,3,0,0,0,0,5,0,0,0,0,0,0,0,0,66,124,0,0,0,2,0,42,0,0,0,0,0,0,24,
16,8320,בת ים,6200,157,1,0,598,311,3,308,8,3,0,0,0,0,6,0,0,0,0,0,0,0,0,48,154,0,0,0,0,0,57,0,0,0,0,0,0,32,
16,8321,בת ים,6200,158,33,0,605,335,5,330,12,8,1,0,0,0,5,0,0,0,0,0,0,0,0,100,103,1,0,0,2,0,86,0,0,0,0,0,0,12,
16,8322,בת ים,6200,160,10,0,649,361,2,359,10,0,0,1,0,0,4,0,0,0,0,0,0,0,1,72,128,0,0,0,0,0,105,0,0,1,0,0,0,37,
16,8323,בת ים,6200,161,8,0,636,414,3,411,20,6,1,0,0,0,11,0,0,0,0,0,0,0,0,19,171,1,0,0,1,0,161,0,0,0,0,0,0,20,
16,8324,בת ים,6200,163,8,0,679,329,4,325,10,4,0,3,0,0,6,0,0,0,0,0,0,0,0,76,129,0,0,0,0,0,69,0,1,0,0,1,0,26,
16,8325,בת ים,6200,166,73,0,649,454,2,452,21,10,1,2,0,0,12,0,0,0,0,0,0,0,0,56,215,0,0,0,3,0,103,0,0,0,0,0,0,29,
16,8326,בת ים,6200,171,33,0,561,267,3,264,13,1,1,0,0,0,2,0,0,0,0,0,0,0,0,76,102,0,0,0,0,0,56,0,0,1,0,0,1,11,
16,8327,בת ים,6200,172,11,0,598,353,0,353,15,2,3,0,0,0,8,0,0,1,0,0,0,0,1,62,142,0,0,0,0,0,103,0,0,0,0,0,0,16,
16,8328,בת ים,6200,173,73,0,682,426,4,422,21,31,1,2,0,0,41,0,0,0,0,0,0,0,0,47,143,0,0,1,2,0,86,3,0,0,0,0,0,44,
16,8329,בת ים,6200,174,8,0,646,332,3,329,6,2,0,1,0,0,8,0,0,0,0,0,0,0,0,86,127,0,2,0,0,0,72,0,0,0,0,0,0,25,
16,8330,בת ים,6200,177,10,0,479,288,2,286,3,1,0,0,0,0,7,0,0,0,0,0,0,0,0,44,114,1,0,0,0,0,62,0,0,0,0,0,0,54,
16,8331,בת ים,6200,178.1,9,0,610,309,2,307,6,1,0,0,0,0,12,0,1,0,0,0,0,0,0,61,112,0,0,0,1,0,71,0,0,0,0,0,0,42,
16,8332,בת ים,6200,178.2,9,1,610,312,7,305,8,2,0,0,0,0,6,0,0,0,0,0,0,0,0,72,126,0,0,0,1,0,60,0,0,0,0,0,0,30,
16,8333,בת ים,6200,178.3,9,0,610,321,6,315,7,1,0,0,0,0,7,0,0,0,0,0,0,0,1,71,130,0,0,0,2,0,50,0,0,0,0,0,0,46,
16,8334,בת ים,6200,178.4,9,0,610,307,0,307,13,2,0,0,0,0,4,0,0,0,0,0,0,0,0,75,99,0,0,0,0,0,57,1,0,0,0,0,0,56,
16,8335,בת ים,6200,178.5,9,0,607,304,1,303,6,2,0,0,0,0,4,0,0,0,0,0,0,0,0,83,106,0,0,0,3,0,80,0,0,0,0,0,0,19,
16,8336,בת ים,6200,191,11,0,473,235,3,232,8,5,0,0,0,0,7,0,0,0,0,0,0,0,0,44,102,0,0,0,0,0,47,0,0,0,0,0,0,19,
16,8337,בת ים,6200,204,10,0,656,364,10,354,15,2,0,0,0,0,9,0,0,0,0,0,0,0,0,81,114,0,0,0,0,1,105,0,0,0,0,0,0,27,
16,8338,בת ים,6200,46,4,0,622,369,1,368,7,1,0,0,0,0,10,0,1,0,0,0,0,0,0,65,174,0,0,0,0,0,72,0,0,0,0,0,1,37,
16,8339,בת ים,6200,47,4,0,625,330,2,328,9,6,0,0,0,0,6,0,0,0,0,0,0,0,0,89,126,0,0,0,1,0,70,0,0,0,0,0,3,18,
16,8340,בת ים,6200,48,15,0,544,259,3,256,9,0,0,0,0,0,9,0,1,0,0,0,0,0,0,32,133,2,0,0,0,0,50,0,0,0,0,0,0,20,
16,8341,בת ים,6200,49,28,0,635,343,2,341,6,2,0,0,0,0,6,0,0,0,0,0,0,0,0,66,154,0,0,0,0,0,86,0,0,0,0,0,0,21,
16,8342,בת ים,6200,50,28,0,624,325,2,323,11,5,0,0,0,0,9,0,0,0,0,0,0,0,0,66,125,0,0,0,2,0,76,0,0,0,0,0,0,29,
16,8343,בת ים,6200,56,2,0,531,301,3,298,22,2,1,0,0,0,2,0,0,0,0,0,0,0,0,63,103,0,0,0,2,0,76,0,0,0,0,0,0,27,
16,8344,בת ים,6200,109.1,13,0,639,390,2,388,8,3,0,1,0,0,9,0,0,0,0,0,0,0,0,18,233,0,0,0,1,0,65,0,0,0,0,0,0,50,
16,8345,בת ים,6200,109.2,13,0,639,364,0,364,15,1,0,0,0,0,8,0,0,1,0,0,0,0,0,27,195,1,0,0,4,0,80,0,0,0,0,0,0,32,
16,8346,בת ים,6200,109.3,13,0,639,329,2,327,12,4,0,0,0,0,13,0,0,0,0,0,0,1,1,27,146,0,0,0,2,0,93,0,0,1,0,0,0,27,
16,8347,בת ים,6200,109.4,13,0,639,363,2,361,8,3,1,0,0,0,15,0,0,0,0,0,0,0,0,23,177,0,0,0,3,0,95,0,0,0,0,0,0,36,
16,8348,בת ים,6200,109.5,13,0,639,373,1,372,11,6,2,1,0,0,4,0,0,0,0,0,0,1,0,15,216,0,0,0,0,0,80,0,1,1,0,0,0,34,
16,8349,בת ים,6200,109.6,13,0,639,343,0,343,12,2,1,0,0,0,13,0,0,0,0,0,0,0,0,28,196,0,0,0,1,0,71,0,0,0,0,0,0,19,
16,8350,בת ים,6200,109.7,13,1,639,301,0,301,6,5,0,2,0,0,5,0,0,0,0,0,0,0,0,37,153,0,0,0,0,0,75,0,0,0,0,0,0,18,
16,8351,בת ים,6200,109.8,13,0,633,340,3,337,13,2,0,0,2,0,12,0,0,0,0,0,0,0,0,37,164,0,0,0,0,0,80,0,0,0,0,0,0,27,
16,8352,בת ים,6200,121,19,0,581,324,2,322,9,0,5,0,0,0,3,0,0,0,0,0,0,0,0,15,185,1,0,0,3,0,72,0,0,0,0,0,0,29,
16,8353,בת ים,6200,123,15,0,553,295,2,293,9,0,0,0,0,0,7,0,0,0,0,0,0,0,0,36,167,0,0,0,1,0,48,0,0,0,0,0,0,25,
16,8354,בת ים,6200,125,19,0,727,481,3,478,16,5,0,0,0,0,20,0,0,0,0,0,0,1,0,27,246,0,0,0,2,0,110,0,0,0,0,0,0,51,
16,8355,בת ים,6200,129,19,0,502,332,2,330,5,3,0,1,0,0,6,1,0,0,0,0,0,0,0,21,195,0,0,0,1,0,65,0,0,0,0,0,0,32,
16,8356,בת ים,6200,131,28,0,645,285,2,283,7,5,1,0,0,0,6,0,0,0,0,0,0,0,0,39,123,1,0,0,0,0,87,0,0,0,0,0,0,14,
16,8357,בת ים,6200,132,15,0,511,292,1,291,6,3,0,0,0,0,6,0,0,0,0,0,0,0,1,39,147,0,0,0,5,0,60,0,0,0,0,0,0,24,
16,8358,בת ים,6200,133,15,0,548,298,1,297,6,0,0,0,0,0,5,0,0,0,0,0,0,0,0,81,120,1,0,0,0,0,58,0,0,0,0,0,0,26,
16,8359,בת ים,6200,134,15,0,453,234,2,232,2,3,0,0,0,0,3,0,0,0,0,0,0,0,0,39,101,0,0,0,4,0,62,0,0,0,0,0,0,18,
16,8360,בת ים,6200,135,2,0,555,280,4,276,6,2,0,0,0,0,4,0,0,0,0,0,0,0,0,44,121,0,0,0,1,0,80,0,0,0,0,1,1,16,
16,8361,בת ים,6200,136,15,0,539,310,1,309,9,1,0,0,0,0,5,0,0,0,0,0,0,0,0,52,157,0,0,0,2,0,64,0,0,0,0,0,0,19,
16,8362,בת ים,6200,137.1,6,0,694,390,3,387,8,2,2,1,0,0,7,0,0,0,0,0,0,0,0,44,222,0,0,0,1,0,73,0,0,0,0,0,0,27,
16,8363,בת ים,6200,137.2,6,0,694,380,6,374,10,2,1,0,0,0,10,0,0,0,0,0,0,0,0,44,187,0,0,0,0,0,95,0,0,0,0,1,0,24,
16,8364,בת ים,6200,137.3,6,0,694,360,3,357,12,2,0,0,0,0,6,0,0,0,0,0,0,0,0,49,193,3,0,0,0,0,62,0,0,0,0,0,0,30,
16,8365,בת ים,6200,137.4,6,0,694,382,2,380,19,2,0,0,0,0,10,0,0,0,0,0,0,0,1,62,190,0,0,0,1,0,69,0,0,0,0,0,0,26,
16,8366,בת ים,6200,137.5,6,0,693,350,0,350,14,0,2,2,0,0,7,0,0,0,0,0,0,0,0,62,137,0,0,0,2,0,100,0,1,0,0,0,1,22,
16,8367,בת ים,6200,138,4,0,646,369,3,366,9,4,0,0,0,0,15,0,0,0,0,0,0,0,0,63,159,2,0,0,7,0,68,0,0,0,0,0,0,39,
16,8368,בת ים,6200,139,2,0,666,387,5,382,8,1,0,0,0,0,8,0,0,0,0,0,0,0,0,81,178,1,0,0,1,0,75,0,0,0,0,0,0,29,
16,8369,בת ים,6200,142,28,0,713,351,3,348,9,2,0,0,0,0,6,0,0,0,0,0,0,0,1,60,146,0,0,0,1,0,86,0,0,1,0,0,0,36,
16,8370,בת ים,6200,146,4,0,478,240,1,239,4,1,0,0,0,0,1,0,0,0,0,0,0,0,0,52,120,0,0,0,1,0,55,0,0,0,0,0,0,5,
16,8371,בת ים,6200,147,4,0,611,312,4,308,7,0,1,0,0,0,5,0,0,0,0,0,0,0,0,86,135,0,0,1,1,0,46,0,0,0,0,0,0,26,
16,8372,בת ים,6200,148,15,0,487,222,3,219,7,5,0,0,0,0,5,0,0,0,0,0,0,0,0,32,111,0,0,0,1,0,49,0,0,0,0,0,0,9,
16,8373,בת ים,6200,150,28,0,507,281,1,280,6,1,2,0,0,0,5,0,0,0,0,1,0,0,0,69,101,0,0,0,0,0,72,0,0,0,0,0,0,23,
16,8374,בת ים,6200,164,71,0,640,393,1,392,22,6,1,0,0,0,12,0,0,0,0,0,0,0,0,71,140,0,1,0,1,0,117,1,0,0,0,0,0,20,
16,8375,בת ים,6200,165,27,0,763,527,7,520,11,18,0,1,0,0,26,0,0,0,0,0,0,0,0,56,221,0,1,0,0,0,143,0,0,0,0,0,0,43,
16,8376,בת ים,6200,167,71,0,584,432,0,432,24,8,0,0,0,0,17,0,0,0,0,0,0,0,0,20,196,0,0,0,1,0,142,0,0,0,0,0,0,24,
16,8377,בת ים,6200,168,27,0,596,348,6,342,13,8,1,1,0,0,11,0,0,0,0,0,0,0,1,34,160,0,0,0,0,0,97,0,0,0,0,0,0,16,
16,8378,בת ים,6200,170,27,0,580,383,0,383,12,12,2,0,0,0,15,0,0,0,0,0,0,0,0,72,153,0,0,0,2,0,88,0,0,0,0,0,0,27,
16,8379,בת ים,6200,175,71,0,567,440,1,439,32,18,0,1,0,0,17,0,0,0,0,0,0,0,0,26,130,0,0,0,0,0,176,0,0,0,0,0,0,39,
16,8380,בת ים,6200,185,71,0,642,398,5,393,16,7,0,1,0,0,12,0,0,0,0,0,0,0,0,33,181,0,0,0,1,0,110,0,0,0,0,1,0,31,
16,8381,בת ים,6200,190,2,0,643,308,3,305,6,3,0,0,0,0,6,0,0,0,0,0,0,0,0,61,143,0,0,0,2,0,53,1,0,0,0,0,1,29,
16,8382,בת ים,6200,194,19,0,585,351,3,348,9,1,2,0,1,0,11,0,0,0,0,0,0,0,0,20,195,0,0,0,4,0,84,0,0,0,0,0,0,21,
16,8383,בת ים,6200,195,19,0,678,423,4,419,18,3,0,0,0,0,6,0,0,0,0,0,0,0,0,41,220,1,0,0,2,0,93,0,0,0,0,0,0,35,
16,8384,בת ים,6200,196,15,0,404,196,1,195,6,0,0,0,0,0,5,0,0,0,0,0,0,0,0,54,84,0,0,0,0,0,26,0,0,0,0,0,0,20,
16,8385,בת ים,6200,197,15,0,438,255,1,254,8,3,0,0,0,0,5,0,0,0,0,0,0,0,0,65,93,0,0,0,3,0,59,1,0,0,0,0,1,16,
16,8386,בת ים,6200,198,15,0,461,235,3,232,6,1,0,1,0,0,3,0,0,0,0,0,0,0,0,38,120,0,0,0,3,0,43,0,0,0,0,0,0,17,
16,8387,בת ים,6200,203,15,0,522,290,1,289,5,1,0,0,0,0,10,0,0,0,0,0,0,0,0,50,110,0,0,0,2,0,83,0,0,1,0,0,0,27,
16,8388,בת ים,6200,212,4,0,592,325,0,325,10,1,2,0,0,0,9,0,0,0,0,0,0,0,0,22,162,0,0,0,0,0,103,0,0,0,0,0,0,16,
16,8389,בת ים,6200,213,4,0,679,405,2,403,15,0,3,0,0,0,13,0,0,0,0,0,0,0,1,30,223,1,0,0,1,0,95,0,0,0,0,0,0,21,
16,8390,בת ים,6200,950,2,0,679,443,5,438,4,4,1,1,0,0,7,0,0,0,0,0,1,0,0,174,185,0,0,0,0,1,40,0,0,0,1,0,0,19,
10,4520,גבעת שפירא,1077,1,1,0,215,172,1,171,13,1,5,0,0,0,8,0,0,0,0,0,0,0,0,0,16,0,0,0,0,0,126,0,0,0,0,0,0,2,
13,6150,גיבתון,196,1,1,0,265,217,1,216,41,2,0,2,0,0,4,0,0,0,0,0,0,0,0,6,33,0,0,0,0,0,126,0,1,0,0,0,0,1,
2,1054,גלגל,3606,1,1,0,155,91,1,90,10,1,1,0,0,0,5,0,0,0,0,0,0,0,0,2,37,0,0,0,1,0,32,0,0,0,0,0,0,1,
2,934,גפן,39,1,1,0,266,224,0,224,4,2,0,0,0,0,7,0,0,0,0,0,0,0,0,2,148,0,0,0,4,0,19,0,0,0,0,0,0,38,
11,5219,גת רימון,128,1,1,0,202,148,0,148,20,0,0,0,0,0,4,0,0,0,0,0,0,0,0,4,36,0,0,0,1,0,80,0,0,0,0,0,0,3,
3,1129,דובב,1067,1,1,0,361,250,0,250,2,2,0,0,0,0,7,0,0,0,0,0,0,0,0,0,197,0,0,0,5,0,17,0,0,0,0,0,0,20,
18,9230,דימונה,2200,1.1,9,0,600,370,1,369,17,9,0,0,0,0,21,1,0,0,0,0,0,0,0,15,225,0,0,0,2,0,51,0,0,0,0,0,0,28,
18,9231,דימונה,2200,1.2,9,0,600,374,7,367,10,5,0,0,0,0,16,0,0,0,1,0,0,0,0,21,230,1,0,0,6,0,42,0,0,0,0,0,0,35,
18,9232,דימונה,2200,1.3,9,0,599,372,6,366,7,8,0,0,0,0,27,0,0,0,0,0,0,0,0,33,216,0,0,0,4,0,35,0,0,0,0,0,0,36,
18,9233,דימונה,2200,3,7,0,546,258,4,254,6,1,1,0,0,0,19,0,0,0,0,0,0,0,0,33,142,0,0,1,3,0,15,1,0,0,0,0,0,32,
18,9234,דימונה,2200,5,11,0,511,318,3,315,5,1,2,0,0,0,6,0,0,0,0,0,0,0,0,6,189,0,0,0,0,0,39,0,0,0,0,0,0,67,
18,9235,דימונה,2200,6,8,0,683,476,2,474,4,3,0,0,0,0,30,0,0,0,0,0,0,0,0,23,325,0,0,0,2,0,57,0,0,0,0,0,0,30,
18,9236,דימונה,2200,8,3,0,395,208,3,205,5,2,1,0,0,0,11,0,0,0,0,0,0,0,0,12,139,0,0,0,1,0,15,0,0,0,0,0,0,19,
18,9237,דימונה,2200,9,3,0,639,305,3,302,5,0,0,0,0,0,13,0,0,0,0,0,0,0,0,43,176,0,0,0,0,1,29,0,0,0,0,0,0,35,
18,9238,דימונה,2200,10,12,0,626,330,7,323,6,2,2,0,0,0,15,0,0,0,0,0,0,0,0,43,165,0,0,0,2,0,26,0,0,1,0,0,0,61,
18,9239,דימונה,2200,11,1,0,526,248,4,244,5,2,5,0,0,0,2,0,0,0,0,0,0,0,0,53,118,0,0,0,2,0,23,0,0,0,0,0,0,34,
18,9240,דימונה,2200,12,3,0,527,270,0,270,4,1,0,1,0,0,0,0,0,0,0,0,0,0,0,24,168,0,0,0,0,0,23,0,0,0,0,0,0,49,
18,9241,דימונה,2200,13,4,0,642,317,2,315,6,1,18,0,0,0,11,0,0,0,0,0,0,0,0,30,176,0,0,0,3,0,21,0,0,0,0,0,0,49,
18,9242,דימונה,2200,14,4,0,450,241,2,239,9,3,0,0,0,0,7,0,0,0,0,0,0,0,0,7,136,0,0,0,1,0,25,0,0,0,0,1,0,50,
18,9243,דימונה,2200,15,6,0,508,238,1,237,0,8,0,0,0,0,2,0,0,0,0,0,0,0,1,31,142,0,0,0,0,0,28,0,0,1,0,0,0,24,
18,9244,דימונה,2200,17,13,0,464,250,5,245,2,5,0,0,0,0,4,0,0,0,0,0,0,0,0,26,138,0,0,0,0,0,17,0,0,0,0,0,0,53,
18,9245,דימונה,2200,18,4,0,435,249,2,247,4,4,1,0,0,0,7,0,0,0,0,1,0,0,0,22,135,0,0,0,0,0,22,0,0,0,0,0,0,51,
18,9246,דימונה,2200,19,13,0,590,364,6,358,8,0,1,0,0,0,15,0,0,0,0,0,0,0,0,17,234,0,0,0,1,0,40,0,0,1,0,0,0,41,
18,9247,דימונה,2200,20,5,0,350,194,1,193,2,5,1,1,0,0,6,0,0,0,0,0,0,0,0,14,111,1,0,0,1,0,16,0,0,0,0,1,0,34,
18,9248,דימונה,2200,21,1,0,651,400,6,394,1,0,0,0,0,0,22,0,0,0,0,0,0,0,0,24,237,1,0,0,2,0,44,1,0,0,0,0,0,62,
18,9249,דימונה,2200,22,14,0,548,257,3,254,6,3,0,0,0,0,3,0,0,1,0,0,0,0,0,36,126,1,0,0,1,0,27,0,0,0,0,0,0,50,
18,9250,דימונה,2200,23,6,0,524,233,2,231,6,1,2,1,0,0,3,0,0,0,0,0,0,0,0,39,124,0,0,0,1,0,29,0,0,0,0,0,0,25,
18,9251,דימונה,2200,24,6,0,391,223,3,220,5,2,0,0,0,0,7,0,0,0,0,0,0,0,0,41,122,0,0,0,1,0,16,0,0,0,0,0,0,26,
18,9252,דימונה,2200,25,8,0,647,373,5,368,11,3,0,0,0,0,8,0,0,0,0,0,0,0,0,36,228,0,0,1,1,0,51,0,0,0,0,0,0,29,
18,9253,דימונה,2200,27,2,0,641,461,3,458,13,9,0,0,0,0,14,0,0,0,0,0,0,0,0,17,304,0,0,0,2,0,42,0,0,0,0,0,0,57,
18,9254,דימונה,2200,28,5,0,507,307,4,303,4,5,1,0,0,0,2,0,0,0,0,0,0,0,0,26,200,0,0,0,1,0,27,0,0,0,0,0,0,37,
18,9255,דימונה,2200,29,8,0,568,405,3,402,12,5,0,0,0,0,19,0,0,0,0,0,0,0,0,10,212,0,0,0,2,0,86,0,0,0,0,0,0,56,
18,9256,דימונה,2200,30,70,0,676,398,3,395,5,3,1,0,1,0,3,1,0,0,0,0,0,0,1,55,250,1,0,0,0,0,42,0,0,0,0,0,0,32,
18,9257,דימונה,2200,31,70,0,660,407,8,399,2,4,1,0,0,0,9,0,0,0,0,0,0,0,0,72,232,1,0,0,1,0,46,0,0,0,0,0,0,31,
18,9258,דימונה,2200,32,5,0,558,307,7,300,10,1,1,0,1,0,6,0,0,0,0,0,0,0,0,32,178,0,0,0,1,0,35,0,0,1,0,0,0,34,
18,9259,דימונה,2200,33,2,0,612,372,1,371,8,4,0,0,0,0,12,0,0,0,0,0,0,0,1,19,223,0,0,0,4,0,43,0,0,0,0,0,0,57,
18,9260,דימונה,2200,34,6,0,372,212,3,209,2,1,0,0,1,0,2,0,0,0,0,0,0,0,0,24,121,0,0,0,2,0,32,0,0,0,0,0,0,24,
18,9261,דימונה,2200,36,15,0,616,416,3,413,12,2,0,0,0,0,9,0,0,0,0,0,0,0,0,52,242,0,0,0,0,0,55,0,0,1,0,0,0,40,
18,9262,דימונה,2200,37,23,0,660,452,0,452,6,2,0,0,0,0,7,0,0,0,0,0,0,0,0,51,294,0,0,0,1,0,51,0,0,0,0,0,0,40,
18,9263,דימונה,2200,39,20,0,754,546,2,544,12,0,0,0,0,0,21,0,0,0,0,0,0,0,0,6,383,1,0,0,4,0,62,0,0,0,0,0,0,55,
18,9264,דימונה,2200,40,72,0,759,576,0,576,8,6,0,0,0,0,21,0,0,0,0,0,0,0,0,3,413,0,0,0,1,0,74,0,0,0,0,0,0,50,
18,9265,דימונה,2200,41,16,0,716,525,3,522,5,3,0,0,0,0,18,0,0,0,0,0,0,0,0,21,334,1,0,0,2,0,87,0,0,0,0,0,0,51,
18,9266,דימונה,2200,42,17,0,780,572,2,570,10,0,1,0,0,0,19,0,0,0,0,0,0,0,0,10,405,0,0,0,2,0,76,0,0,0,0,0,0,47,
18,9267,דימונה,2200,43,71,0,710,535,4,531,19,4,0,0,0,0,11,0,0,0,0,0,0,0,0,8,368,1,0,0,7,0,59,0,0,0,0,1,0,53,
18,9268,דימונה,2200,44,20,0,748,580,3,577,10,3,0,0,0,0,16,0,0,0,0,0,0,0,0,14,446,0,0,0,0,0,52,0,1,0,0,0,0,35,
18,9269,דימונה,2200,45,70,0,662,406,1,405,7,3,1,0,0,0,5,0,0,0,0,0,0,0,0,92,219,1,0,0,1,0,52,0,0,0,0,1,0,23,
18,9270,דימונה,2200,46,8,0,731,518,2,516,11,2,0,0,0,0,25,0,0,0,0,0,0,0,0,7,339,0,1,0,3,0,64,0,0,0,0,0,0,64,
18,9271,דימונה,2200,47,23,0,673,515,4,511,9,1,2,0,0,0,23,0,0,0,0,0,0,0,0,20,325,0,0,0,4,0,91,0,0,0,0,0,0,36,
18,9272,דימונה,2200,48,15,0,706,533,4,529,10,1,0,0,0,0,18,0,0,0,0,0,0,0,0,19,360,0,0,0,2,0,63,0,0,0,0,0,0,56,
18,9273,דימונה,2200,66,22,0,678,384,3,381,6,6,1,0,0,0,9,0,0,0,0,0,0,0,0,12,266,0,0,0,1,0,30,0,0,0,0,0,0,50,
18,9274,דימונה,2200,67,22,0,602,398,2,396,9,8,4,0,0,0,25,1,0,0,1,0,0,1,0,12,228,1,0,0,1,0,30,0,0,0,0,0,0,75,
18,9275,דימונה,2200,68,22,0,530,336,1,335,4,8,0,0,0,0,18,0,0,0,0,0,0,0,0,23,182,1,0,0,3,0,53,0,0,0,0,0,0,43,
18,9276,דימונה,2200,69,22,0,461,280,6,274,5,5,0,0,0,0,13,0,0,0,0,0,0,0,0,44,130,0,0,0,1,0,43,0,0,0,0,0,0,33,
18,9277,דימונה,2200,90,18,0,180,87,1,86,0,1,0,0,0,0,2,0,0,0,0,0,0,0,0,1,66,0,0,0,0,0,11,0,0,0,0,0,0,5,
18,9278,דימונה,2200,91,74,0,202,160,1,159,8,1,0,0,0,0,20,0,0,0,0,0,0,0,0,3,39,0,0,0,0,0,87,0,0,0,0,0,0,1,
2,1055,ורד יריחו,3639,1,1,0,238,189,2,187,10,1,0,0,0,0,12,0,0,0,0,0,0,0,0,5,105,0,0,0,2,0,47,1,0,0,0,0,0,4,
10,4524,חבצלת השרון,235,1,1,0,344,224,0,224,24,0,0,1,0,0,5,0,0,0,0,0,0,0,0,5,47,0,0,0,1,0,124,0,0,0,0,0,0,17,
16,7922,חולון,6600,33.1,1,0,660,413,2,411,10,2,1,0,0,0,13,0,0,0,0,0,0,0,1,32,174,0,0,0,1,0,132,0,0,0,0,0,0,45,
16,7923,חולון,6600,33.2,1,0,660,391,1,390,25,1,1,0,0,0,12,0,0,0,0,0,0,1,0,28,148,0,0,0,1,0,148,0,1,0,0,0,0,24,
16,7924,חולון,6600,33.3,1,0,660,376,3,373,30,5,0,0,0,0,8,0,0,0,0,0,0,0,0,35,127,0,0,0,0,0,151,0,0,0,0,0,0,17,
16,7925,חולון,6600,33.4,1,0,660,387,3,384,17,3,1,0,0,0,12,0,0,0,0,0,0,0,0,33,150,2,0,0,1,0,135,0,0,0,0,0,0,30,
16,7926,חולון,6600,33.5,1,0,660,416,2,414,26,8,1,1,0,0,10,0,0,0,0,0,0,0,0,16,172,1,0,0,3,0,140,0,0,0,0,0,1,35,
16,7927,חולון,6600,33.6,1,0,660,365,2,363,19,1,1,0,0,0,12,0,0,0,0,0,0,0,0,29,138,0,0,0,2,0,115,0,1,0,0,0,1,44,
16,7928,חולון,6600,33.7,1,0,660,393,1,392,15,2,1,0,0,0,10,0,0,0,0,0,0,0,0,40,168,0,0,0,0,0,118,1,0,1,0,0,0,36,
16,7929,חולון,6600,33.8,1,0,660,353,1,352,24,2,0,0,0,0,7,0,0,0,0,0,0,0,0,58,100,0,0,0,0,0,139,0,0,0,1,0,0,21,
16,7930,חולון,6600,33.9,1,0,660,396,2,394,31,5,1,0,0,0,17,0,0,0,0,0,0,0,1,34,149,1,0,0,0,0,134,1,0,0,0,0,0,20,
16,7931,חולון,6600,44.1,21,0,662,416,2,414,32,1,2,0,0,0,9,0,0,0,0,0,0,0,0,27,158,1,0,0,1,0,153,1,1,0,0,0,0,28,
16,7932,חולון,6600,44.2,21,0,662,420,1,419,31,3,2,0,0,0,11,0,0,0,0,0,0,0,0,23,133,0,0,0,3,0,201,0,0,0,0,0,0,12,
16,7933,חולון,6600,44.3,21,0,662,406,1,405,44,1,3,0,0,0,14,0,0,0,0,0,0,0,0,21,104,0,1,0,0,0,194,1,0,0,0,0,0,22,
16,7934,חולון,6600,44.4,21,0,662,414,3,411,40,5,1,0,0,0,20,0,0,0,0,0,0,0,0,22,132,1,0,0,0,0,172,0,1,1,0,0,0,16,
16,7935,חולון,6600,44.5,21,0,662,398,1,397,28,6,0,1,0,0,12,0,0,0,0,0,0,0,0,34,135,0,0,0,1,0,158,1,0,0,0,0,0,21,
16,7936,חולון,6600,44.6,21,0,662,412,0,412,30,2,4,1,0,0,9,0,0,0,0,0,0,0,0,38,131,0,0,0,1,0,184,0,0,0,0,0,1,11,
16,7937,חולון,6600,44.7,21,0,658,405,3,402,34,3,1,1,0,0,13,0,0,0,0,0,0,0,0,25,112,0,0,0,1,0,193,1,0,0,0,0,0,18,
16,7938,חולון,6600,55,12,0,525,251,3,248,7,1,0,0,0,0,3,0,0,0,0,0,0,0,0,42,89,0,0,0,2,0,83,0,0,0,0,0,0,21,
16,7939,חולון,6600,56,12,0,652,336,3,333,28,3,1,2,0,0,8,0,0,0,0,0,0,0,0,36,107,1,0,0,0,0,125,0,0,0,0,0,0,22,
16,7940,חולון,6600,57,12,0,661,330,0,330,16,1,2,0,0,0,7,0,0,0,0,0,0,0,0,34,155,1,0,0,2,0,85,0,0,0,0,0,0,27,
16,7941,חולון,6600,58,12,0,419,272,1,271,13,1,0,0,0,0,3,0,0,0,0,0,0,0,0,24,118,0,0,0,3,0,77,0,0,0,0,0,0,32,
16,7942,חולון,6600,59,22,0,566,371,1,370,8,3,1,0,0,0,10,0,0,0,0,0,0,0,0,20,181,0,0,0,1,0,58,0,0,0,0,0,0,88,
16,7943,חולון,6600,60,12,0,687,353,2,351,19,4,0,0,0,0,9,0,0,0,0,0,0,0,0,30,141,1,0,0,1,0,102,0,0,0,0,0,0,44,
16,7944,חולון,6600,61,12,1,674,423,3,420,15,3,0,0,0,0,15,0,0,0,0,0,0,0,0,12,221,1,0,0,1,0,108,0,0,1,0,0,0,43,
16,7945,חולון,6600,62,83,0,456,291,2,289,17,3,0,0,0,0,15,0,0,0,0,0,0,0,0,11,116,0,0,0,0,0,95,0,0,0,0,0,0,32,
16,7946,חולון,6600,63,22,0,682,391,4,387,12,2,0,0,0,0,4,0,0,0,0,0,0,0,0,41,184,0,0,0,1,1,77,0,0,0,0,0,0,65,
16,7947,חולון,6600,64,22,0,459,310,3,307,9,4,1,1,0,0,10,0,0,0,0,0,0,0,0,21,135,1,1,0,1,0,89,0,0,0,0,0,0,34,
16,7948,חולון,6600,65,82,0,647,336,0,336,14,5,0,1,0,0,11,0,0,0,0,0,0,0,0,32,156,1,0,0,2,0,67,0,0,1,0,0,0,46,
16,7949,חולון,6600,66,22,0,677,374,1,373,8,5,0,1,0,0,5,1,0,0,0,0,0,0,0,38,179,0,0,0,0,0,80,0,0,0,0,0,0,56,
16,7950,חולון,6600,68,83,0,519,300,9,291,14,2,0,0,0,0,8,0,0,0,0,0,1,0,0,26,137,2,0,0,4,0,64,0,0,0,0,0,0,33,
16,7951,חולון,6600,70,12,0,581,260,1,259,6,1,1,0,0,0,9,0,0,0,0,0,0,0,0,47,103,0,0,0,3,0,68,0,0,1,0,0,0,20,
16,7952,חולון,6600,71,12,0,560,285,1,284,17,1,0,2,0,0,14,0,0,0,0,0,0,0,1,41,90,0,0,0,0,0,85,0,0,0,0,0,0,33,
16,7953,חולון,6600,72,83,0,585,357,2,355,15,3,0,0,0,0,8,0,0,0,0,0,0,0,0,26,170,0,0,0,0,0,96,0,0,0,0,0,1,36,
16,7954,חולון,6600,76,82,0,603,349,1,348,12,11,0,0,0,0,11,0,0,0,0,0,0,0,0,35,152,0,0,0,1,0,73,0,0,0,0,0,0,53,
16,7955,חולון,6600,77,22,0,543,360,0,360,11,4,0,0,0,0,7,0,0,0,0,0,0,0,0,8,171,0,0,0,3,0,81,0,0,0,0,0,0,75,
16,7956,חולון,6600,78,20,0,749,483,1,482,13,14,0,0,0,0,10,0,0,0,0,0,0,0,0,22,176,0,0,0,9,0,52,1,0,0,0,0,1,184,
16,7957,חולון,6600,79,20,0,672,420,3,417,7,14,1,1,0,0,7,0,0,0,0,0,1,0,0,12,170,1,0,0,1,0,60,0,0,1,0,0,1,140,
16,7958,חולון,6600,80,20,0,679,386,5,381,5,10,0,0,0,0,6,1,0,0,0,0,2,1,1,21,167,0,0,0,4,0,60,0,0,0,0,0,0,103,
16,7959,חולון,6600,81,20,0,568,375,2,373,5,2,1,1,0,0,11,0,0,0,0,0,0,0,0,8,142,0,0,0,6,0,52,0,0,0,0,0,1,144,
16,7960,חולון,6600,82,20,0,536,274,0,274,5,1,0,0,0,0,6,0,0,0,0,0,0,0,0,46,111,0,0,0,0,0,44,0,0,0,0,0,0,61,
16,7961,חולון,6600,83,20,0,526,307,0,307,7,2,1,0,0,0,4,0,0,0,0,0,0,0,0,25,136,0,0,0,1,0,40,0,0,0,0,0,0,91,
16,7962,חולון,6600,85,23,0,638,368,3,365,16,3,0,0,0,0,5,0,0,0,0,0,0,0,0,53,137,0,0,0,0,0,71,0,0,1,1,0,0,78,
16,7963,חולון,6600,86,23,0,640,352,2,350,15,0,1,0,0,0,7,0,0,0,0,0,0,0,0,40,142,0,0,0,1,0,112,0,0,0,0,0,0,32,
16,7964,חולון,6600,89,23,0,516,263,4,259,17,1,0,0,0,0,2,0,0,0,0,0,0,0,1,34,95,0,0,0,4,0,55,0,0,0,0,0,1,49,
16,7965,חולון,6600,90,23,1,518,340,2,338,22,2,1,0,0,0,8,1,0,0,0,0,0,0,0,32,123,0,0,0,1,0,124,0,0,0,0,0,0,24,
16,7966,חולון,6600,92,5,0,620,376,4,372,15,0,1,1,0,0,6,0,0,0,0,0,1,0,0,24,182,0,0,0,2,0,101,0,1,0,0,0,0,38,
16,7967,חולון,6600,93,30,0,638,343,2,341,17,2,1,0,0,0,12,0,0,0,0,0,0,0,0,25,147,1,0,0,1,0,108,0,0,0,0,0,0,27,
16,7968,חולון,6600,94,30,0,682,399,3,396,27,3,1,0,0,0,9,0,0,0,0,0,0,0,0,20,175,0,0,0,2,0,127,0,0,0,0,0,0,32,
16,7969,חולון,6600,97,30,0,498,305,2,303,12,1,0,0,0,0,9,0,0,1,0,0,0,0,0,21,132,0,0,0,2,0,87,0,0,0,0,0,1,37,
16,7970,חולון,6600,101,30,1,653,442,3,439,19,1,3,1,0,0,14,0,0,0,0,0,0,0,0,45,182,0,0,0,0,0,110,0,1,0,0,0,0,63,
16,7971,חולון,6600,104,30,0,533,303,0,303,15,3,2,0,0,0,6,0,0,0,0,0,0,0,0,15,124,0,0,0,0,0,96,0,0,0,0,0,0,42,
16,7972,חולון,6600,105,23,0,493,275,1,274,7,3,0,0,0,0,10,0,0,0,0,0,0,0,0,13,125,0,0,0,0,0,67,0,0,0,0,0,0,49,
16,7973,חולון,6600,107,30,0,677,439,0,439,20,1,0,0,0,0,14,0,0,0,0,0,0,0,0,23,187,0,0,0,3,0,151,0,0,0,0,0,0,40,
16,7974,חולון,6600,108,5,0,661,301,3,298,12,3,1,0,0,0,7,0,0,0,0,0,0,0,0,32,127,0,0,0,1,0,56,0,0,0,0,0,0,59,
16,7975,חולון,6600,109,5,0,550,370,1,369,20,4,1,0,0,0,9,0,0,0,0,0,0,0,0,29,156,0,0,1,1,0,115,0,1,0,0,1,0,31,
16,7976,חולון,6600,110,30,0,587,376,2,374,11,2,0,0,0,0,18,0,0,0,0,0,0,0,0,25,177,0,0,0,2,0,116,0,0,0,0,0,0,23,
16,7977,חולון,6600,118,5,0,570,317,2,315,8,2,0,0,0,0,3,0,0,0,0,0,0,0,0,29,154,1,0,0,3,0,76,0,0,0,0,0,0,39,
16,7978,חולון,6600,181,12,0,667,326,2,324,24,3,2,0,0,0,9,0,0,0,0,0,0,0,0,37,102,1,1,0,1,0,126,0,0,0,0,0,0,18,
16,7979,חולון,6600,182,82,0,710,500,2,498,13,3,3,0,0,0,17,0,0,0,0,0,0,0,0,35,256,0,0,0,3,0,76,0,0,0,0,0,2,90,
16,7980,חולון,6600,183,83,0,660,422,2,420,9,3,1,1,0,0,19,0,0,0,0,0,0,0,0,28,207,0,0,0,2,1,98,0,0,1,0,0,0,50,
16,7981,חולון,6600,186,5,0,768,492,2,490,14,1,0,0,0,0,15,0,0,0,0,0,0,0,0,15,241,0,0,0,5,0,103,0,0,0,0,0,0,96,
16,7982,חולון,6600,193,23,0,607,313,1,312,19,5,1,1,0,0,10,0,0,0,0,0,0,0,0,28,133,0,0,0,2,0,70,0,0,0,0,0,0,43,
16,7983,חולון,6600,197,30,0,588,375,0,375,17,2,1,0,0,0,13,0,0,0,0,0,0,0,0,34,161,0,1,0,3,0,101,0,0,0,0,0,1,41,
16,7984,חולון,6600,201,57,0,578,413,1,412,52,1,1,1,0,0,7,0,1,0,0,0,0,0,0,5,121,1,0,0,1,0,210,0,0,0,0,0,1,10,
16,7985,חולון,6600,204,12,0,427,262,3,259,16,2,0,0,0,0,8,0,0,0,0,0,0,0,0,16,103,0,0,0,0,0,92,1,0,0,0,0,0,21,
16,7986,חולון,6600,212,82,0,655,459,7,452,13,2,4,0,0,0,12,0,0,1,0,0,0,0,0,39,224,0,0,0,2,0,64,0,0,0,0,0,0,91,
16,7987,חולון,6600,224,82,0,677,517,8,509,9,5,0,0,0,0,16,0,0,0,0,0,0,0,0,23,245,1,0,0,3,0,86,1,0,0,0,0,0,120,
16,7988,חולון,6600,225.1,14,0,587,388,3,385,10,1,0,1,0,0,10,0,0,0,0,1,0,0,1,18,198,0,1,0,0,0,59,0,1,0,0,0,0,84,
16,7989,חולון,6600,225.2,14,0,587,397,0,397,17,3,0,2,0,0,4,0,0,0,0,0,0,0,0,27,187,1,0,0,0,0,77,1,0,0,0,1,0,77,
16,7990,חולון,6600,225.3,14,0,587,384,5,379,9,1,0,0,0,0,16,0,0,0,0,0,0,0,0,28,171,0,0,0,1,0,60,0,1,0,0,0,0,92,
16,7991,חולון,6600,225.4,14,0,587,401,2,399,9,4,0,0,0,0,12,0,0,0,0,0,0,0,0,40,203,0,0,0,0,1,66,1,0,0,0,0,0,63,
16,7992,חולון,6600,225.5,14,0,584,370,0,370,15,5,0,0,0,0,11,0,0,0,0,0,0,0,0,38,154,0,0,0,1,0,77,0,0,0,0,0,0,69,
16,7993,חולון,6600,226,20,0,700,470,4,466,9,6,0,0,0,0,8,0,0,0,0,0,0,0,0,9,187,0,0,0,0,0,28,0,0,0,0,0,0,219,
16,7994,חולון,6600,233,82,0,569,327,1,326,6,3,0,1,0,0,11,0,0,0,0,0,0,0,1,27,162,0,0,0,1,0,43,0,0,0,0,0,0,71,
16,7995,חולון,6600,234,12,0,675,364,2,362,25,1,1,0,0,0,4,0,0,0,0,0,0,0,0,32,115,1,0,0,0,0,164,0,0,0,0,0,0,19,
16,7996,חולון,6600,246,22,0,463,305,1,304,8,3,1,0,0,0,10,0,0,0,0,0,0,0,0,5,163,0,0,0,1,0,52,0,0,0,0,1,0,60,
16,7997,חולון,6600,249,82,0,600,442,5,437,4,3,1,1,0,0,8,0,0,0,0,0,0,1,0,46,228,0,0,0,4,0,59,0,0,0,0,0,0,82,
16,7998,חולון,6600,260,83,0,567,356,1,355,7,7,0,0,0,0,7,0,0,0,0,0,0,0,0,26,178,0,0,0,3,0,72,0,0,1,0,0,0,54,
16,7999,חולון,6600,88,34,0,651,354,0,354,16,2,2,0,0,0,9,1,0,0,0,0,0,0,0,49,156,0,0,0,1,0,86,0,0,0,0,0,0,32,
16,8000,חולון,6600,102,34,0,581,339,3,336,9,5,3,2,0,0,6,0,0,0,0,0,0,0,0,36,125,0,0,1,1,0,117,0,0,0,0,0,0,31,
16,8001,חולון,6600,111,34,0,531,340,1,339,13,2,1,0,0,0,6,0,0,0,0,0,0,0,0,36,106,0,1,0,1,0,145,0,0,0,0,0,1,27,
16,8002,חולון,6600,112,3,0,476,288,1,287,13,4,0,1,0,0,15,0,0,0,0,0,0,0,0,4,135,0,0,0,2,0,73,0,0,0,0,0,0,40,
16,8003,חולון,6600,113,37,0,550,346,2,344,11,7,0,1,0,0,14,0,0,0,0,0,0,0,0,17,149,0,0,0,4,0,92,0,0,0,0,0,0,49,
16,8004,חולון,6600,115,37,0,734,473,3,470,32,4,1,1,0,0,13,0,0,0,0,0,0,0,0,20,197,2,0,0,5,1,156,0,0,0,0,0,0,38,
16,8005,חולון,6600,119,59,0,635,294,9,285,8,3,0,0,0,0,7,0,0,0,0,0,0,0,1,78,103,0,0,0,1,0,63,0,0,0,1,0,0,20,
16,8006,חולון,6600,120,3,0,493,312,2,310,17,3,0,0,0,0,11,0,0,0,0,0,0,0,0,29,120,0,0,0,0,0,110,0,0,0,0,0,0,20,
16,8007,חולון,6600,122.1,76,0,699,493,1,492,15,2,0,0,0,0,14,0,0,0,0,0,1,0,0,26,245,0,0,0,0,0,144,1,0,0,0,0,0,44,
16,8008,חולון,6600,122.2,76,0,699,474,3,471,16,6,0,1,0,0,7,0,0,0,0,0,0,0,0,41,201,2,0,0,0,0,171,0,0,0,0,0,1,25,
16,8009,חולון,6600,122.3,76,0,699,485,6,479,23,6,0,0,0,0,9,0,0,0,0,0,0,0,0,18,236,0,0,0,1,0,142,0,0,1,0,0,1,42,
16,8010,חולון,6600,122.4,76,0,699,526,0,526,25,3,0,0,0,0,18,0,0,0,0,0,0,0,0,16,255,0,0,0,3,0,158,0,0,0,0,0,0,48,
16,8011,חולון,6600,122.5,76,0,699,511,0,511,14,3,0,1,0,0,19,0,0,0,0,0,0,0,0,29,244,0,0,0,2,0,147,0,0,0,0,0,0,52,
16,8012,חולון,6600,122.6,76,0,699,491,1,490,19,3,0,0,0,0,13,0,0,0,0,0,0,0,0,36,228,0,0,0,1,0,170,0,0,0,0,0,0,20,
16,8013,חולון,6600,122.7,76,0,698,486,4,482,18,3,0,0,0,0,19,0,0,0,0,0,0,0,0,19,230,2,0,0,0,0,160,1,0,0,0,0,0,30,
16,8014,חולון,6600,128,37,0,539,356,3,353,19,9,1,1,0,0,9,0,0,0,0,0,1,1,0,4,163,0,0,0,0,0,98,0,0,0,1,0,0,46,
16,8015,חולון,6600,129,37,0,771,512,1,511,22,3,0,0,0,0,12,0,0,0,0,0,0,0,0,11,225,0,0,0,1,1,160,0,0,0,0,0,1,75,
16,8016,חולון,6600,130,38,0,628,462,3,459,27,11,0,0,0,0,20,0,0,0,0,0,0,0,0,14,174,0,0,0,1,0,167,0,0,0,0,0,0,45,
16,8017,חולון,6600,131,59,0,574,290,3,287,9,3,1,0,0,0,4,0,0,0,0,0,0,0,1,54,130,0,0,0,1,0,51,0,0,0,0,0,0,33,
16,8018,חולון,6600,132,38,0,545,409,1,408,17,5,1,0,0,0,12,0,0,0,0,0,0,0,0,17,175,0,0,0,1,0,147,1,0,0,0,0,0,32,
16,8019,חולון,6600,133.1,58,0,666,372,10,362,9,3,0,0,0,0,4,0,0,0,0,0,0,0,1,33,209,0,1,0,1,0,50,0,0,0,0,1,0,50,
16,8020,חולון,6600,133.2,58,0,666,387,3,384,7,3,0,0,0,0,5,1,1,0,0,0,0,0,0,32,198,0,1,0,2,0,70,0,1,0,1,0,2,60,
16,8021,חולון,6600,133.3,58,1,666,372,7,365,5,6,1,1,0,0,7,0,0,0,0,0,0,0,0,48,166,0,0,1,4,0,70,1,1,0,0,0,0,54,
16,8022,חולון,6600,133.4,58,0,666,383,3,380,11,0,0,0,0,0,7,0,0,0,0,0,0,0,0,33,219,1,0,0,3,0,52,0,0,0,0,0,1,53,
16,8023,חולון,6600,133.5,58,0,666,365,1,364,4,9,0,0,0,0,6,0,0,0,0,0,0,0,0,30,189,0,0,0,0,0,58,0,0,0,0,0,0,68,
16,8024,חולון,6600,133.6,58,0,666,355,2,353,10,4,0,0,0,0,6,1,0,0,0,0,0,0,0,44,190,0,0,0,1,0,59,1,0,0,0,0,0,37,
16,8025,חולון,6600,133.7,58,0,666,328,5,323,8,1,0,0,0,0,4,0,0,0,0,0,0,0,0,58,143,0,0,0,3,0,63,0,0,0,0,0,1,42,
16,8026,חולון,6600,133.8,58,0,662,346,1,345,10,4,0,0,0,0,4,1,0,0,0,0,0,0,0,43,167,0,0,0,2,0,70,0,0,0,0,0,0,44,
16,8027,חולון,6600,135,59,0,597,309,8,301,10,2,1,0,0,0,9,0,0,0,0,0,0,0,0,45,142,0,0,0,1,0,52,0,0,0,0,0,0,39,
16,8028,חולון,6600,137,62,0,494,273,1,272,7,1,0,0,0,0,10,0,0,0,0,0,0,1,0,36,138,0,0,0,6,0,51,0,0,1,0,0,0,21,
16,8029,חולון,6600,155,38,0,691,478,0,478,23,7,0,0,0,0,19,0,0,0,0,0,0,0,0,18,194,0,0,0,5,0,169,0,0,0,0,0,0,43,
16,8030,חולון,6600,156,3,0,671,460,2,458,28,1,0,0,0,0,17,0,0,0,0,0,0,0,0,11,188,0,0,0,4,0,170,0,0,0,0,0,0,39,
16,8031,חולון,6600,157,38,0,669,496,3,493,34,5,0,0,0,0,16,0,0,0,0,0,0,0,0,13,206,1,0,0,5,0,175,0,0,0,0,0,0,38,
16,8032,חולון,6600,158,85,0,548,333,3,330,17,5,0,0,0,0,4,0,0,0,0,0,0,0,0,26,141,3,0,0,1,0,102,1,0,0,0,0,0,30,
16,8033,חולון,6600,159,85,0,526,309,2,307,9,1,0,0,0,0,7,0,0,0,0,0,0,0,0,13,153,1,0,0,4,0,72,0,0,0,0,0,0,47,
16,8034,חולון,6600,178.1,2,0,669,438,2,436,20,6,0,1,0,0,16,0,0,0,0,0,0,0,0,20,222,1,0,0,6,0,116,0,0,0,0,0,0,28,
16,8035,חולון,6600,178.2,2,0,669,479,2,477,20,1,1,0,0,0,12,0,0,0,0,0,0,0,0,36,185,1,0,0,1,0,195,0,0,0,0,0,0,25,
16,8036,חולון,6600,178.3,2,0,669,493,2,491,16,3,2,0,0,0,19,0,0,0,0,0,0,0,0,44,206,1,0,0,3,0,159,1,0,0,0,0,0,37,
16,8037,חולון,6600,178.4,2,0,669,508,3,505,24,3,0,0,0,0,16,0,0,0,0,0,0,0,0,27,229,0,0,0,1,0,175,0,0,0,0,0,0,30,
16,8038,חולון,6600,178.5,2,0,669,499,3,496,30,3,0,1,0,0,14,0,0,0,0,0,0,0,0,49,210,0,0,0,2,0,161,0,0,0,0,0,0,26,
16,8039,חולון,6600,178.6,2,0,667,475,1,474,11,0,1,1,0,0,7,0,0,0,0,0,0,0,0,42,190,0,4,0,0,0,184,0,0,0,0,0,0,34,
16,8040,חולון,6600,191,85,0,589,380,2,378,15,3,2,0,0,0,15,0,0,0,0,0,0,0,0,25,170,0,0,0,0,0,89,0,0,0,0,0,0,59,
16,8041,חולון,6600,192,3,0,636,400,1,399,22,4,0,1,0,0,9,0,0,0,0,0,0,0,0,13,184,1,0,0,2,0,104,0,0,0,0,0,0,59,
16,8042,חולון,6600,194,85,0,500,309,4,305,16,3,1,0,0,0,7,0,0,0,0,0,0,0,0,15,107,0,0,0,0,0,106,0,0,0,0,0,0,50,
16,8043,חולון,6600,195,3,0,556,339,3,336,11,7,1,0,0,0,12,0,0,0,0,0,0,0,0,23,145,0,0,0,0,0,90,0,0,0,0,0,0,47,
16,8044,חולון,6600,198,85,0,596,368,2,366,17,1,0,0,0,0,9,0,0,0,0,0,0,0,0,23,183,1,0,0,0,0,69,0,0,0,0,1,0,62,
16,8045,חולון,6600,223.1,56,0,691,493,4,489,30,2,0,0,0,0,10,0,0,0,0,0,0,0,0,27,216,0,0,0,0,0,176,0,0,0,0,1,0,27,
16,8046,חולון,6600,223.2,56,0,691,466,3,463,29,3,1,0,0,0,16,0,0,0,0,0,0,0,0,20,180,1,0,0,2,0,185,0,0,0,0,0,0,26,
16,8047,חולון,6600,223.3,56,0,691,476,1,475,24,0,0,0,0,0,6,0,0,0,0,0,0,0,0,20,187,0,0,0,0,0,208,0,1,0,0,0,0,29,
16,8048,חולון,6600,223.4,56,0,691,491,2,489,23,3,0,1,0,0,15,0,0,0,0,0,0,0,1,25,207,0,0,0,1,0,184,0,0,0,0,0,0,29,
16,8049,חולון,6600,223.5,56,0,690,511,1,510,22,2,2,0,0,0,23,0,0,0,0,0,0,0,0,29,195,0,0,0,1,0,215,0,0,0,0,0,0,21,
16,8050,חולון,6600,228.1,91,0,530,265,0,265,13,3,0,0,0,0,1,1,0,0,0,0,0,0,1,21,141,0,0,0,2,0,51,0,0,0,0,1,0,30,
16,8051,חולון,6600,228.2,91,0,530,259,0,259,12,3,0,0,0,0,8,0,0,0,0,0,0,0,0,33,119,1,0,0,1,0,44,0,0,1,0,0,0,37,
16,8052,חולון,6600,228.3,91,0,530,300,2,298,9,3,0,0,0,0,6,0,0,0,0,0,0,0,0,34,118,0,0,0,1,0,54,0,0,0,0,0,0,73,
16,8053,חולון,6600,228.4,91,0,530,253,0,253,4,6,0,0,0,0,3,0,0,0,0,0,0,0,0,46,98,0,0,0,0,0,63,0,0,1,0,0,0,32,
16,8054,חולון,6600,248,87,0,678,531,0,531,20,1,1,1,0,0,13,0,0,0,0,0,0,0,0,8,284,0,0,0,2,0,167,0,0,0,0,0,0,34,
16,8055,חולון,6600,253,87,0,651,523,2,521,18,2,1,0,0,0,24,0,0,0,0,0,0,0,0,19,233,0,0,0,4,0,192,0,0,1,0,0,0,27,
16,8056,חולון,6600,254.1,79,0,539,414,4,410,13,4,0,0,0,0,9,0,0,0,0,0,0,0,0,20,208,0,0,0,1,0,121,0,0,0,0,0,0,34,
16,8057,חולון,6600,254.2,79,0,539,416,5,411,17,5,0,2,0,0,13,1,0,0,0,0,0,0,0,19,180,0,0,0,0,0,140,0,0,0,0,0,0,34,
16,8058,חולון,6600,254.3,79,0,539,416,4,412,13,1,1,0,0,0,10,0,0,0,0,0,0,1,0,19,212,0,0,1,1,0,121,0,0,0,0,0,0,32,
16,8059,חולון,6600,254.4,79,0,536,425,0,425,22,1,0,0,0,0,14,0,0,0,0,0,0,0,0,20,173,1,0,0,1,0,176,0,0,0,0,0,0,17,
16,8060,חולון,6600,255,87,0,660,494,0,494,28,1,0,0,0,0,23,0,0,0,0,0,0,0,0,13,239,0,0,0,1,0,160,0,0,0,0,0,0,29,
16,8061,חולון,6600,259,87,0,669,502,4,498,14,0,0,0,0,0,24,0,0,0,0,0,0,0,1,8,226,1,0,0,0,0,189,0,0,0,0,0,0,35,
16,8062,חולון,6600,262,87,0,662,526,1,525,12,9,0,0,0,0,13,0,0,0,0,0,0,0,0,16,265,0,0,0,3,0,168,0,0,0,0,0,0,39,
16,8063,חולון,6600,267,87,0,682,522,1,521,15,4,0,0,0,0,8,0,0,0,0,0,0,0,0,24,254,0,1,0,0,0,173,0,0,0,0,0,0,42,
16,8064,חולון,6600,1,4,0,671,466,1,465,15,4,2,0,0,0,14,0,0,0,0,0,0,0,0,19,248,0,0,0,1,0,54,0,0,0,0,0,0,108,
16,8065,חולון,6600,2,39,0,655,444,2,442,14,6,0,0,0,0,20,0,0,0,0,0,0,0,0,24,175,0,0,0,1,0,133,0,0,0,0,0,0,69,
16,8066,חולון,6600,3,40,0,684,454,0,454,23,8,0,0,0,0,9,0,0,0,0,0,0,0,0,15,204,0,0,0,4,0,158,0,0,0,0,0,1,32,
16,8067,חולון,6600,4,40,0,483,354,2,352,14,11,1,0,0,0,14,0,0,0,0,0,0,0,0,12,155,1,0,0,1,0,101,1,0,0,0,0,0,41,
16,8068,חולון,6600,5,24,0,572,386,1,385,22,3,2,0,0,0,12,0,0,0,0,0,0,0,0,11,142,0,1,0,0,0,170,0,0,0,0,0,1,21,
16,8069,חולון,6600,7,4,0,565,426,1,425,17,5,0,0,0,0,19,0,0,0,0,0,0,0,0,9,267,0,1,0,2,0,79,0,0,1,0,0,0,25,
16,8070,חולון,6600,11,40,0,520,339,1,338,11,6,0,0,0,0,18,0,0,0,0,0,1,0,1,5,140,1,0,0,1,0,110,0,0,0,0,0,0,44,
16,8071,חולון,6600,14,29,0,622,427,1,426,11,2,0,0,0,0,19,0,1,0,0,0,0,0,0,20,211,0,1,0,2,0,105,1,0,0,0,0,0,53,
16,8072,חולון,6600,16,8,0,576,412,0,412,36,6,2,0,0,0,4,0,0,0,0,1,0,0,0,17,156,0,0,0,1,0,153,0,0,0,0,0,0,36,
16,8073,חולון,6600,17,29,0,575,412,0,412,25,6,0,0,0,0,24,0,0,0,0,0,0,0,0,8,151,1,0,0,3,0,163,0,0,0,0,0,0,31,
16,8074,חולון,6600,18,29,0,722,398,2,396,8,13,0,1,0,0,12,0,0,0,0,0,0,0,0,18,181,0,0,0,0,0,94,0,0,0,0,0,0,69,
16,8075,חולון,6600,19,8,0,519,339,0,339,21,4,1,0,0,0,9,0,0,0,0,0,0,0,0,6,154,1,1,0,3,0,91,0,0,0,0,0,0,48,
16,8076,חולון,6600,20,29,0,632,394,6,388,30,3,0,1,0,0,17,0,0,0,0,0,0,0,0,30,168,0,0,0,3,0,96,1,0,0,0,0,0,39,
16,8077,חולון,6600,21,29,0,497,333,4,329,12,2,1,1,0,0,15,0,0,0,0,0,0,0,0,8,159,0,0,0,0,0,83,0,0,0,0,0,0,48,
16,8078,חולון,6600,23,10,0,637,322,1,321,17,3,0,2,0,0,12,0,0,0,0,0,0,0,0,43,108,0,0,0,3,0,107,0,0,0,0,0,0,26,
16,8079,חולון,6600,24,6,0,625,412,0,412,33,4,1,2,0,0,13,0,0,0,0,0,0,0,0,21,150,0,0,0,2,0,161,0,0,0,0,0,0,25,
16,8080,חולון,6600,25,6,0,675,457,2,455,31,5,2,0,0,0,20,0,0,0,0,0,0,0,0,15,180,0,0,0,2,0,176,0,0,0,0,0,0,24,
16,8081,חולון,6600,26,6,0,718,449,1,448,33,1,4,0,0,0,22,0,0,0,0,0,0,0,0,19,181,0,1,0,1,0,152,0,0,0,0,0,0,34,
16,8082,חולון,6600,27,7,0,641,447,1,446,39,4,2,0,0,0,28,0,0,0,0,0,0,0,0,16,131,0,0,0,0,0,218,0,0,0,0,0,0,8,
16,8083,חולון,6600,28,25,0,410,237,1,236,18,2,1,2,0,0,6,0,0,0,0,0,0,0,1,18,81,1,0,0,2,0,93,0,0,0,0,0,0,11,
16,8084,חולון,6600,29,10,0,591,337,2,335,31,6,3,0,0,0,12,0,0,0,0,0,0,0,0,32,131,0,0,0,4,0,103,0,0,0,0,0,1,12,
16,8085,חולון,6600,31,35,0,366,216,1,215,7,2,0,0,0,0,14,0,0,0,0,0,0,0,0,24,85,1,0,0,0,0,61,0,0,1,0,0,0,20,
16,8086,חולון,6600,32,35,0,406,257,0,257,25,0,0,0,0,0,7,1,0,0,0,0,0,0,0,20,77,1,0,0,1,0,115,0,0,0,0,0,0,10,
16,8087,חולון,6600,38,25,0,621,346,1,345,18,8,1,0,0,0,10,0,0,0,0,0,0,0,0,41,104,0,0,0,0,0,146,0,0,0,0,0,0,17,
16,8088,חולון,6600,40,25,0,607,319,1,318,16,2,0,0,0,0,5,0,0,0,0,0,0,0,1,46,118,1,0,0,1,0,107,0,0,0,0,0,0,21,
16,8089,חולון,6600,42,11,0,737,459,3,456,32,2,3,0,0,0,5,0,0,0,0,0,0,0,0,70,133,1,0,0,2,0,189,0,0,0,0,0,0,19,
16,8090,חולון,6600,43,11,0,653,363,4,359,16,2,1,1,0,0,8,0,0,0,0,0,0,0,1,37,140,0,0,0,0,0,138,0,0,0,0,0,0,15,
16,8091,חולון,6600,45,25,0,614,334,2,332,16,2,0,0,0,0,3,0,0,0,0,0,0,0,0,38,130,0,0,0,2,0,115,0,0,0,0,0,2,24,
16,8092,חולון,6600,46,7,0,539,323,0,323,25,1,0,0,0,0,6,0,0,0,0,0,0,0,0,19,130,2,0,0,1,0,122,0,0,0,0,0,0,17,
16,8093,חולון,6600,48,24,0,703,427,0,427,30,2,3,1,0,0,8,0,0,0,0,0,0,0,1,33,173,0,0,0,0,0,161,0,0,0,0,0,0,15,
16,8094,חולון,6600,49,25,0,561,313,1,312,22,4,0,0,0,0,8,0,0,0,0,0,1,0,0,29,110,0,0,1,2,0,119,0,0,1,0,0,0,15,
16,8095,חולון,6600,50,25,0,510,285,0,285,23,4,0,0,0,0,6,0,0,0,0,0,0,0,0,30,114,0,0,0,2,0,88,0,0,0,1,0,0,17,
16,8096,חולון,6600,53,24,0,686,484,0,484,35,1,2,0,0,0,11,0,0,0,0,0,0,0,0,23,167,1,0,0,1,0,227,1,0,0,0,0,0,15,
16,8097,חולון,6600,54,25,0,500,248,2,246,14,2,0,0,0,0,8,0,0,0,0,0,0,0,0,23,88,0,0,0,0,0,95,2,0,1,0,0,0,13,
16,8098,חולון,6600,67,24,0,607,363,1,362,26,3,0,0,0,0,18,0,0,0,0,0,0,0,0,24,108,0,0,1,2,0,159,0,0,0,0,0,0,21,
16,8099,חולון,6600,99,10,0,688,502,0,502,20,6,0,0,0,0,8,0,0,0,0,0,0,0,0,31,229,0,1,0,1,1,167,0,0,0,1,0,0,37,
16,8100,חולון,6600,136,8,0,663,354,6,348,11,5,0,0,0,0,14,2,0,0,0,0,0,0,0,41,148,0,0,0,1,0,80,0,0,0,0,0,0,46,
16,8101,חולון,6600,138,8,0,661,381,4,377,14,5,1,0,0,0,8,0,0,0,0,0,0,0,0,60,164,0,0,0,3,0,108,0,0,1,0,0,0,13,
16,8102,חולון,6600,139,8,0,704,340,0,340,10,1,0,1,0,0,8,0,0,0,0,0,0,0,0,52,141,1,0,0,0,0,86,0,0,0,0,0,0,40,
16,8103,חולון,6600,143,8,0,641,332,5,327,9,7,0,1,0,0,4,0,0,0,0,0,0,0,0,56,131,0,0,0,0,0,77,1,0,0,0,0,0,41,
16,8104,חולון,6600,147,8,0,604,311,2,309,10,10,0,0,0,0,6,0,0,0,0,0,0,0,0,42,130,0,0,0,3,1,61,0,0,0,0,0,0,46,
16,8105,חולון,6600,161,8,0,681,369,2,367,16,7,1,0,0,0,8,0,0,0,0,0,0,0,0,44,166,0,0,0,1,0,95,0,0,0,0,0,0,29,
16,8106,חולון,6600,165,25,0,642,368,4,364,29,4,4,1,0,0,21,0,0,0,0,0,0,0,0,24,111,1,0,0,0,0,143,0,0,0,0,0,0,26,
16,8107,חולון,6600,166,6,0,655,375,1,374,27,2,1,0,0,0,13,0,0,0,0,0,0,0,0,36,116,0,0,0,1,0,150,0,0,0,0,1,0,27,
16,8108,חולון,6600,167,7,0,589,417,1,416,29,6,1,0,0,0,20,0,0,0,0,0,0,0,0,15,146,1,0,0,1,0,184,0,0,0,0,0,0,13,
16,8109,חולון,6600,185,7,0,487,270,0,270,15,2,1,0,0,0,8,0,0,0,0,0,0,0,1,36,96,1,0,0,2,0,99,1,0,0,0,0,0,8,
16,8110,חולון,6600,215,10,0,734,472,2,470,17,3,1,0,0,0,8,0,0,0,0,0,0,0,0,25,230,0,0,0,0,0,149,1,1,0,0,0,1,34,
16,8111,חולון,6600,257.1,90,0,567,372,0,372,23,4,0,0,0,0,12,0,0,0,0,0,0,0,0,15,147,1,0,0,0,0,148,0,0,0,0,0,0,22,
16,8112,חולון,6600,257.2,90,0,567,404,0,404,17,6,0,0,0,0,14,0,0,0,0,0,0,0,0,12,155,1,0,0,2,0,169,0,0,0,0,0,0,28,
16,8113,חולון,6600,257.3,90,0,567,379,0,379,31,1,0,1,0,0,21,0,0,0,0,0,0,0,0,28,135,0,0,0,1,0,139,0,0,0,0,0,0,22,
16,8114,חולון,6600,257.4,90,0,565,392,0,392,25,2,0,0,0,0,5,0,0,0,0,0,0,0,1,23,147,2,0,0,1,0,171,0,0,0,0,0,0,15,
16,8115,חולון,6600,263,10,0,706,503,1,502,23,2,2,0,0,0,20,0,0,0,0,0,0,0,0,21,267,0,0,0,2,0,137,0,0,0,0,0,0,28,
16,8116,חולון,6600,957,35,0,550,417,0,417,17,2,0,1,0,0,20,0,0,0,0,0,0,0,0,13,139,2,0,0,2,0,190,2,0,0,0,0,0,29,
16,8117,חולון,6600,6,42,0,538,396,0,396,25,2,1,2,0,0,11,0,0,0,0,0,0,0,0,24,146,1,0,0,1,0,153,0,0,0,0,0,0,30,
16,8118,חולון,6600,8,42,0,756,485,1,484,11,9,0,0,0,0,14,0,0,0,0,0,0,0,0,15,235,0,0,0,1,0,96,0,0,0,0,0,0,103,
16,8119,חולון,6600,9,81,0,572,375,2,373,29,7,2,1,0,0,8,0,0,0,0,0,0,0,0,21,133,0,0,0,1,0,145,0,0,0,0,0,0,26,
16,8120,חולון,6600,10,81,0,563,366,1,365,16,0,0,0,0,0,10,0,0,0,0,0,0,0,0,39,163,2,0,0,2,0,115,0,0,0,0,0,0,18,
16,8121,חולון,6600,12,42,0,652,450,0,450,18,4,0,0,0,0,23,0,1,0,0,0,0,0,1,6,256,0,0,0,4,0,72,0,0,0,0,0,0,65,
16,8122,חולון,6600,13,81,0,604,401,3,398,24,1,0,1,0,0,14,0,0,0,0,0,0,0,0,26,140,0,0,0,0,0,165,0,0,0,0,0,0,27,
16,8123,חולון,6600,87,27,0,680,361,1,360,20,2,1,1,0,0,10,0,0,0,0,0,0,0,0,35,144,0,1,0,1,0,118,0,0,0,0,0,0,27,
16,8124,חולון,6600,91,27,0,634,319,3,316,4,6,0,0,0,0,7,0,0,0,0,0,0,0,0,25,149,0,0,1,2,0,50,0,0,1,0,1,0,70,
16,8125,חולון,6600,114,27,0,628,343,1,342,18,3,0,2,1,0,6,0,0,0,0,0,0,0,0,45,140,0,0,0,0,0,45,0,0,0,0,0,0,82,
16,8126,חולון,6600,123,51,0,675,389,3,386,17,6,1,0,0,0,5,1,0,0,0,0,0,0,0,68,154,1,0,0,1,0,109,0,0,0,0,0,0,23,
16,8127,חולון,6600,124,51,0,629,409,4,405,20,2,0,0,0,0,12,0,0,0,0,0,0,0,0,38,188,0,0,0,0,0,119,0,0,0,0,0,0,26,
16,8128,חולון,6600,140,17,0,572,368,2,366,8,1,2,2,0,0,9,0,0,0,0,0,0,0,1,30,158,1,0,0,1,0,118,0,0,0,0,0,0,35,
16,8129,חולון,6600,141,26,0,709,474,5,469,22,2,0,2,0,0,22,0,0,0,0,0,0,0,0,43,219,0,0,0,1,0,131,0,0,0,0,0,1,26,
16,8130,חולון,6600,144,77,0,609,422,1,421,14,8,0,0,0,0,14,0,0,0,0,0,0,0,0,24,204,0,0,0,1,0,127,0,0,0,0,0,1,28,
16,8132,חולון,6600,146,26,0,672,369,3,366,16,12,0,0,0,0,5,0,0,0,0,0,0,0,0,44,146,0,0,0,4,0,102,0,0,0,0,2,0,35,
16,8133,חולון,6600,148,26,0,669,372,3,369,10,3,1,2,0,0,9,0,0,0,0,0,0,0,0,76,144,0,0,0,2,0,83,3,0,0,0,0,0,36,
16,8134,חולון,6600,149,80,0,635,343,3,340,7,6,0,0,0,0,7,1,0,0,0,0,0,0,0,43,145,1,0,0,3,0,72,0,0,1,0,0,0,54,
16,8135,חולון,6600,150,17,0,588,363,0,363,9,1,0,0,0,0,13,0,0,0,0,0,0,1,0,36,146,0,0,0,4,0,99,0,0,0,0,0,0,54,
16,8136,חולון,6600,151,17,0,477,350,2,348,22,0,1,0,0,0,11,0,0,0,0,0,0,0,0,18,151,0,0,0,0,0,123,0,0,0,0,0,0,22,
16,8137,חולון,6600,152,51,1,620,437,2,435,17,13,0,2,0,0,9,0,0,0,0,0,0,1,0,17,200,0,0,0,2,0,134,0,0,0,0,0,0,40,
16,8138,חולון,6600,153,77,0,674,465,3,462,30,3,0,0,0,0,13,1,0,0,0,0,0,0,0,19,180,0,0,0,1,0,174,0,0,0,0,0,0,41,
16,8139,חולון,6600,154,51,0,519,361,2,359,14,4,1,1,0,0,17,0,0,0,0,0,0,0,1,13,165,1,0,0,0,0,120,0,0,0,0,0,0,22,
16,8140,חולון,6600,160,80,0,687,405,3,402,19,6,1,0,0,0,10,1,0,0,0,0,0,0,0,26,151,0,0,0,0,0,125,0,0,0,0,0,0,63,
16,8141,חולון,6600,162,26,0,677,441,3,438,15,12,0,0,0,0,8,0,0,0,0,0,0,0,0,34,179,0,0,0,4,0,155,0,0,0,0,0,0,31,
16,8142,חולון,6600,163,17,0,523,375,1,374,13,0,1,0,0,0,9,0,0,0,0,0,0,0,0,30,157,0,0,0,0,0,114,0,0,0,0,0,0,50,
16,8143,חולון,6600,168,17,0,505,350,3,347,10,3,2,0,0,0,11,0,0,0,0,0,0,0,0,21,155,1,2,0,2,0,115,0,0,0,0,0,0,25,
16,8144,חולון,6600,171,50,0,676,481,3,478,22,6,0,1,0,0,10,0,0,0,0,0,0,1,0,22,206,1,0,0,2,0,178,0,0,0,0,0,1,28,
16,8145,חולון,6600,177,50,0,481,333,2,331,24,0,0,0,0,0,10,0,0,0,0,0,0,0,0,9,133,1,0,0,0,0,122,0,0,0,0,0,0,32,
16,8146,חולון,6600,179.1,69,0,694,513,3,510,16,3,0,1,0,0,16,0,0,0,0,0,0,0,0,23,242,1,0,0,0,0,157,0,0,0,0,0,0,51,
16,8147,חולון,6600,179.2,69,0,694,503,1,502,15,4,0,2,0,0,15,0,0,0,0,0,0,0,0,41,203,1,0,0,2,0,183,0,0,0,0,0,0,36,
16,8148,חולון,6600,179.3,69,0,694,507,0,507,16,1,0,2,0,0,14,0,0,0,1,0,0,0,0,23,232,0,0,0,2,0,183,0,0,0,0,0,0,33,
16,8149,חולון,6600,179.4,69,0,694,496,1,495,22,2,1,0,0,0,17,0,0,0,0,0,0,0,0,32,217,0,0,0,0,0,171,0,0,0,0,0,0,33,
16,8150,חולון,6600,179.5,69,0,690,501,7,494,10,3,0,2,0,0,15,0,0,0,0,0,0,0,0,39,192,1,0,0,1,0,194,0,0,0,0,0,0,37,
16,8151,חולון,6600,187,50,0,474,362,0,362,11,1,0,2,0,0,14,0,0,0,0,0,0,0,0,11,136,0,1,0,1,0,170,0,0,0,0,0,0,15,
16,8152,חולון,6600,189,50,0,693,489,2,487,22,1,0,0,0,0,12,0,0,0,0,0,0,0,0,25,210,0,0,0,1,0,190,0,0,0,1,0,0,25,
16,8153,חולון,6600,205,26,0,634,371,3,368,13,1,2,0,0,0,5,0,0,0,0,0,0,0,0,55,164,0,0,0,0,0,101,0,0,0,0,0,0,27,
16,8154,חולון,6600,206,17,0,575,345,1,344,16,1,1,0,0,0,16,0,0,0,0,0,0,0,0,24,145,1,0,0,0,0,106,1,0,0,0,0,0,33,
16,8155,חולון,6600,207,80,0,511,346,1,345,25,1,0,1,0,0,11,0,0,0,0,0,0,0,0,20,130,0,0,0,0,0,124,0,0,0,1,0,0,32,
16,8156,חולון,6600,208,80,0,655,452,1,451,30,2,1,3,0,0,12,1,0,0,0,0,0,0,0,24,161,0,0,0,2,0,188,0,0,0,0,0,0,27,
16,8157,חולון,6600,210,77,0,538,383,4,379,18,3,1,0,0,0,10,0,0,0,0,0,0,0,0,15,152,0,0,0,0,0,155,0,0,0,0,0,0,25,
16,8158,חולון,6600,211,93,0,553,333,6,327,16,1,0,1,0,0,1,0,0,0,0,0,0,0,0,123,105,1,0,0,0,0,69,0,0,0,0,0,0,10,
16,8159,חולון,6600,217,78,0,622,468,2,466,27,1,0,0,0,0,19,0,0,0,0,0,0,0,0,18,181,1,0,0,0,0,207,0,0,0,0,0,0,12,
16,8160,חולון,6600,218,78,0,555,430,1,429,14,3,0,0,0,0,17,0,0,0,0,0,0,0,0,9,207,0,0,0,2,0,148,0,0,0,0,0,0,29,
16,8161,חולון,6600,219,89,0,592,460,1,459,8,2,2,0,0,0,27,0,0,0,0,0,0,0,0,19,202,0,0,0,0,0,184,0,0,0,0,0,0,15,
16,8162,חולון,6600,229,89,0,600,452,0,452,15,2,3,0,0,0,17,0,0,0,0,0,0,0,0,31,157,0,0,0,0,1,194,0,0,0,0,0,0,32,
16,8163,חולון,6600,232.1,75,0,555,401,1,400,22,1,4,1,0,0,15,0,0,0,0,0,0,0,0,10,149,0,0,0,0,0,176,0,0,0,0,0,0,22,
16,8164,חולון,6600,232.2,75,0,555,398,1,397,31,0,0,0,0,0,7,0,0,0,0,0,0,0,0,16,156,0,0,0,0,0,153,0,0,0,0,0,0,34,
16,8165,חולון,6600,232.3,75,0,555,400,1,399,31,3,0,1,0,0,8,0,0,0,0,0,0,0,0,25,155,0,0,0,5,0,153,0,0,1,0,0,0,17,
16,8166,חולון,6600,232.4,75,0,552,423,3,420,20,1,0,1,0,0,11,0,0,0,0,0,0,0,0,20,156,0,0,0,0,0,190,0,0,0,0,0,0,21,
16,8167,חולון,6600,237,17,0,387,278,2,276,15,2,0,0,0,0,5,0,0,0,0,0,0,0,0,10,85,0,0,0,2,0,135,0,0,0,0,0,0,22,
16,8168,חולון,6600,240,89,0,656,485,0,485,28,1,0,0,0,0,14,0,0,0,0,0,0,0,0,20,225,2,0,0,3,0,168,0,0,0,0,0,0,24,
16,8169,חולון,6600,241,78,0,673,471,1,470,16,2,2,0,0,0,20,0,0,0,0,0,0,0,1,14,222,0,0,0,1,0,158,1,0,0,2,0,0,31,
16,8170,חולון,6600,244.1,28,0,585,376,4,372,17,3,0,0,0,0,22,0,0,0,0,0,0,0,0,17,141,0,0,0,0,0,112,0,0,0,0,0,0,60,
16,8171,חולון,6600,244.2,28,0,585,393,1,392,17,6,0,0,0,0,8,0,0,0,0,0,0,0,0,23,147,0,0,0,1,0,146,0,0,1,0,0,0,43,
16,8172,חולון,6600,244.3,28,0,585,375,1,374,13,1,0,0,0,0,7,0,0,0,0,0,0,0,0,16,151,0,0,0,1,0,112,0,0,0,0,1,0,72,
16,8173,חולון,6600,244.4,28,0,585,408,3,405,9,8,0,0,0,0,14,0,0,1,0,0,0,0,0,20,158,0,0,0,1,0,137,0,0,0,0,0,0,57,
16,8174,חולון,6600,244.5,28,0,581,368,1,367,17,5,1,1,0,0,10,0,0,0,0,0,0,0,0,27,156,0,0,0,0,1,110,0,0,0,0,0,0,39,
16,8175,חולון,6600,245,50,0,599,404,5,399,17,1,0,0,0,0,7,0,0,0,0,0,0,0,0,18,183,0,0,0,0,0,147,1,0,0,0,0,0,25,
16,8176,חולון,6600,251,78,0,648,453,0,453,22,1,0,1,0,0,14,2,0,0,0,0,0,0,0,27,200,1,0,0,2,0,149,0,0,0,0,0,0,34,
16,8177,חולון,6600,252,89,0,606,471,0,471,33,2,0,0,0,0,8,0,0,0,0,0,0,0,0,11,272,0,0,0,1,0,117,0,0,0,0,0,0,27,
16,8178,חולון,6600,258,89,0,722,564,1,563,21,2,2,0,0,0,24,0,0,0,0,0,0,0,0,16,270,0,0,0,0,0,210,0,0,0,0,0,0,18,
16,8179,חולון,6600,266,89,0,663,518,0,518,18,6,2,0,0,0,10,0,0,0,0,0,0,0,0,21,258,0,0,0,2,0,162,0,0,0,0,0,1,38,
16,8180,חולון,6600,953,78,0,723,519,2,517,15,7,0,0,0,0,14,0,0,0,0,0,0,0,0,22,236,0,0,0,1,0,187,0,0,0,0,0,0,35,
7,2877,חיפה,4000,50,5,0,524,240,1,239,6,0,217,0,0,0,0,0,0,0,0,1,0,0,0,1,2,0,0,0,0,0,11,0,0,0,1,0,0,0,
7,2878,חיפה,4000,74.1,33,0,401,135,2,133,17,0,41,0,0,0,1,0,0,0,0,0,0,0,0,9,27,2,0,0,0,0,33,0,1,0,0,0,0,2,
7,2879,חיפה,4000,74.2,33,0,403,128,0,128,14,0,43,0,0,0,4,0,0,0,0,0,0,0,0,6,22,0,0,0,2,0,36,0,0,0,0,0,1,0,
7,2880,חיפה,4000,75,236,0,697,390,2,388,6,0,345,1,0,0,0,0,0,0,0,0,0,0,0,4,4,0,0,0,1,0,27,0,0,0,0,0,0,0,
7,2881,חיפה,4000,77,236,0,646,332,1,331,12,0,267,0,0,0,2,0,0,1,0,0,0,0,0,2,7,0,0,0,0,0,38,0,0,1,0,0,1,0,
7,2882,חיפה,4000,79,5,0,469,258,0,258,6,0,224,0,0,0,0,0,0,0,0,0,0,0,0,2,4,0,0,0,0,0,19,0,0,1,0,0,0,2,
7,2883,חיפה,4000,80,5,0,506,289,0,289,9,0,254,0,0,0,0,0,0,0,0,0,0,0,0,2,2,0,0,0,0,0,20,0,0,0,1,0,1,0,
7,2884,חיפה,4000,81,58,0,709,389,7,382,20,0,323,0,1,0,1,0,0,0,0,0,1,0,0,4,12,0,0,0,0,0,20,0,0,0,0,0,0,0,
7,2885,חיפה,4000,83,114,1,479,236,2,234,4,0,188,0,0,0,0,0,0,0,0,0,0,0,0,3,9,0,0,0,0,0,27,0,1,0,0,0,1,1,
7,2886,חיפה,4000,88,251,0,635,350,9,341,22,0,233,0,1,0,1,0,0,0,0,0,0,1,1,21,21,0,0,0,0,0,37,0,2,0,1,0,0,0,
7,2887,חיפה,4000,275.1,26,0,575,348,0,348,7,0,316,0,0,0,1,1,0,0,0,0,0,0,1,1,5,0,0,0,0,0,15,0,0,0,0,0,0,1,
7,2888,חיפה,4000,275.2,26,0,575,334,7,327,6,0,288,0,0,0,0,0,1,0,0,0,0,0,0,4,1,1,0,0,0,0,25,0,0,0,0,0,0,1,
7,2889,חיפה,4000,275.3,26,0,575,331,3,328,17,0,267,0,0,0,0,0,0,0,0,0,0,0,0,8,4,0,0,0,0,0,30,0,0,1,1,0,0,0,
7,2890,חיפה,4000,275.4,26,0,575,350,1,349,8,0,302,0,0,0,0,0,0,0,0,0,0,0,0,1,4,0,0,0,0,0,34,0,0,0,0,0,0,0,
7,2891,חיפה,4000,275.5,26,0,574,326,2,324,12,0,258,0,0,0,0,0,0,0,0,0,0,0,0,9,8,0,0,0,0,0,35,0,2,0,0,0,0,0,
7,2892,חיפה,4000,277,114,0,488,272,1,271,16,0,202,1,0,0,0,2,0,0,0,0,0,0,0,5,13,0,0,0,0,0,30,0,0,1,0,0,0,1,
7,2893,חיפה,4000,279,251,0,484,258,0,258,8,0,225,0,0,0,0,0,0,0,0,0,0,0,0,2,6,0,0,0,0,0,15,0,0,0,0,0,1,1,
7,2894,חיפה,4000,280,186,0,610,227,3,224,9,0,138,0,0,0,0,0,0,0,0,0,0,0,0,26,34,0,0,1,1,0,13,0,2,0,0,0,0,0,
7,2895,חיפה,4000,281,186,0,555,334,6,328,9,0,270,0,0,0,1,0,0,0,0,1,1,0,0,11,12,0,0,0,0,0,23,0,0,0,0,0,0,0,
7,2896,חיפה,4000,290,150,0,654,333,2,331,19,1,203,0,0,0,0,2,0,0,0,1,0,0,0,24,26,0,0,0,0,0,55,0,0,0,0,0,0,0,
7,2897,חיפה,4000,291,150,0,548,275,1,274,33,0,117,1,0,0,1,0,1,0,0,0,0,0,1,30,37,1,0,0,0,0,46,1,2,0,0,0,0,3,
7,2898,חיפה,4000,297,114,0,642,265,3,262,11,0,128,0,0,0,0,0,0,0,0,0,0,0,0,45,40,0,0,0,1,0,36,0,0,0,0,0,0,1,
7,2899,חיפה,4000,298,68,0,743,358,1,357,9,0,285,0,0,0,1,0,0,0,0,0,0,0,0,16,26,0,0,0,0,0,18,0,0,0,1,0,1,0,
7,2900,חיפה,4000,299,114,0,633,217,5,212,15,3,98,0,0,0,0,0,0,0,0,0,0,0,0,35,32,0,0,0,2,0,26,0,0,0,0,0,0,1,
7,2901,חיפה,4000,301,58,0,591,292,4,288,13,6,113,0,0,0,2,0,0,0,0,0,0,0,1,100,44,0,0,0,0,0,8,0,0,0,0,0,0,1,
7,2902,חיפה,4000,52,47,0,756,323,1,322,1,2,208,0,0,0,0,0,0,0,0,0,0,0,0,30,54,0,0,0,0,0,22,0,1,1,0,0,0,3,
7,2903,חיפה,4000,54,47,0,597,264,5,259,3,5,189,0,0,0,2,0,0,0,0,0,0,0,0,17,29,0,0,0,1,0,13,0,0,0,0,0,0,0,
7,2904,חיפה,4000,306,189,0,525,160,1,159,13,1,45,0,1,0,0,0,0,0,0,0,0,0,0,22,36,1,0,0,0,1,33,0,0,0,0,0,2,4,
7,2905,חיפה,4000,335.1,185,0,557,230,1,229,6,36,12,0,1,0,5,0,1,1,0,0,0,1,0,54,66,0,0,0,1,0,31,0,0,0,0,0,0,14,
7,2906,חיפה,4000,335.2,185,0,557,237,2,235,8,53,20,0,0,0,0,0,0,0,0,0,0,0,0,68,53,0,0,0,0,0,30,0,0,0,0,0,0,3,
7,2907,חיפה,4000,338,47,0,547,170,1,169,8,12,40,2,0,0,0,0,0,0,0,0,0,0,0,48,28,0,0,0,1,0,25,0,0,0,0,0,0,5,
7,2908,חיפה,4000,339,93,0,622,274,2,272,3,0,3,0,0,0,3,0,0,0,1,0,0,0,1,43,144,0,0,0,0,0,58,0,0,0,0,0,2,14,
7,2909,חיפה,4000,376,134,0,598,231,0,231,6,1,45,1,0,0,4,0,0,1,0,0,0,0,0,73,61,0,0,0,1,0,32,1,0,0,1,0,0,4,
7,2910,חיפה,4000,377,195,0,701,300,9,291,10,0,6,0,0,0,4,0,0,0,0,0,0,0,0,64,148,0,0,1,1,0,46,1,0,0,0,0,0,10,
7,2911,חיפה,4000,379,93,0,623,284,3,281,6,5,10,0,0,0,1,1,0,0,0,1,0,0,1,146,74,0,0,1,0,0,34,0,0,0,1,0,0,0,
7,2912,חיפה,4000,381,93,0,610,269,5,264,8,1,4,0,0,0,6,1,0,0,0,2,0,0,0,58,127,0,0,1,1,0,43,0,0,1,0,0,0,11,
7,2913,חיפה,4000,382,195,0,649,232,5,227,0,1,23,0,0,0,2,0,0,0,0,0,0,1,0,54,88,0,0,0,0,0,52,2,0,0,0,0,0,4,
7,2914,חיפה,4000,384,255,0,523,273,0,273,2,2,245,0,0,0,0,0,0,0,0,0,0,0,0,14,10,0,0,0,0,0,0,0,0,0,0,0,0,0,
7,2915,חיפה,4000,386,47,0,638,280,3,277,2,1,194,0,0,0,1,0,0,0,0,0,0,0,0,15,37,0,0,0,0,0,22,0,0,2,0,0,0,3,
7,2916,חיפה,4000,387,134,0,725,259,4,255,6,4,62,0,0,0,3,0,0,0,0,0,0,0,0,64,64,0,0,0,0,0,38,1,0,1,0,1,0,11,
7,2917,חיפה,4000,388,256,0,628,223,5,218,6,2,47,0,0,0,1,0,0,0,0,0,0,0,0,69,49,0,0,0,0,0,38,0,0,1,0,1,0,4,
7,2918,חיפה,4000,430,255,0,512,269,3,266,4,0,206,0,0,0,1,0,1,0,0,0,0,0,0,13,28,0,0,1,0,0,11,0,0,0,0,0,0,1,
7,2919,חיפה,4000,57.1,199,0,435,160,0,160,9,1,90,0,0,0,0,0,0,0,0,0,0,0,0,16,28,0,0,0,0,0,10,0,1,0,0,0,0,5,
7,2920,חיפה,4000,57.2,199,0,434,134,1,133,5,2,74,0,0,0,3,0,0,0,0,0,0,0,0,12,17,0,0,0,2,0,15,0,1,0,0,0,0,2,
7,2921,חיפה,4000,293,63,0,567,209,2,207,14,4,51,0,0,0,2,0,1,0,0,0,0,0,0,36,53,0,0,0,2,0,43,0,0,1,0,0,0,0,
7,2922,חיפה,4000,294,63,0,686,275,1,274,17,2,62,2,0,0,3,0,0,0,0,0,0,0,0,79,62,0,0,0,3,0,43,0,0,0,1,0,0,0,
7,2923,חיפה,4000,303,143,0,557,244,7,237,13,0,145,0,0,0,1,0,0,0,0,0,0,0,0,18,32,0,0,0,0,0,25,0,0,0,0,1,0,2,
7,2924,חיפה,4000,304,143,0,771,227,6,221,22,8,27,1,0,0,2,0,0,0,0,0,0,0,1,63,51,0,0,0,1,0,32,1,0,0,0,0,1,11,
7,2925,חיפה,4000,305.1,231,0,551,168,0,168,11,3,53,0,0,0,2,0,0,0,0,0,0,0,0,31,34,1,0,0,1,0,28,0,0,0,0,0,0,4,
7,2926,חיפה,4000,305.2,231,0,550,152,2,150,5,2,60,0,0,0,0,0,0,0,0,0,1,0,0,22,35,0,0,0,1,0,21,0,0,0,0,1,0,2,
7,2927,חיפה,4000,310,122,0,735,311,3,308,71,5,7,1,0,0,10,0,0,0,0,0,0,0,1,88,69,0,0,0,0,0,50,1,0,0,0,0,0,5,
7,2928,חיפה,4000,311,63,0,680,240,5,235,43,12,17,0,0,0,15,0,0,0,0,0,0,0,0,53,47,0,0,0,0,0,36,0,1,0,0,0,0,11,
7,2929,חיפה,4000,315,63,0,621,245,3,242,19,8,6,0,0,0,5,0,0,0,0,0,0,0,0,84,66,1,0,0,1,0,44,0,0,0,0,0,0,8,
7,2930,חיפה,4000,317,63,0,523,193,8,185,12,32,9,1,0,0,4,0,0,0,0,2,0,0,0,42,46,0,1,0,0,0,32,0,0,0,0,0,0,4,
7,2931,חיפה,4000,318,197,0,677,357,3,354,14,154,5,0,0,0,7,0,0,0,0,0,0,0,0,44,51,0,1,0,4,0,28,0,0,0,0,0,1,45,
7,2932,חיפה,4000,320,135,0,523,228,2,226,6,98,7,1,0,0,1,0,0,0,0,0,0,0,0,39,28,0,0,0,3,1,26,0,0,1,0,0,0,15,
7,2933,חיפה,4000,327,72,0,579,258,4,254,11,64,4,0,0,0,3,0,0,0,0,0,0,0,0,49,62,0,0,0,1,0,50,0,0,0,0,0,1,9,
7,2934,חיפה,4000,328,72,0,604,395,2,393,2,255,0,0,0,0,9,0,0,0,0,0,0,0,0,25,43,0,0,1,1,0,9,0,0,0,0,0,0,48,
7,2935,חיפה,4000,329.1,188,0,655,425,0,425,2,227,1,0,0,0,3,0,0,0,0,0,0,0,0,28,46,0,0,0,0,0,15,0,0,0,0,0,0,103,
7,2936,חיפה,4000,329.2,188,0,655,429,1,428,0,279,1,0,0,0,6,0,0,0,0,0,0,0,0,20,46,0,0,0,0,0,16,0,0,0,0,0,0,60,
7,2937,חיפה,4000,329.3,188,0,655,424,1,423,3,277,0,0,0,0,1,0,0,0,0,0,0,0,0,25,38,0,0,0,1,0,21,0,0,0,0,0,0,57,
7,2938,חיפה,4000,329.4,188,0,654,453,3,450,3,310,2,1,0,0,6,0,0,0,0,0,0,1,0,26,29,0,0,0,3,0,9,0,0,0,0,0,0,60,
7,2939,חיפה,4000,340,130,0,695,348,6,342,3,176,18,1,0,0,4,0,0,0,0,0,0,0,0,36,42,0,0,0,5,0,18,0,0,0,1,0,0,38,
7,2940,חיפה,4000,341,130,0,595,381,1,380,3,289,2,0,0,0,2,0,0,0,0,0,0,0,1,24,19,0,0,0,0,0,12,0,0,0,0,0,1,27,
7,2941,חיפה,4000,342,130,0,658,269,1,268,3,119,17,1,0,0,0,0,0,0,0,0,0,0,0,50,42,1,0,1,2,0,17,0,0,0,0,0,0,15,
7,2942,חיפה,4000,343,130,0,709,652,2,650,1,642,0,0,0,0,0,0,0,0,0,0,0,0,0,0,2,0,0,0,0,0,0,0,0,0,0,0,0,5,
7,2943,חיפה,4000,344,63,0,547,224,0,224,36,32,8,0,0,0,6,0,0,0,0,0,0,0,0,41,37,1,0,0,2,0,49,0,1,0,0,0,0,11,
7,2944,חיפה,4000,383,135,0,573,318,1,317,7,81,4,0,0,0,4,0,0,0,0,0,0,0,0,86,74,0,0,0,2,0,42,0,0,0,1,0,0,16,
7,2945,חיפה,4000,267,151,0,435,228,1,227,35,2,33,0,0,0,2,0,0,0,0,0,0,0,0,24,52,0,0,0,0,0,71,1,0,0,0,1,1,5,
7,2946,חיפה,4000,283.1,30,0,676,351,0,351,27,2,39,0,0,0,8,0,0,0,0,0,0,0,0,65,95,0,0,0,0,0,109,1,1,0,0,0,1,3,
7,2947,חיפה,4000,283.2,30,0,676,350,2,348,31,1,32,1,0,0,9,0,0,0,0,0,0,0,0,41,109,0,0,0,2,0,117,1,0,0,0,0,2,2,
7,2948,חיפה,4000,283.3,30,0,674,335,0,335,31,5,42,3,0,0,3,0,0,0,0,0,0,0,0,63,93,1,0,0,0,0,90,0,0,1,0,0,0,3,
7,2949,חיפה,4000,284,151,0,581,226,0,226,35,14,11,0,0,0,3,2,0,0,0,0,0,0,0,41,52,1,0,0,4,0,54,0,0,0,0,0,0,9,
7,2950,חיפה,4000,287,24,0,743,282,2,280,37,9,17,0,0,0,4,0,1,0,0,0,0,0,0,70,64,0,0,0,1,0,74,0,1,0,0,0,0,2,
7,2951,חיפה,4000,288,24,0,674,291,1,290,42,5,46,3,0,0,4,1,0,0,0,0,0,0,0,62,67,1,0,0,1,0,53,0,1,2,0,0,0,2,
7,2952,חיפה,4000,292,24,0,507,224,0,224,42,1,56,2,1,0,0,1,0,1,0,0,0,0,0,35,32,0,0,0,0,0,49,1,0,0,0,0,1,2,
7,2953,חיפה,4000,295,24,0,507,208,0,208,45,2,48,0,0,0,0,0,0,0,0,0,0,0,0,23,36,1,0,0,0,0,52,0,0,0,0,0,0,1,
7,2954,חיפה,4000,307,38,0,670,229,5,224,6,16,38,1,0,0,3,0,0,0,0,0,0,0,0,49,61,0,0,0,1,0,39,0,0,1,0,0,0,9,
7,2955,חיפה,4000,313,73,0,719,406,1,405,34,3,10,0,0,0,13,0,0,0,0,0,0,0,0,59,134,2,0,0,2,0,132,0,0,1,0,0,0,15,
7,2956,חיפה,4000,314,28,0,594,393,7,386,6,209,0,0,0,0,3,0,0,0,0,0,0,0,0,20,43,0,0,0,0,0,25,0,0,0,0,0,0,80,
7,2957,חיפה,4000,316,38,0,670,335,5,330,39,129,4,0,0,0,7,0,0,0,0,0,0,0,0,46,49,0,0,0,0,0,36,0,0,0,0,0,0,20,
7,2958,חיפה,4000,319,77,0,511,339,5,334,17,2,13,0,0,0,10,0,0,0,0,0,0,0,0,36,139,0,0,0,1,0,99,0,0,0,0,0,0,17,
7,2959,חיפה,4000,321,24,0,681,341,5,336,38,37,21,0,0,0,12,0,0,0,0,0,0,0,1,46,82,0,0,0,2,0,66,0,0,0,0,0,1,30,
7,2960,חיפה,4000,323,73,0,733,346,0,346,29,15,20,1,0,0,3,0,0,0,0,1,0,0,0,60,126,1,0,0,2,0,82,0,0,0,0,0,0,6,
7,2961,חיפה,4000,325,77,0,445,284,0,284,12,6,17,1,0,0,5,0,0,0,0,0,0,0,0,42,82,0,0,0,0,1,102,0,2,0,0,0,0,14,
7,2962,חיפה,4000,326,28,0,554,302,1,301,2,141,1,1,0,0,3,0,0,0,0,0,0,0,0,40,45,0,0,0,1,0,20,0,0,0,0,0,0,47,
7,2963,חיפה,4000,337,38,0,444,228,0,228,0,135,0,0,0,0,2,0,0,0,0,0,0,0,0,35,18,0,0,0,1,0,5,0,0,0,1,0,0,31,
7,2964,חיפה,4000,345,73,0,582,354,2,352,22,1,13,0,0,0,5,0,0,0,0,0,0,0,0,39,121,0,0,0,0,0,145,0,0,0,0,0,1,5,
7,2965,חיפה,4000,347,258,0,482,260,1,259,13,1,5,0,1,0,3,0,0,0,0,0,0,0,0,67,89,0,0,0,0,0,78,1,0,1,0,0,0,0,
7,2966,חיפה,4000,348,258,0,648,349,3,346,17,0,3,0,0,0,10,0,0,0,0,0,0,0,1,80,109,0,0,0,0,0,125,0,0,0,0,0,0,1,
7,2967,חיפה,4000,354,28,0,720,457,1,456,12,97,3,1,0,0,10,0,0,0,0,0,0,0,0,54,128,0,0,0,2,0,83,0,0,0,0,0,1,65,
7,2968,חיפה,4000,71,240,0,708,343,3,340,13,0,276,0,0,0,0,0,0,0,0,0,0,0,0,11,16,0,0,0,1,0,22,0,0,0,0,0,1,0,
7,2969,חיפה,4000,72,240,0,750,275,3,272,17,0,148,0,0,0,2,1,0,0,1,0,0,0,0,13,39,0,0,0,0,0,50,0,0,0,0,0,0,1,
7,2970,חיפה,4000,85,31,0,648,359,4,355,14,1,159,0,0,0,0,1,0,0,0,0,0,0,0,68,66,1,0,0,0,0,43,0,0,0,0,0,0,2,
7,2971,חיפה,4000,86,240,0,676,341,2,339,10,2,212,1,0,0,0,0,0,0,0,0,0,0,0,23,40,0,0,0,0,0,50,0,0,0,0,0,0,1,
7,2972,חיפה,4000,87,31,0,617,336,4,332,14,1,178,1,0,0,1,0,0,0,1,0,0,0,0,82,27,0,0,0,1,1,24,0,0,0,0,0,1,0,
7,2973,חיפה,4000,89,46,0,728,430,10,420,13,2,133,0,0,0,6,0,0,0,0,0,0,0,0,128,86,0,0,0,0,0,47,1,0,1,0,0,0,3,
7,2974,חיפה,4000,90.1,50,0,557,289,3,286,7,0,66,1,0,0,2,0,0,0,0,0,0,0,0,82,68,1,0,0,0,0,56,0,0,0,0,0,0,3,
7,2975,חיפה,4000,90.2,50,0,557,325,0,325,4,2,102,0,0,0,3,0,0,0,0,1,0,0,0,89,74,0,0,0,1,0,42,2,0,0,0,0,0,5,
7,2976,חיפה,4000,90.3,50,0,557,279,3,276,8,5,90,0,0,0,6,0,0,0,0,0,0,0,0,56,63,0,0,0,1,0,43,0,0,0,0,0,0,4,
7,2977,חיפה,4000,90.4,50,0,557,259,2,257,14,2,39,0,1,0,5,0,0,0,0,0,0,0,0,81,73,0,0,0,0,0,40,0,0,0,0,0,0,2,
7,2978,חיפה,4000,93,18,0,665,347,0,347,17,1,19,0,0,0,5,0,0,0,0,0,0,0,0,42,138,1,0,0,0,0,115,0,1,1,0,0,0,7,
7,2979,חיפה,4000,96,46,0,654,350,2,348,9,2,200,0,0,0,1,0,0,0,0,0,0,0,0,23,52,0,0,0,0,0,56,0,0,0,0,0,0,5,
7,2980,חיפה,4000,101.1,37,0,598,274,1,273,21,1,7,0,0,0,11,0,0,0,0,0,0,0,1,42,102,0,0,0,1,0,81,0,0,0,0,0,1,5,
7,2981,חיפה,4000,101.2,37,0,598,265,1,264,25,2,17,0,0,0,7,0,0,0,0,0,0,0,0,56,81,0,0,0,1,0,66,0,0,0,0,0,1,8,
7,2982,חיפה,4000,101.3,37,0,598,272,2,270,14,0,12,0,0,0,10,0,0,0,0,0,0,0,0,64,85,0,0,0,0,0,83,0,0,0,0,0,0,2,
7,2983,חיפה,4000,101.4,37,0,598,237,0,237,29,0,3,0,0,0,2,0,0,0,0,0,0,1,1,67,58,1,0,0,0,1,70,1,0,0,0,0,0,3,
7,2984,חיפה,4000,120,46,0,632,314,4,310,13,3,62,0,0,0,5,0,0,0,0,0,0,0,0,83,70,0,0,0,0,0,72,0,0,0,0,0,0,2,
7,2985,חיפה,4000,121,18,0,678,347,3,344,6,0,141,0,0,0,1,0,1,0,0,0,0,0,0,45,80,0,1,0,0,0,61,0,0,0,0,0,1,7,
7,2986,חיפה,4000,125,46,0,667,246,1,245,6,2,25,0,0,0,4,0,0,0,0,0,0,0,0,99,56,0,1,0,1,0,46,1,0,0,0,0,1,3,
7,2987,חיפה,4000,126,18,0,717,336,3,333,18,0,17,0,0,0,7,0,0,0,0,0,0,0,0,104,105,1,0,0,0,0,75,0,0,0,1,0,0,5,
7,2988,חיפה,4000,127,18,0,656,355,0,355,7,2,146,0,1,0,1,0,0,0,0,0,0,0,0,67,67,0,0,0,2,0,58,0,0,0,0,0,0,4,
7,2989,חיפה,4000,128,18,0,690,322,4,318,13,2,44,0,0,0,5,0,0,0,0,0,0,0,0,82,105,0,0,0,0,0,63,0,0,0,0,0,0,4,
7,2990,חיפה,4000,129,46,0,686,394,0,394,15,0,230,0,0,0,1,0,0,0,0,0,1,0,0,41,48,0,0,0,0,0,51,0,0,0,0,0,1,6,
7,2991,חיפה,4000,130,18,0,580,278,3,275,11,1,33,0,0,0,3,0,0,0,0,0,0,0,0,79,86,0,0,0,0,0,55,0,0,0,0,0,0,7,
7,2992,חיפה,4000,131,137,0,523,269,2,267,33,0,9,0,0,0,10,0,0,0,0,0,0,0,1,26,80,0,0,0,0,0,103,0,0,0,0,0,0,5,
7,2993,חיפה,4000,132,237,0,677,391,3,388,10,0,309,0,0,0,0,0,0,1,0,0,0,0,0,22,22,0,0,0,1,0,23,0,0,0,0,0,0,0,
7,2994,חיפה,4000,133,25,0,615,293,0,293,15,1,26,0,0,0,4,0,0,0,0,0,0,0,0,81,123,0,0,0,0,0,41,0,0,0,0,0,0,2,
7,2995,חיפה,4000,134,86,0,530,311,1,310,10,2,9,0,0,0,8,0,0,0,0,0,0,0,0,66,127,0,0,0,0,0,75,0,0,1,0,0,0,12,
7,2996,חיפה,4000,135,86,0,486,228,5,223,7,2,8,1,0,0,3,0,0,0,1,0,0,0,0,69,73,1,0,0,0,0,50,0,0,0,0,0,0,8,
7,2997,חיפה,4000,136,86,0,565,262,2,260,10,0,6,0,0,0,2,0,0,0,1,0,0,0,0,82,83,0,0,0,0,0,63,0,0,0,0,0,0,13,
7,2998,חיפה,4000,137,88,0,767,361,6,355,13,0,12,0,0,0,4,0,0,0,0,0,0,0,0,119,142,0,1,0,0,0,55,0,0,0,0,0,0,9,
7,2999,חיפה,4000,138,25,0,449,197,1,196,9,1,5,1,0,0,1,0,0,0,0,0,0,0,0,64,74,0,0,0,1,0,33,0,0,0,0,0,0,7,
7,3000,חיפה,4000,139,88,0,565,258,1,257,12,2,7,1,0,0,4,1,0,0,0,0,0,0,0,91,82,0,0,0,0,0,49,0,0,0,1,0,2,5,
7,3001,חיפה,4000,141,137,0,700,302,0,302,36,4,5,0,0,0,6,0,0,0,0,0,0,0,0,50,112,0,1,0,0,0,80,0,0,1,0,0,0,7,
7,3002,חיפה,4000,143,137,0,560,278,4,274,38,0,5,3,0,0,8,0,0,0,0,0,0,0,0,26,80,0,0,0,1,0,109,0,0,0,0,0,0,4,
7,3003,חיפה,4000,146,137,0,640,329,9,320,21,3,32,0,0,0,1,0,0,0,0,1,0,1,0,89,88,0,0,0,0,0,80,0,0,0,0,0,0,4,
7,3004,חיפה,4000,159,237,0,494,242,3,239,11,5,14,1,0,0,11,0,0,0,0,0,0,0,1,67,72,0,0,0,0,0,50,0,0,0,0,1,0,6,
7,3005,חיפה,4000,149,45,0,617,339,1,338,18,0,1,0,0,0,10,0,0,0,0,0,0,0,0,67,126,2,0,1,2,1,101,0,0,0,0,0,0,9,
7,3006,חיפה,4000,150,45,0,665,365,5,360,20,1,2,0,0,0,8,0,0,0,0,0,0,1,0,53,136,0,0,0,2,0,111,0,0,0,0,1,0,25,
7,3007,חיפה,4000,219,103,0,439,288,2,286,19,0,3,0,0,0,8,0,0,0,0,0,0,0,0,11,74,0,0,0,0,0,162,0,0,0,0,0,0,9,
7,3008,חיפה,4000,220,103,0,512,329,1,328,42,1,10,0,0,0,9,0,0,0,0,0,0,0,0,7,79,0,0,0,1,0,175,0,0,0,0,0,0,4,
7,3009,חיפה,4000,221,15,0,660,433,1,432,47,8,56,1,0,0,11,0,0,0,0,0,0,0,1,20,90,0,0,0,0,0,196,0,0,0,0,0,0,2,
7,3010,חיפה,4000,224,15,0,726,430,0,430,76,1,17,0,0,0,5,0,0,0,0,0,0,0,0,23,71,1,0,0,1,0,233,0,0,0,0,0,0,2,
7,3011,חיפה,4000,225,15,0,572,338,2,336,71,0,31,0,0,0,3,0,0,0,0,0,0,0,0,11,55,0,0,0,0,0,164,0,0,0,0,0,0,1,
7,3012,חיפה,4000,226,15,0,757,469,1,468,37,12,70,0,0,0,8,0,0,0,0,0,1,0,0,25,120,0,0,0,0,0,193,0,0,0,0,0,0,2,
7,3013,חיפה,4000,227,49,0,660,264,6,258,12,5,1,0,0,0,8,0,0,0,0,0,0,0,0,70,105,0,0,0,0,0,51,0,0,0,0,0,0,6,
7,3014,חיפה,4000,228,48,0,595,263,1,262,7,2,2,1,0,0,4,0,0,0,0,0,0,0,0,49,110,0,0,0,1,0,75,0,0,0,0,1,0,10,
7,3015,חיפה,4000,229,48,0,616,317,2,315,24,4,10,0,0,0,6,0,0,0,0,0,1,0,0,72,118,0,0,0,0,0,66,0,0,1,0,0,0,13,
7,3016,חיפה,4000,230,45,0,731,393,3,390,36,1,8,3,0,0,8,0,0,0,0,0,0,0,1,21,153,0,0,0,2,0,147,0,1,0,0,0,1,8,
7,3017,חיפה,4000,231.1,106,0,573,384,1,383,18,0,34,1,0,0,17,0,0,0,0,0,0,0,0,42,151,0,0,0,0,0,113,0,0,0,0,0,0,7,
7,3018,חיפה,4000,231.2,106,0,573,395,4,391,30,1,40,1,0,0,11,0,0,0,0,0,0,0,0,27,122,0,0,0,0,0,154,0,0,0,0,0,0,5,
7,3019,חיפה,4000,231.3,106,0,572,363,1,362,28,0,41,0,0,0,11,0,0,0,0,0,0,0,0,35,101,1,0,0,0,0,142,0,0,0,0,0,0,3,
7,3020,חיפה,4000,232,226,0,625,429,3,426,31,0,30,0,0,0,11,0,0,0,0,1,0,0,0,17,131,0,0,0,0,0,202,0,0,0,0,0,0,3,
7,3021,חיפה,4000,233,127,0,738,428,3,425,62,0,92,0,0,0,2,0,0,0,0,0,0,0,0,28,72,1,0,0,0,0,165,0,0,0,0,0,0,3,
7,3022,חיפה,4000,234,127,0,636,369,1,368,18,2,229,1,0,0,1,0,0,0,0,0,0,0,0,7,37,1,0,0,0,0,71,0,0,0,0,0,0,1,
7,3023,חיפה,4000,235,232,0,561,385,3,382,38,2,4,2,0,0,14,0,0,0,0,0,0,0,0,13,90,1,0,0,2,0,207,0,0,0,0,0,0,9,
7,3024,חיפה,4000,236,15,0,736,409,0,409,43,0,70,0,0,0,8,0,0,0,0,0,0,0,1,18,86,0,0,0,1,0,176,1,0,1,0,0,2,2,
7,3025,חיפה,4000,238,45,0,533,299,1,298,29,1,5,1,0,0,7,0,0,0,0,0,0,0,0,25,137,0,0,0,1,0,79,0,0,0,0,0,0,13,
7,3026,חיפה,4000,242,8,0,699,467,4,463,42,0,7,0,0,0,22,0,0,0,0,0,0,0,0,29,133,0,0,0,2,0,219,0,0,0,0,0,0,9,
7,3027,חיפה,4000,243,239,0,583,380,0,380,25,0,12,0,0,0,10,0,0,0,0,0,0,0,0,20,124,1,0,0,1,0,173,0,0,2,0,0,0,12,
7,3028,חיפה,4000,244,48,0,534,320,1,319,7,3,10,0,0,0,12,0,0,0,0,0,0,1,0,79,123,0,1,0,0,0,77,0,0,0,0,0,0,6,
7,3029,חיפה,4000,245,49,0,507,236,4,232,6,1,1,0,0,0,2,0,0,0,0,0,0,0,0,50,102,0,1,0,1,0,51,1,0,0,0,0,0,16,
7,3030,חיפה,4000,248,8,0,504,348,1,347,34,0,8,0,0,0,14,0,0,0,0,0,0,0,0,17,102,0,0,0,0,0,169,1,0,0,0,0,0,2,
7,3031,חיפה,4000,252,127,0,695,389,2,387,24,2,66,1,0,0,11,0,0,0,0,0,0,0,0,30,109,0,0,0,1,0,140,0,0,0,0,0,0,3,
7,3032,חיפה,4000,257,232,0,617,411,3,408,51,2,11,1,0,0,8,0,0,0,0,0,0,0,0,19,77,0,0,0,1,0,238,0,0,0,0,0,0,0,
7,3033,חיפה,4000,258,8,0,577,376,0,376,32,5,8,0,0,0,10,0,0,0,0,0,0,0,0,23,118,0,0,0,4,0,169,0,0,0,0,0,0,7,
7,3034,חיפה,4000,261,48,0,552,303,0,303,15,0,1,0,0,0,10,0,0,0,0,1,0,0,0,72,127,0,0,0,0,0,68,0,0,0,0,0,0,9,
7,3035,חיפה,4000,265,127,0,687,408,1,407,35,5,101,1,0,0,3,0,0,0,0,0,0,0,0,14,86,0,0,0,1,0,154,0,0,0,0,0,0,7,
7,3036,חיפה,4000,282,230,0,508,311,4,307,11,3,206,0,0,0,2,0,0,1,0,0,0,0,0,5,27,0,0,0,0,0,52,0,0,0,0,0,0,0,
7,3037,חיפה,4000,334,103,1,496,341,1,340,41,0,11,0,0,0,6,0,0,0,0,0,0,0,0,14,77,1,0,0,1,0,186,0,0,0,0,0,0,3,
7,3038,חיפה,4000,426,229,0,592,419,1,418,24,1,47,0,0,0,11,0,0,0,0,0,0,0,1,20,139,0,0,0,2,0,167,0,0,0,0,0,0,6,
7,3039,חיפה,4000,463,8,0,623,407,0,407,18,1,17,0,0,0,12,0,0,1,0,0,0,0,0,28,165,1,0,0,1,0,152,0,0,0,0,0,1,10,
7,3040,חיפה,4000,140,196,0,533,339,1,338,21,0,225,0,0,0,1,0,0,0,0,0,0,0,0,1,28,0,0,0,1,0,45,0,0,0,0,0,0,16,
7,3041,חיפה,4000,147,224,0,530,278,5,273,7,0,129,0,0,0,1,0,0,0,0,0,0,0,0,17,42,0,0,0,0,0,37,0,0,0,0,0,0,40,
7,3042,חיפה,4000,148,99,1,668,406,3,403,11,0,264,0,0,0,0,0,0,0,0,0,0,0,0,37,49,0,1,0,0,0,26,0,0,0,0,0,0,15,
7,3043,חיפה,4000,151,249,0,590,330,6,324,10,1,1,0,0,0,10,0,0,0,0,0,0,0,0,64,157,0,0,0,0,0,58,0,0,0,0,0,0,23,
7,3044,חיפה,4000,152,227,0,620,349,7,342,7,0,2,0,0,0,10,0,0,0,1,0,0,0,0,50,200,0,1,0,1,0,38,0,0,0,0,0,0,32,
7,3045,חיפה,4000,153,34,0,487,257,6,251,6,3,0,0,0,0,2,0,0,0,0,0,0,0,0,52,134,0,0,0,0,0,35,0,0,0,0,0,0,19,
7,3046,חיפה,4000,154,40,0,660,341,2,339,9,1,3,0,0,0,8,0,0,0,0,0,0,0,0,55,185,0,0,0,2,0,60,0,0,0,1,0,0,15,
7,3047,חיפה,4000,155.1,36,0,666,338,2,336,10,4,7,1,0,0,5,0,0,0,0,1,0,0,0,48,152,0,0,0,1,0,84,0,0,0,0,0,0,23,
7,3048,חיפה,4000,155.2,36,0,666,328,6,322,10,0,5,0,0,0,9,0,0,0,0,0,0,0,0,76,124,0,0,0,1,0,79,0,0,0,0,0,0,18,
7,3049,חיפה,4000,155.3,36,0,666,320,4,316,11,4,10,1,0,0,10,0,0,0,0,0,0,0,0,84,123,0,0,0,0,0,62,0,0,0,0,0,1,10,
7,3050,חיפה,4000,155.4,36,0,666,325,6,319,10,2,22,0,0,0,2,0,0,0,0,0,0,0,1,76,110,0,0,0,1,0,67,0,0,0,0,0,0,28,
7,3051,חיפה,4000,155.5,36,0,662,322,7,315,14,3,10,0,0,0,4,0,0,0,0,0,0,0,0,72,135,0,0,0,0,0,56,0,0,1,1,0,0,19,
7,3052,חיפה,4000,157,34,0,490,228,1,227,7,1,2,0,0,0,4,0,0,0,0,0,0,0,0,44,124,0,0,0,0,0,36,0,0,0,0,0,0,9,
7,3053,חיפה,4000,161,249,0,581,270,6,264,5,2,2,0,0,0,1,0,0,0,0,0,0,0,0,65,105,0,0,0,1,0,65,0,0,0,0,0,0,18,
7,3054,חיפה,4000,162,23,0,565,308,3,305,10,0,4,0,0,0,3,0,0,0,0,0,0,0,0,75,140,1,0,0,2,1,46,0,0,0,0,0,0,23,
7,3055,חיפה,4000,163,23,0,594,345,3,342,7,0,1,0,0,0,3,0,0,0,0,1,0,0,0,84,164,0,0,0,1,0,52,0,0,0,0,0,0,29,
7,3056,חיפה,4000,164,249,0,672,388,5,383,6,4,5,0,0,0,6,0,0,0,0,0,0,0,0,88,199,0,0,0,1,0,50,0,0,1,0,0,0,23,
7,3057,חיפה,4000,165,123,0,536,260,2,258,4,0,0,0,0,0,3,0,0,0,0,0,0,0,0,56,132,0,0,0,0,0,46,0,0,0,0,0,0,17,
7,3058,חיפה,4000,166,123,0,529,337,3,334,14,0,4,0,0,0,9,0,0,0,0,0,0,0,0,77,134,0,0,0,1,0,90,0,0,0,0,0,0,5,
7,3059,חיפה,4000,167,40,0,691,355,9,346,12,1,0,0,0,0,5,0,1,0,0,0,0,0,0,43,196,1,0,0,0,1,55,0,0,0,0,0,0,31,
7,3060,חיפה,4000,168,123,0,558,332,2,330,6,1,2,0,0,0,1,0,0,0,0,0,0,0,0,106,141,0,0,0,0,0,68,0,0,0,0,0,0,5,
7,3061,חיפה,4000,270,34,0,524,215,2,213,5,0,6,0,0,0,1,0,0,0,0,0,0,0,0,46,115,0,0,0,2,0,30,0,0,1,0,0,1,6,
7,3062,חיפה,4000,272,250,0,552,424,2,422,19,0,40,0,0,0,7,0,0,0,0,0,1,0,0,68,150,0,0,0,2,0,129,0,0,0,0,0,1,5,
7,3063,חיפה,4000,300,250,0,563,448,0,448,21,0,52,0,0,0,15,0,0,0,0,0,0,0,0,49,169,0,0,0,0,0,133,0,0,0,0,0,0,9,
7,3064,חיפה,4000,439,248,0,741,584,2,582,36,1,27,1,0,0,10,0,0,0,0,0,0,0,0,36,173,0,0,0,0,0,288,0,0,0,0,0,0,10,
7,3065,חיפה,4000,441,248,0,639,512,3,509,54,1,14,0,0,0,10,0,0,0,0,0,0,0,0,34,138,0,0,0,1,0,254,0,0,0,0,0,0,3,
7,3066,חיפה,4000,466,250,0,658,458,4,454,31,0,40,2,0,0,12,0,0,0,0,0,0,0,0,57,169,0,0,0,2,0,134,0,1,0,0,0,0,6,
7,3067,חיפה,4000,960,34,0,296,100,0,100,10,0,22,0,0,0,2,0,1,1,0,0,0,0,0,4,24,0,0,0,0,0,31,0,0,0,0,0,0,5,
7,3068,חיפה,4000,966,248,0,618,488,1,487,36,1,16,0,0,0,11,0,0,0,0,0,0,0,0,28,171,0,0,0,0,0,220,0,0,0,0,0,0,4,
7,3069,חיפה,4000,968,248,0,589,451,0,451,28,2,29,0,0,0,13,0,0,0,0,0,0,0,0,30,160,0,0,0,2,0,182,0,0,0,0,0,0,5,
7,3070,חיפה,4000,201,52,0,650,448,1,447,40,1,5,1,0,0,14,0,0,0,0,0,0,0,0,30,125,0,0,0,0,0,229,0,0,0,0,0,0,2,
7,3071,חיפה,4000,202.1,22,0,649,411,1,410,65,0,6,0,0,0,8,0,0,0,0,0,0,0,0,12,84,0,0,0,1,0,234,0,0,0,0,0,0,0,
7,3072,חיפה,4000,202.2,22,0,649,414,1,413,72,1,10,2,0,0,2,0,0,0,0,0,0,0,0,8,85,0,0,0,2,0,229,0,0,0,0,0,0,2,
7,3073,חיפה,4000,202.3,22,0,649,402,1,401,52,2,15,0,0,0,7,0,0,0,0,0,0,0,1,9,60,0,0,0,0,0,255,0,0,0,0,0,0,0,
7,3074,חיפה,4000,202.4,22,0,649,403,3,400,62,1,6,1,0,0,8,0,0,0,0,0,0,0,0,13,48,2,0,0,0,0,255,0,0,0,0,0,0,4,
7,3075,חיפה,4000,202.5,22,0,649,413,1,412,63,2,11,1,0,0,5,0,0,0,0,0,0,0,0,7,69,0,0,0,2,0,252,0,0,0,0,0,0,0,
7,3076,חיפה,4000,202.6,22,0,649,413,0,413,79,0,5,0,0,0,15,0,0,0,0,0,0,0,0,15,63,0,0,0,0,0,236,0,0,0,0,0,0,0,
7,3077,חיפה,4000,202.7,22,0,647,448,1,447,76,1,5,0,0,0,12,0,0,0,0,0,0,0,0,15,64,1,0,0,2,0,271,0,0,0,0,0,0,0,
7,3078,חיפה,4000,203.1,17,0,657,355,3,352,42,0,24,0,0,0,10,0,0,0,0,0,0,0,0,19,81,0,0,0,0,0,167,0,0,0,0,0,0,9,
7,3079,חיפה,4000,203.2,17,0,657,391,0,391,42,1,39,0,0,0,4,0,0,0,0,0,0,0,0,15,90,1,0,0,0,0,196,0,0,0,0,0,0,3,
7,3080,חיפה,4000,203.3,17,0,657,379,1,378,65,2,20,0,0,0,6,0,0,0,0,0,0,0,0,21,68,0,0,0,1,0,187,0,0,0,0,0,0,8,
7,3081,חיפה,4000,204,52,0,721,380,2,378,61,0,13,0,0,0,10,0,0,0,0,2,0,0,1,15,76,0,0,0,0,0,193,0,0,0,0,0,0,7,
7,3082,חיפה,4000,205,62,0,657,397,1,396,56,1,7,2,0,0,8,0,0,0,0,0,0,0,0,14,49,0,0,1,1,1,252,0,0,0,0,0,0,4,
7,3083,חיפה,4000,206,52,0,769,444,3,441,58,1,7,1,0,0,14,0,0,0,0,0,0,0,0,34,111,1,0,0,1,0,212,0,0,0,0,0,0,1,
7,3084,חיפה,4000,215,62,0,645,402,2,400,73,0,14,0,0,0,11,0,0,0,0,0,0,0,0,10,59,0,0,0,0,0,232,0,0,0,0,0,1,0,
7,3085,חיפה,4000,216,102,0,485,306,2,304,49,1,7,0,0,0,3,0,0,0,0,0,0,0,0,11,45,0,0,0,0,0,187,1,0,0,0,0,0,0,
7,3086,חיפה,4000,217,7,0,709,431,1,430,63,1,61,0,0,0,7,0,0,0,0,0,0,0,0,12,72,0,0,0,0,0,214,0,0,0,0,0,0,0,
7,3087,חיפה,4000,218,7,0,768,552,0,552,28,0,337,0,0,0,1,0,0,0,0,0,0,0,0,26,56,0,0,0,0,0,102,0,0,1,0,0,0,1,
7,3088,חיפה,4000,222,62,0,703,423,0,423,68,2,24,0,0,0,6,0,0,0,0,0,0,0,0,9,65,1,0,0,2,0,244,0,0,0,1,0,0,1,
7,3089,חיפה,4000,241,98,0,635,447,0,447,68,0,8,0,0,0,10,0,0,0,0,0,0,0,1,13,89,0,0,0,1,0,256,0,0,0,0,0,0,1,
7,3090,חיפה,4000,250,52,0,623,463,0,463,52,2,7,1,0,0,13,0,0,0,0,0,0,0,0,16,105,0,0,0,0,0,261,0,0,0,0,0,0,6,
7,3091,חיפה,4000,251,152,0,642,469,1,468,44,2,3,1,0,0,11,0,0,0,0,0,0,0,0,12,85,0,0,0,0,0,308,0,0,0,0,1,0,1,
7,3092,חיפה,4000,253,21,0,739,514,2,512,61,0,4,1,0,0,7,0,0,0,0,0,0,0,0,18,107,1,0,0,0,0,310,0,0,2,0,0,0,1,
7,3093,חיפה,4000,254,228,0,585,392,1,391,45,0,13,0,0,0,7,0,0,0,0,0,0,0,0,20,73,0,0,0,0,0,230,0,0,0,0,0,0,3,
7,3094,חיפה,4000,255,7,0,681,489,6,483,16,0,389,0,0,0,3,0,0,0,0,0,0,0,0,10,19,0,0,0,0,0,45,0,0,1,0,0,0,0,
7,3095,חיפה,4000,259,62,0,669,326,0,326,26,1,9,1,0,0,8,0,0,0,1,0,0,0,0,26,80,0,0,0,0,0,171,0,0,0,0,0,0,3,
7,3096,חיפה,4000,260,124,0,540,276,1,275,42,2,7,1,0,0,9,0,0,0,0,0,0,0,1,23,51,0,0,0,0,0,138,0,0,0,0,0,0,1,
7,3097,חיפה,4000,268,247,0,505,325,0,325,38,0,28,0,0,0,5,0,0,0,0,0,0,0,0,13,69,0,1,0,0,0,170,0,0,0,0,0,0,1,
7,3098,חיפה,4000,271,7,0,744,500,4,496,12,2,417,0,0,0,1,0,0,0,0,0,0,0,0,5,17,0,0,0,0,0,41,0,1,0,0,0,0,0,
7,3099,חיפה,4000,302,102,0,458,290,2,288,48,1,5,0,0,0,4,0,0,0,0,0,0,0,0,14,39,0,0,0,0,0,175,0,0,1,0,0,0,1,
7,3100,חיפה,4000,322,124,0,512,273,1,272,18,1,11,1,1,0,2,0,0,0,0,0,0,0,0,22,100,0,0,0,0,0,116,0,0,0,0,0,0,0,
7,3101,חיפה,4000,180,42,0,620,290,1,289,17,0,3,0,0,0,4,0,0,0,0,0,0,0,0,51,104,0,0,0,0,0,108,0,0,1,0,0,0,1,
7,3102,חיפה,4000,184,42,0,594,400,0,400,44,1,3,0,0,0,22,0,0,0,0,0,0,0,0,27,68,1,0,0,0,0,234,0,0,0,0,0,0,0,
7,3103,חיפה,4000,186,42,0,495,326,2,324,31,3,0,0,0,0,10,0,0,0,0,0,0,0,0,36,70,0,0,0,0,0,171,0,0,0,0,0,0,3,
7,3104,חיפה,4000,193,70,0,739,452,1,451,81,2,10,0,0,0,27,0,0,0,0,0,0,0,0,22,73,0,0,0,4,0,230,0,0,0,0,0,0,2,
7,3105,חיפה,4000,195,42,1,513,283,0,283,19,0,3,0,0,0,9,0,0,0,0,0,0,0,0,53,61,0,0,0,0,0,131,0,0,0,0,0,2,5,
7,3106,חיפה,4000,199,70,0,725,487,1,486,70,4,5,1,0,0,19,0,0,0,0,0,0,0,0,21,81,1,0,0,0,0,280,0,0,1,0,0,0,3,
7,3107,חיפה,4000,200,200,0,579,350,2,348,32,1,5,0,0,0,6,0,0,0,0,0,0,0,0,29,73,1,0,0,0,0,194,0,0,0,0,0,0,7,
7,3108,חיפה,4000,240,108,0,604,436,3,433,45,0,1,2,0,0,12,0,0,0,0,0,0,0,0,34,131,0,0,0,0,0,204,1,0,0,0,0,0,3,
7,3109,חיפה,4000,246,225,0,638,403,2,401,43,1,9,0,0,0,14,0,0,0,0,0,0,0,0,34,59,1,0,0,0,0,238,0,0,0,0,0,0,2,
7,3110,חיפה,4000,247,187,0,711,490,1,489,56,0,1,1,0,0,23,0,0,0,0,0,0,0,0,21,75,1,0,0,0,0,307,0,0,0,0,0,0,4,
7,3111,חיפה,4000,262,42,0,448,266,0,266,16,0,1,0,0,0,5,0,0,0,0,0,0,0,0,33,77,0,1,0,2,0,129,0,0,0,0,0,0,2,
7,3112,חיפה,4000,273.1,2,0,666,456,0,456,67,1,6,0,0,0,13,0,0,0,0,0,0,0,0,21,121,0,0,0,0,0,223,0,0,0,0,0,0,4,
7,3113,חיפה,4000,273.2,2,0,666,438,1,437,54,0,5,0,0,0,11,0,0,0,0,0,0,0,0,28,72,0,0,0,1,0,264,0,0,0,0,0,0,2,
7,3114,חיפה,4000,273.3,2,0,666,429,3,426,68,0,9,0,0,0,15,0,0,0,0,0,0,0,0,27,87,0,0,0,0,0,219,0,0,0,0,0,1,0,
7,3115,חיפה,4000,273.4,2,0,666,427,2,425,69,5,3,1,0,0,13,0,0,0,0,0,0,0,0,20,84,1,0,0,0,0,226,0,0,0,0,0,0,3,
7,3116,חיפה,4000,273.5,2,0,666,449,2,447,63,2,5,4,0,0,13,0,0,0,0,0,0,0,0,42,78,0,0,0,1,0,238,0,0,0,0,0,0,1,
7,3117,חיפה,4000,273.6,2,0,665,425,2,423,58,3,7,1,0,0,13,0,0,0,0,0,0,0,0,18,82,0,0,0,0,0,240,0,0,0,0,0,0,1,
7,3118,חיפה,4000,364,42,0,562,421,1,420,41,2,5,0,0,0,11,0,0,0,0,0,0,0,0,26,84,0,0,0,0,0,248,0,0,0,0,0,1,2,
7,3119,חיפה,4000,365,42,1,620,326,4,322,17,7,0,0,0,0,6,0,0,0,0,0,0,0,0,130,80,0,0,0,0,0,80,0,0,0,0,0,0,2,
7,3120,חיפה,4000,425,79,0,631,475,2,473,31,0,5,0,0,0,12,0,0,0,0,0,0,0,0,25,141,0,0,0,1,0,257,0,0,1,0,0,0,0,
7,3121,חיפה,4000,428,80,0,677,512,1,511,27,2,1,0,0,0,13,0,0,0,0,0,0,0,0,9,158,0,0,0,0,0,294,0,0,0,0,0,0,7,
7,3122,חיפה,4000,429,94,0,549,403,1,402,29,0,4,0,0,0,4,0,0,0,0,0,0,0,0,7,120,0,0,0,1,0,232,1,0,0,0,0,0,4,
7,3123,חיפה,4000,434,218,0,684,497,2,495,32,2,2,1,0,0,10,0,0,0,0,0,0,0,0,11,139,1,0,0,2,0,293,0,0,0,0,0,0,2,
7,3124,חיפה,4000,461,108,0,723,467,2,465,32,2,3,1,0,0,12,0,0,0,0,0,0,0,0,36,111,0,1,0,0,0,262,0,0,0,0,0,1,4,
7,3125,חיפה,4000,169,223,0,609,462,1,461,51,4,3,0,0,0,15,0,0,0,0,0,0,0,0,18,80,1,0,0,0,0,280,0,0,0,0,0,0,9,
7,3126,חיפה,4000,170,182,0,682,445,0,445,70,5,9,3,0,0,34,0,1,1,0,0,0,0,0,13,67,0,0,0,0,0,239,0,0,0,0,0,1,2,
7,3127,חיפה,4000,171,241,0,724,546,2,544,57,0,3,2,0,0,14,0,0,0,0,0,0,0,0,27,122,0,0,0,0,0,318,0,0,0,0,0,0,1,
7,3128,חיפה,4000,172,97,0,433,296,2,294,13,3,5,0,0,0,14,0,0,0,0,0,0,0,1,18,92,0,0,0,0,0,142,0,0,0,0,0,0,6,
7,3129,חיפה,4000,175,182,0,581,431,1,430,55,3,1,1,0,0,31,0,0,0,0,0,0,0,1,13,73,0,0,0,1,0,248,0,0,0,0,0,0,3,
7,3130,חיפה,4000,176.1,43,0,682,468,2,466,63,7,3,0,0,0,16,0,0,0,0,0,0,0,0,14,103,0,0,0,1,0,251,0,0,0,0,0,0,8,
7,3131,חיפה,4000,176.2,43,0,682,448,8,440,56,3,3,1,0,0,31,0,0,0,0,0,0,0,0,16,73,1,0,0,1,0,254,1,0,0,0,0,0,0,
7,3132,חיפה,4000,176.3,43,0,682,437,1,436,51,3,6,0,0,0,32,1,0,0,0,0,0,0,0,15,83,2,0,0,1,0,237,0,0,0,0,0,0,5,
7,3133,חיפה,4000,176.4,43,0,682,440,1,439,62,3,6,0,0,0,21,0,0,0,0,0,0,0,0,19,79,0,0,0,1,0,243,0,0,0,0,0,0,5,
7,3134,חיפה,4000,176.5,43,0,682,404,1,403,47,4,4,0,0,0,20,0,0,0,0,0,0,0,0,22,70,0,0,0,1,0,234,0,0,0,0,0,0,1,
7,3135,חיפה,4000,176.6,43,0,680,459,0,459,52,10,2,0,0,0,29,0,0,0,0,0,0,0,0,19,70,0,0,0,0,0,276,0,0,0,0,0,0,1,
7,3136,חיפה,4000,178,191,0,568,382,5,377,63,1,5,0,0,0,21,0,0,0,0,0,0,0,0,12,61,0,0,0,0,0,214,0,0,0,0,0,0,0,
7,3137,חיפה,4000,179,9,0,482,348,1,347,33,0,0,0,0,0,11,0,0,0,0,0,0,0,0,9,71,0,0,0,0,0,223,0,0,0,0,0,0,0,
7,3138,חיפה,4000,182,243,0,686,458,2,456,44,0,6,0,0,0,31,0,0,0,0,0,0,0,0,16,94,0,0,0,0,0,265,0,0,0,0,0,0,0,
7,3139,חיפה,4000,183,96,0,693,419,1,418,46,3,8,0,0,0,25,0,0,0,0,0,0,0,0,25,87,0,0,0,2,0,221,0,0,0,0,0,0,1,
7,3140,חיפה,4000,187,9,0,562,358,0,358,61,1,5,0,0,0,12,0,1,0,0,0,0,0,0,18,66,0,0,0,0,0,189,1,0,0,0,1,0,3,
7,3141,חיפה,4000,188,257,0,591,421,2,419,31,1,5,0,0,0,18,0,0,0,1,0,0,0,0,15,90,1,0,0,1,0,251,0,0,0,0,0,0,5,
7,3142,חיפה,4000,190,211,0,537,412,0,412,36,1,8,0,0,0,9,0,0,0,0,0,0,0,0,14,84,0,0,0,0,0,258,1,0,0,0,0,0,1,
7,3143,חיפה,4000,194,6,0,536,355,0,355,46,1,6,0,0,0,12,0,0,0,0,0,0,0,0,23,82,0,0,0,0,0,181,0,0,0,0,0,0,4,
7,3144,חיפה,4000,196,242,0,631,370,1,369,49,3,7,0,0,0,11,0,0,0,0,0,0,0,0,4,69,0,0,0,1,0,221,0,2,0,0,0,0,2,
7,3145,חיפה,4000,197,257,0,718,489,1,488,63,2,3,1,0,0,16,0,0,0,0,0,0,0,0,30,102,0,0,0,0,0,269,0,0,0,0,0,0,2,
7,3146,חיפה,4000,207,6,0,758,537,3,534,60,2,4,0,0,0,30,0,0,0,0,0,0,0,0,24,123,0,0,0,0,0,288,0,0,0,0,1,0,2,
7,3147,חיפה,4000,263,6,0,630,392,0,392,58,5,5,0,0,0,18,0,0,0,0,0,0,0,0,17,66,0,0,0,2,0,221,0,0,0,0,0,0,0,
7,3148,חיפה,4000,269,9,0,610,455,0,455,27,1,3,0,0,0,31,0,0,0,0,0,0,0,1,25,127,0,0,0,1,0,238,0,0,0,0,0,0,1,
7,3149,חיפה,4000,359,9,0,522,383,0,383,40,1,1,0,0,0,9,0,0,0,0,0,0,0,0,23,81,0,0,0,0,0,225,0,0,0,0,0,0,3,
7,3150,חיפה,4000,363,9,0,542,397,0,397,28,2,1,0,0,0,2,0,0,0,1,1,0,0,0,22,91,0,0,0,0,0,247,0,0,0,0,0,0,2,
7,3151,חיפה,4000,449,182,0,493,338,2,336,56,0,4,0,0,0,13,0,0,0,0,0,0,0,0,10,46,0,0,0,0,0,206,0,0,0,0,0,0,1,
7,3152,חיפה,4000,451,182,0,581,415,0,415,48,1,4,0,0,0,17,0,0,0,0,0,0,0,0,21,81,0,0,0,0,0,242,0,0,0,0,0,0,1,
7,3153,חיפה,4000,452,182,0,489,379,0,379,43,0,3,0,0,0,24,0,0,0,0,0,0,0,0,17,71,0,0,0,0,0,221,0,0,0,0,0,0,0,
7,3154,חיפה,4000,102,222,0,605,444,1,443,24,0,2,0,0,0,11,1,0,0,0,0,0,0,0,28,102,0,0,0,2,0,271,0,0,0,0,0,0,2,
7,3155,חיפה,4000,173,193,0,640,444,4,440,51,0,3,0,0,0,14,0,0,0,0,0,0,0,0,18,82,0,0,0,0,0,272,0,0,0,0,0,0,0,
7,3156,חיפה,4000,174,235,0,690,467,0,467,52,1,4,0,0,0,12,0,0,0,0,0,0,0,0,30,103,0,0,0,1,0,263,0,0,0,0,0,0,1,
7,3157,חיפה,4000,177,235,0,757,562,1,561,47,0,9,1,0,0,7,0,0,0,0,0,0,0,1,24,142,0,0,0,0,0,328,0,0,0,0,0,0,2,
7,3158,חיפה,4000,189,95,0,761,489,1,488,65,1,2,0,0,0,15,0,0,0,0,0,0,0,1,23,96,0,0,0,1,0,284,0,0,0,0,0,0,0,
7,3159,חיפה,4000,198,39,0,728,274,1,273,28,0,3,3,0,0,10,0,0,0,0,0,0,0,0,51,76,0,0,0,0,0,99,0,0,1,0,0,0,2,
7,3160,חיפה,4000,358,222,0,655,476,1,475,51,0,8,0,0,0,16,0,0,0,0,0,0,0,0,22,95,0,0,0,0,0,281,0,0,0,0,0,1,1,
7,3161,חיפה,4000,368,76,0,532,391,3,388,31,1,1,0,0,0,7,0,0,0,0,0,0,1,1,38,96,2,0,0,0,0,208,0,0,0,0,0,0,2,
7,3162,חיפה,4000,369,181,0,666,476,1,475,27,3,4,0,0,0,16,0,0,0,0,0,0,0,0,45,144,0,0,0,0,0,232,0,0,0,0,0,0,4,
7,3163,חיפה,4000,370,181,0,673,495,3,492,55,0,0,0,0,0,13,0,0,0,0,0,0,0,0,33,123,0,0,0,4,0,262,0,0,0,0,0,0,2,
7,3164,חיפה,4000,371,76,0,699,459,1,458,44,0,0,0,0,0,8,0,0,0,0,0,0,0,0,37,108,0,0,0,0,0,258,0,0,0,0,0,1,2,
7,3165,חיפה,4000,372,138,0,685,500,1,499,44,2,0,0,0,0,21,0,0,0,0,0,0,0,0,30,140,0,0,0,0,0,259,0,0,0,0,0,0,3,
7,3166,חיפה,4000,373,222,0,682,491,0,491,45,5,1,0,0,0,14,0,0,0,0,0,0,0,0,33,130,0,0,0,0,0,257,0,1,0,0,0,0,5,
7,3167,חיפה,4000,409,75,1,632,408,3,405,49,13,2,1,0,0,18,0,0,0,0,0,0,0,0,25,103,0,0,0,0,0,184,1,0,0,0,0,0,9,
7,3168,חיפה,4000,410,75,0,468,315,0,315,58,0,5,0,0,0,3,0,0,0,0,0,0,0,0,15,46,0,0,0,0,0,186,0,0,0,0,0,0,2,
7,3169,חיפה,4000,413,39,0,654,374,1,373,34,1,2,2,0,0,7,0,0,0,0,0,0,0,0,54,110,0,0,0,0,0,159,1,0,0,0,0,0,3,
7,3170,חיפה,4000,415,39,0,635,375,0,375,29,1,4,1,0,0,12,0,0,0,0,0,0,0,0,58,89,0,0,0,0,0,178,0,0,0,0,0,0,3,
7,3171,חיפה,4000,420,138,0,582,262,1,261,23,3,2,1,0,0,6,0,0,0,0,0,0,0,0,29,68,1,0,0,0,0,126,0,0,0,0,0,1,1,
7,3172,חיפה,4000,438,76,0,684,514,1,513,33,0,0,0,0,0,9,0,0,0,0,0,0,0,0,16,155,0,0,0,1,0,292,0,0,0,0,0,0,7,
7,3173,חיפה,4000,445,39,0,709,333,3,330,45,1,2,0,0,0,7,0,0,0,0,0,0,0,0,50,90,0,0,0,1,0,131,1,0,0,0,0,0,2,
7,3174,חיפה,4000,446,75,0,438,276,0,276,33,0,2,0,0,0,11,0,0,0,0,0,0,0,0,14,63,3,0,0,0,0,144,0,0,1,0,0,0,5,
7,3175,חיפה,4000,450,180,0,638,444,0,444,44,3,3,0,0,0,19,0,0,0,0,0,0,0,0,32,81,0,0,0,0,0,259,0,0,0,0,0,0,3,
7,3176,חיפה,4000,453,194,0,663,497,0,497,32,0,5,0,0,0,5,0,0,0,0,0,0,0,0,20,131,2,0,0,0,0,300,0,0,0,0,0,0,2,
7,3177,חיפה,4000,454,235,0,622,448,0,448,36,0,6,0,0,0,9,0,0,0,0,0,0,0,0,15,105,0,0,0,1,0,275,0,0,0,0,0,0,1,
7,3178,חיפה,4000,455,194,0,437,310,0,310,27,0,2,0,0,0,9,0,0,0,0,0,0,0,0,9,58,0,0,0,0,0,205,0,0,0,0,0,0,0,
7,3179,חיפה,4000,456,222,0,607,461,1,460,32,1,5,0,0,0,13,1,0,0,0,0,0,0,0,23,88,0,0,0,2,0,290,0,0,0,0,0,0,5,
7,3180,חיפה,4000,462,75,0,501,367,0,367,22,3,1,0,0,0,15,0,0,0,0,0,0,0,0,17,130,0,0,0,0,0,174,0,0,0,0,0,0,5,
7,3181,חיפה,4000,465,75,0,602,464,1,463,50,0,1,0,0,0,14,0,0,0,0,0,0,0,0,17,139,0,0,0,0,0,235,0,0,0,0,0,0,7,
7,3182,חיפה,4000,350.1,71,0,589,364,2,362,14,8,0,1,0,0,18,0,0,0,0,0,0,0,0,23,178,0,0,0,0,0,110,0,1,0,0,0,0,9,
7,3183,חיפה,4000,350.2,71,0,589,386,0,386,26,18,0,0,0,0,35,0,0,0,0,0,1,0,0,27,128,1,0,0,6,0,131,0,0,0,0,0,0,13,
7,3184,חיפה,4000,350.3,71,0,589,378,2,376,16,31,0,0,0,0,25,0,0,1,0,0,0,0,0,28,141,1,0,0,4,0,107,0,0,0,0,0,0,22,
7,3185,חיפה,4000,350.4,71,0,587,371,0,371,18,36,0,0,0,0,27,0,0,0,0,0,0,0,0,26,115,0,0,0,1,0,134,0,1,0,0,0,0,13,
7,3186,חיפה,4000,355.1,44,0,605,387,2,385,17,7,0,1,0,0,62,0,0,0,0,0,0,0,0,17,135,1,0,0,1,0,88,0,0,0,0,0,0,56,
7,3187,חיפה,4000,355.2,44,0,605,384,0,384,28,12,0,1,0,0,63,0,0,0,0,0,0,0,0,34,139,0,0,0,2,0,94,0,0,0,0,0,0,11,
7,3188,חיפה,4000,355.3,44,0,605,385,6,379,23,20,2,0,0,0,75,0,0,0,0,0,0,0,0,32,119,0,0,0,2,0,85,0,0,0,0,0,1,20,
7,3189,חיפה,4000,355.4,44,0,605,387,1,386,15,27,0,1,0,0,61,0,0,0,0,0,0,0,0,26,117,0,0,0,1,0,119,0,0,0,0,0,0,19,
7,3190,חיפה,4000,355.5,44,0,605,368,5,363,14,11,1,2,0,0,48,0,0,0,0,0,0,0,0,15,128,0,0,0,2,0,109,0,0,0,0,0,0,33,
7,3191,חיפה,4000,355.6,44,0,605,375,3,372,18,12,3,0,0,0,81,0,0,0,0,0,0,0,0,60,93,0,1,0,0,0,93,1,0,0,0,0,0,10,
7,3192,חיפה,4000,355.7,44,0,602,388,2,386,20,12,1,0,0,0,80,0,0,0,1,0,0,0,0,39,116,1,0,0,2,0,78,0,1,0,1,0,0,34,
7,3193,חיפה,4000,360,132,0,556,388,3,385,39,0,4,1,0,0,8,0,0,0,0,0,0,0,1,47,85,2,0,0,4,0,192,1,0,0,0,0,0,1,
7,3194,חיפה,4000,361,217,0,374,261,0,261,18,2,1,0,0,0,6,0,0,0,0,0,0,0,0,19,60,0,0,0,2,0,148,0,0,0,0,0,0,5,
7,3195,חיפה,4000,362,217,0,587,411,3,408,36,0,6,1,0,0,11,0,0,0,0,1,0,0,0,31,106,0,0,0,0,0,211,0,0,0,0,0,1,4,
7,3196,חיפה,4000,392.1,56,0,625,411,5,406,19,44,1,1,0,0,46,0,0,0,0,0,0,0,0,20,99,0,0,0,5,0,121,0,0,0,0,0,0,50,
7,3197,חיפה,4000,392.2,56,0,625,433,1,432,33,88,1,4,0,0,48,0,0,0,0,0,0,0,0,23,92,0,0,0,1,0,121,0,1,0,0,0,0,20,
7,3198,חיפה,4000,392.3,56,0,625,415,3,412,25,69,6,0,0,0,64,0,0,0,0,0,0,0,1,22,96,0,3,0,0,0,110,0,0,0,0,1,0,15,
7,3199,חיפה,4000,392.4,56,0,625,395,1,394,30,63,2,1,0,0,63,0,0,0,0,0,0,0,0,16,88,0,0,0,1,0,109,1,0,0,0,0,0,20,
7,3200,חיפה,4000,392.5,56,0,624,384,2,382,38,69,1,1,0,0,33,0,0,0,0,0,0,0,0,26,73,0,0,0,1,0,129,0,0,0,0,0,0,11,
7,3201,חיפה,4000,403.1,51,0,700,352,1,351,22,4,4,1,0,0,41,0,0,0,0,0,0,0,0,33,113,0,0,0,1,0,125,0,0,0,0,0,0,7,
7,3202,חיפה,4000,403.2,51,0,700,365,5,360,22,16,7,1,0,0,39,0,0,0,0,0,0,0,0,36,115,0,0,0,1,0,114,0,0,0,0,0,0,9,
7,3203,חיפה,4000,403.3,51,0,700,331,0,331,28,13,5,1,0,0,25,0,0,0,0,0,0,0,0,28,77,2,0,0,1,0,140,0,0,0,0,0,0,11,
7,3204,חיפה,4000,403.4,51,0,698,336,2,334,30,16,3,0,0,0,32,0,0,0,0,0,0,0,0,36,87,0,0,0,1,0,128,0,0,0,0,0,0,1,
7,3205,חיפה,4000,460,217,0,502,357,1,356,34,1,0,1,0,0,15,0,0,0,0,0,0,0,0,31,92,0,0,0,0,0,181,0,0,0,0,0,0,1,
7,3206,חיפה,4000,961,246,0,575,433,0,433,33,2,0,0,0,0,8,0,0,0,0,0,0,0,0,17,115,0,0,0,0,0,252,0,0,0,0,0,0,6,
7,3207,חיפה,4000,346.1,29,0,638,350,5,345,27,5,0,2,0,0,17,0,0,0,0,0,0,0,0,44,137,0,0,0,0,0,99,0,0,0,0,0,0,14,
7,3208,חיפה,4000,346.2,29,0,638,337,3,334,21,3,1,0,0,0,27,0,0,0,0,0,1,1,1,63,82,1,0,0,0,0,131,0,0,0,0,0,0,2,
7,3209,חיפה,4000,346.3,29,0,638,358,1,357,16,3,2,1,0,0,18,0,0,0,0,0,0,0,0,69,127,3,0,0,3,0,101,0,1,0,0,1,0,12,
7,3210,חיפה,4000,346.4,29,0,638,318,2,316,16,0,0,0,0,0,19,0,0,0,0,0,0,0,0,88,86,0,0,0,1,0,100,1,0,0,0,0,1,4,
7,3211,חיפה,4000,346.5,29,0,638,329,5,324,20,0,0,0,0,0,13,1,0,0,0,0,0,0,0,71,109,0,0,0,0,0,104,1,0,0,0,0,0,5,
7,3212,חיפה,4000,346.6,29,0,634,383,0,383,20,6,3,0,0,0,37,0,0,0,0,0,0,0,0,72,107,0,0,0,0,0,131,0,0,0,0,0,0,7,
7,3213,חיפה,4000,349.1,60,0,579,268,2,266,7,3,15,0,0,0,1,0,0,0,0,0,0,0,0,37,129,0,0,0,0,0,52,0,0,1,0,0,0,21,
7,3214,חיפה,4000,349.2,60,0,579,273,0,273,8,3,18,0,0,0,7,0,0,0,0,0,0,0,0,59,115,0,0,0,0,0,51,0,0,0,0,0,0,12,
7,3215,חיפה,4000,349.3,60,0,579,274,1,273,6,0,17,0,0,0,6,0,0,0,0,0,1,0,1,56,123,0,0,1,2,0,48,0,0,0,0,0,0,12,
7,3216,חיפה,4000,349.4,60,0,577,247,3,244,6,1,4,1,0,0,3,0,0,0,0,0,0,0,0,69,106,1,0,0,0,0,50,0,0,0,0,0,0,3,
7,3217,חיפה,4000,351,53,0,586,282,6,276,8,0,4,1,0,0,2,1,0,0,0,0,0,0,0,88,125,0,0,0,1,1,33,2,0,0,0,0,0,10,
7,3218,חיפה,4000,353,53,0,519,257,3,254,6,0,3,1,0,0,7,0,1,0,0,0,0,0,0,66,111,0,0,0,0,1,46,0,0,1,0,0,0,11,
7,3219,חיפה,4000,374,53,0,511,179,1,178,10,1,11,2,0,0,9,0,0,0,0,0,0,0,0,43,61,0,0,0,0,0,32,0,0,0,0,0,0,9,
7,3220,חיפה,4000,375,53,0,668,326,2,324,14,0,24,1,0,0,2,0,0,0,0,0,0,0,0,112,114,0,0,0,0,0,49,0,0,0,0,0,0,8,
7,3221,חיפה,4000,378,11,0,719,406,1,405,28,17,0,1,0,0,69,0,0,0,0,0,0,0,1,51,123,0,0,0,2,0,104,0,0,0,0,0,0,9,
7,3222,חיפה,4000,385,198,0,483,303,3,300,15,3,2,0,0,0,5,0,0,0,0,0,0,0,0,64,115,0,0,0,0,0,86,0,0,0,0,0,0,10,
7,3223,חיפה,4000,389,219,0,511,252,9,243,4,1,2,0,0,0,5,0,0,0,0,0,0,0,0,35,120,0,0,0,1,0,53,0,0,0,0,0,0,22,
7,3224,חיפה,4000,390,53,0,661,301,8,293,10,2,40,0,0,0,2,0,0,0,0,0,0,0,0,76,100,0,1,0,0,0,57,0,0,2,0,0,0,3,
7,3225,חיפה,4000,391,53,0,481,238,3,235,11,2,7,0,0,0,2,0,0,0,1,0,1,0,0,57,99,0,0,0,3,0,45,0,0,0,0,0,0,7,
7,3226,חיפה,4000,393,11,0,606,384,0,384,28,3,0,0,0,0,18,0,0,0,0,0,0,0,0,35,146,0,0,0,2,0,143,0,0,0,0,0,0,9,
7,3227,חיפה,4000,405,12,0,443,294,2,292,16,31,1,1,0,0,48,0,0,0,0,0,0,0,0,13,67,0,0,0,0,0,111,0,0,0,0,0,0,4,
7,3228,חיפה,4000,406,12,0,563,353,1,352,24,102,1,2,0,0,28,0,0,0,0,0,0,0,1,17,69,0,0,0,3,0,85,0,0,0,0,0,0,20,
7,3229,חיפה,4000,418,57,0,629,335,0,335,20,13,1,0,0,0,41,0,0,0,0,0,0,0,0,39,117,1,0,0,2,0,88,0,0,0,0,0,0,13,
7,3230,חיפה,4000,419,57,0,525,251,4,247,16,5,1,1,0,0,3,0,0,0,0,0,0,0,0,78,70,0,0,0,0,0,69,0,0,0,0,0,0,4,
7,3231,חיפה,4000,421,220,0,721,359,1,358,12,2,1,0,0,0,5,0,0,0,0,0,0,0,1,126,97,0,0,1,2,0,107,0,0,0,0,1,1,2,
7,3232,חיפה,4000,422,11,0,615,339,2,337,17,2,0,1,0,0,5,0,0,0,0,0,0,0,0,71,136,0,0,0,1,0,97,0,0,0,0,0,0,7,
7,3233,חיפה,4000,423,57,0,466,183,1,182,11,0,0,0,0,0,3,0,0,0,0,0,0,0,0,57,60,0,0,0,0,0,49,1,1,0,0,0,0,0,
7,3234,חיפה,4000,424,11,0,490,286,3,283,12,1,0,0,0,0,13,0,0,0,0,0,0,0,0,53,95,1,1,0,0,0,101,0,0,0,0,0,0,6,
7,3235,חיפה,4000,432,11,0,676,443,1,442,25,6,3,0,0,0,21,0,0,0,0,0,0,0,1,66,173,0,0,0,0,0,126,0,0,0,0,0,0,21,
7,3236,חיפה,4000,433,57,0,489,223,2,221,12,5,4,0,0,0,0,0,0,0,0,0,0,0,0,46,72,1,0,0,1,0,73,0,0,0,0,0,0,7,
7,3237,חיפה,4000,13,3,0,754,566,0,566,2,49,0,0,0,0,195,0,0,0,0,0,0,0,0,2,223,0,0,0,7,0,24,0,0,0,0,0,1,63,
7,3238,חיפה,4000,14,19,0,661,430,4,426,9,29,1,0,0,0,39,0,0,0,0,0,0,0,1,18,220,0,0,0,0,0,24,0,0,0,0,0,0,85,
7,3239,חיפה,4000,15,19,0,656,400,4,396,4,46,0,0,0,0,32,0,0,0,0,0,0,0,0,13,131,0,1,0,10,1,28,0,1,0,0,0,0,129,
7,3240,חיפה,4000,31,234,0,674,549,2,547,3,49,0,0,0,0,113,0,0,0,0,0,0,0,0,3,180,0,0,0,10,0,10,0,0,0,0,0,0,179,
7,3241,חיפה,4000,32,155,0,701,570,2,568,6,43,0,0,0,0,126,0,0,0,0,0,0,0,0,1,231,1,0,0,5,0,16,1,0,0,0,0,0,138,
7,3242,חיפה,4000,33,3,0,780,618,0,618,4,42,0,1,0,0,257,0,0,0,0,0,0,0,0,1,190,0,0,0,5,0,39,0,0,0,0,0,0,79,
7,3243,חיפה,4000,34,234,0,559,462,1,461,10,46,0,0,0,0,79,0,0,0,0,0,0,0,0,5,135,1,1,0,9,0,43,0,0,0,0,0,0,132,
7,3244,חיפה,4000,37,155,0,520,396,1,395,3,45,0,0,0,0,44,0,0,0,0,0,0,0,0,13,140,1,0,0,8,0,15,0,0,0,0,0,0,126,
7,3245,חיפה,4000,701,203,0,592,324,1,323,8,2,0,0,0,0,8,1,0,0,0,1,0,0,0,53,140,0,0,1,2,0,94,0,0,0,0,0,0,13,
7,3246,חיפה,4000,702,245,0,587,270,3,267,7,0,2,0,0,0,0,0,0,0,0,0,0,0,0,89,123,0,0,0,0,0,37,0,0,0,0,0,0,9,
7,3247,חיפה,4000,703,245,0,621,379,6,373,6,1,1,0,0,0,6,0,0,0,0,0,0,0,0,42,190,0,1,0,2,0,101,1,0,0,0,0,0,22,
7,3248,חיפה,4000,704,41,0,550,277,2,275,7,5,3,0,0,0,0,0,0,0,0,0,0,0,0,88,114,0,0,1,0,0,44,0,0,3,0,0,0,10,
7,3249,חיפה,4000,705,41,0,623,314,3,311,15,3,2,0,0,0,11,0,0,0,0,0,0,0,0,40,160,1,0,0,1,1,64,0,0,0,0,0,1,12,
7,3250,חיפה,4000,707,244,0,532,249,2,247,3,0,0,0,0,0,2,0,0,0,0,0,0,0,0,81,104,1,0,0,0,2,43,0,0,1,0,0,0,10,
7,3251,חיפה,4000,708,244,0,470,294,2,292,17,0,0,0,0,0,7,0,0,0,0,0,0,0,0,18,127,0,0,0,2,0,112,0,0,0,0,0,0,9,
7,3252,חיפה,4000,713,16,0,715,347,3,344,12,0,1,0,0,0,3,0,0,0,0,0,0,0,0,71,190,1,0,0,0,1,55,0,0,0,0,1,0,9,
7,3253,חיפה,4000,714,16,0,667,370,3,367,9,1,1,0,0,0,15,1,0,0,0,0,0,0,0,46,175,1,0,0,0,0,107,0,0,0,0,0,0,11,
7,3254,חיפה,4000,715,16,0,471,283,1,282,13,1,0,2,0,0,7,0,0,0,0,0,0,0,0,30,125,0,0,0,0,0,94,0,0,0,0,0,0,10,
7,3255,חיפה,4000,716,3,0,627,376,4,372,11,5,0,0,0,0,24,0,0,0,0,0,0,0,0,23,157,0,0,0,5,0,121,0,0,0,0,0,0,26,
7,3256,חיפה,4000,717,203,0,533,305,1,304,17,2,1,0,0,0,9,0,0,0,0,0,0,0,0,33,116,1,0,0,2,0,113,1,0,0,0,0,0,9,
7,3257,חיפה,4000,706,14,0,619,427,2,425,29,6,1,0,0,0,6,0,0,0,0,0,0,0,0,20,204,0,0,0,2,0,137,0,0,0,0,0,0,20,
7,3258,חיפה,4000,711,14,0,487,260,3,257,12,2,0,0,0,0,2,0,0,0,0,0,0,0,0,36,133,0,0,0,0,0,62,0,0,2,0,0,0,8,
7,3259,חיפה,4000,712,14,0,510,335,1,334,15,2,0,0,0,0,7,0,0,0,0,0,0,0,0,22,168,0,0,0,0,0,106,0,0,0,0,1,0,13,
7,3260,חיפה,4000,721.1,54,0,645,461,1,460,22,3,1,0,0,0,8,0,0,0,0,0,0,0,0,17,235,1,0,0,2,0,161,0,0,0,0,0,0,10,
7,3261,חיפה,4000,721.2,54,0,645,451,3,448,26,4,0,0,0,0,16,0,0,0,0,0,0,0,0,13,200,1,0,0,2,0,182,0,0,0,0,0,0,4,
7,3262,חיפה,4000,721.3,54,0,645,462,2,460,33,3,0,0,0,0,15,0,0,0,0,0,0,0,0,19,137,0,0,0,4,0,243,1,0,0,0,0,0,5,
7,3263,חיפה,4000,721.4,54,0,645,472,1,471,38,2,0,2,0,0,13,1,0,0,0,0,0,0,0,16,192,0,0,0,1,0,196,1,0,0,0,0,0,9,
7,3264,חיפה,4000,721.5,54,0,645,451,1,450,23,3,0,0,0,0,15,0,0,0,0,0,0,0,0,15,182,0,0,0,2,0,196,0,0,0,0,0,0,14,
7,3265,חיפה,4000,721.6,54,0,645,439,6,433,17,3,0,0,0,0,5,0,0,0,0,0,0,0,0,22,158,0,0,0,1,0,215,0,0,0,0,1,0,11,
7,3266,חיפה,4000,721.7,54,0,645,420,4,416,40,2,0,0,0,0,7,0,1,0,0,0,0,0,0,26,136,0,0,0,2,0,191,0,0,0,0,0,1,10,
7,3267,חיפה,4000,721.8,54,0,645,451,1,450,38,3,0,0,0,0,18,0,0,0,0,0,0,0,0,27,145,0,0,0,0,0,208,0,0,0,0,0,0,11,
7,3268,חיפה,4000,722,10,0,436,263,0,263,16,0,1,0,0,0,7,0,0,0,0,0,0,0,0,7,135,0,0,0,4,0,69,0,1,0,0,0,0,23,
7,3269,חיפה,4000,726,65,0,608,326,5,321,12,1,0,0,0,0,4,0,0,0,0,0,0,0,1,77,158,0,0,0,0,0,58,0,0,0,0,0,0,10,
7,3270,חיפה,4000,727,65,0,576,254,1,253,11,2,0,3,0,0,7,0,0,0,0,0,0,0,1,46,119,1,1,0,0,0,52,0,0,1,0,0,0,9,
7,3271,חיפה,4000,730.1,55,0,655,450,4,446,21,3,0,1,0,0,9,0,0,0,0,0,0,0,0,12,209,0,0,0,3,0,171,1,0,0,0,1,0,15,
7,3272,חיפה,4000,730.2,55,0,655,449,3,446,25,3,0,0,1,0,11,0,0,0,0,1,0,0,0,18,171,0,0,0,1,0,206,0,0,0,0,0,0,9,
7,3273,חיפה,4000,730.3,55,0,655,454,1,453,20,0,2,0,0,0,9,0,0,0,0,0,0,0,0,12,178,1,0,0,5,0,219,1,0,0,0,0,0,6,
7,3274,חיפה,4000,730.4,55,0,652,437,3,434,24,3,1,0,0,0,11,0,0,0,0,0,0,0,0,25,123,1,0,1,0,0,240,1,0,0,0,0,0,4,
7,3275,חיפה,4000,731,10,0,685,499,2,497,23,3,1,1,0,0,12,0,0,0,0,0,0,0,0,24,147,0,0,0,0,0,275,0,0,0,0,0,0,11,
7,3276,חיפה,4000,733,65,0,590,412,4,408,24,2,0,1,0,0,9,0,0,0,0,0,0,0,0,18,150,1,0,0,8,1,186,0,0,0,0,0,0,8,
7,3277,חיפה,4000,734,10,0,546,303,1,302,14,0,1,3,0,0,7,0,0,0,0,0,0,0,0,47,126,0,0,0,1,0,97,0,0,0,0,0,0,6,
7,3278,חיפה,4000,735,221,0,621,363,1,362,19,3,2,0,0,0,6,0,0,0,0,0,0,1,0,33,159,1,0,0,3,0,122,0,0,0,0,0,1,12,
7,3279,חיפה,4000,736,10,0,628,391,1,390,27,0,2,1,0,0,9,0,0,0,0,0,0,0,0,27,158,0,0,0,1,0,162,0,0,0,0,0,0,3,
7,3280,חיפה,4000,739,65,0,517,289,10,279,4,1,2,0,0,0,1,0,0,0,0,0,0,0,0,36,163,1,0,0,1,0,56,0,0,0,0,0,2,12,
7,3281,חיפה,4000,740,221,0,634,448,1,447,23,0,0,1,0,0,15,0,0,0,0,0,0,0,0,15,174,0,0,0,1,0,212,0,0,1,0,0,0,5,
7,3282,חיפה,4000,741,10,0,673,485,1,484,25,1,1,0,0,0,13,0,0,0,0,0,0,0,0,19,142,1,0,0,0,0,274,0,0,0,0,0,0,8,
7,3283,חיפה,4000,742,10,0,660,487,2,485,32,3,0,0,0,0,13,0,0,0,0,0,0,0,0,23,160,1,0,0,0,0,246,0,0,0,0,0,0,7,
7,3284,חיפה,4000,744,221,0,708,503,1,502,28,3,0,0,0,0,14,0,0,0,0,0,0,0,0,15,174,0,0,0,0,0,257,0,0,0,0,1,0,10,
7,3285,חיפה,4000,745,10,0,507,330,1,329,22,0,2,3,0,0,8,0,0,0,0,0,0,0,0,11,147,0,0,0,0,0,128,0,0,0,0,0,0,8,
13,6459,חפץ חיים,363,1,1,0,335,286,0,286,1,12,0,0,0,0,166,0,0,0,0,0,0,0,0,3,86,0,0,0,4,0,6,0,0,0,0,0,0,8,
18,9862,יהל,1158,1,1,0,217,121,1,120,28,0,1,0,0,0,0,0,0,0,0,0,0,0,0,4,18,0,0,0,0,5,64,0,0,0,0,0,0,0,
2,1056,ייטב,3607,1,1,0,205,160,1,159,2,5,0,3,0,0,64,0,0,0,0,0,0,0,0,8,71,2,0,0,1,0,2,0,0,0,0,0,0,1,
13,6463,יסודות,440,1,1,0,317,290,0,290,0,274,0,0,0,0,5,0,0,0,0,0,0,0,0,1,4,0,0,0,0,0,0,0,0,0,1,0,0,5,
10,4647,יעף,1044,1,1,0,171,140,1,139,23,2,3,0,0,0,3,0,0,0,0,0,0,0,0,0,29,0,0,0,0,0,76,0,1,0,0,0,0,2,
1,1,ירושלים,3000,392.1,36,0,690,473,3,470,64,6,8,1,0,0,62,0,0,0,0,0,0,0,0,6,179,0,0,0,5,0,110,0,0,0,0,0,0,29,
1,2,ירושלים,3000,392.2,36,0,690,501,2,499,48,3,2,0,0,0,84,0,0,0,0,0,0,0,0,6,220,2,0,0,3,0,97,0,0,0,0,0,0,34,
1,3,ירושלים,3000,392.3,36,1,689,479,1,478,68,11,7,2,0,0,79,0,0,0,0,0,0,1,0,3,160,1,0,0,5,0,123,1,0,0,0,0,0,17,
1,4,ירושלים,3000,423,261,0,440,296,0,296,17,0,1,0,0,0,12,0,0,0,0,0,0,0,0,26,156,0,0,0,1,0,49,0,0,0,0,0,0,34,
1,5,ירושלים,3000,530,23,0,696,386,1,385,59,16,9,1,0,0,25,0,0,0,0,0,0,0,0,11,114,0,0,0,0,0,129,0,0,0,0,0,1,20,
1,6,ירושלים,3000,560,23,0,589,392,1,391,65,19,30,1,0,0,14,0,0,0,0,0,0,1,0,12,82,1,0,0,0,0,140,0,0,0,0,0,0,26,
1,7,ירושלים,3000,561,388,0,775,407,2,405,35,90,19,0,0,0,23,0,0,0,0,0,0,0,0,6,96,0,0,0,1,0,80,0,0,0,0,0,0,55,
1,8,ירושלים,3000,562,388,0,556,321,1,320,41,32,14,0,0,0,15,0,0,0,0,0,0,0,0,6,95,0,0,0,2,0,87,0,0,0,0,0,1,27,
1,9,ירושלים,3000,715,23,0,646,383,4,379,62,16,18,0,0,0,20,0,0,0,0,0,0,0,0,9,87,0,0,0,3,0,133,0,0,0,0,0,0,31,
1,10,ירושלים,3000,720,389,0,615,400,1,399,16,18,3,0,0,0,23,0,0,0,0,0,0,0,0,26,210,0,0,0,8,0,54,0,0,0,0,0,1,40,
1,11,ירושלים,3000,721,257,0,663,444,0,444,17,11,2,0,0,0,24,0,0,0,0,1,0,0,0,37,225,0,0,0,4,0,50,0,0,0,0,0,0,73,
1,12,ירושלים,3000,722,257,0,547,371,2,369,7,13,0,0,0,0,24,0,0,0,0,0,0,0,0,39,126,1,0,0,8,0,61,0,0,0,0,0,0,90,
1,13,ירושלים,3000,723,219,0,762,493,1,492,9,14,14,1,0,0,24,0,0,0,0,0,0,0,0,22,251,0,0,0,11,0,56,0,0,0,0,0,0,90,
1,14,ירושלים,3000,724,219,0,683,425,2,423,15,18,6,0,0,0,21,0,0,0,0,0,0,0,0,42,179,0,1,0,6,0,54,0,0,0,0,0,0,81,
1,15,ירושלים,3000,725,219,0,655,407,3,404,7,11,3,0,0,0,13,0,0,0,0,0,0,0,0,33,184,1,0,0,1,0,73,0,0,0,0,0,0,78,
1,16,ירושלים,3000,727,219,0,681,479,2,477,11,148,4,0,0,0,23,0,0,0,0,0,0,0,0,19,160,0,0,0,4,0,39,0,0,0,0,0,0,69,
1,17,ירושלים,3000,730,261,0,626,436,2,434,20,2,3,0,0,0,37,0,0,0,0,0,0,0,0,19,225,0,0,0,6,0,88,0,0,0,0,0,1,33,
1,18,ירושלים,3000,732,261,0,472,322,3,319,9,1,3,0,0,0,15,0,0,0,0,0,0,0,0,9,176,0,0,0,2,0,69,0,0,0,0,0,0,35,
1,19,ירושלים,3000,733,270,0,678,489,1,488,18,10,3,0,0,0,26,0,0,0,0,0,0,0,1,14,276,0,0,0,3,0,65,0,0,0,0,0,0,72,
1,20,ירושלים,3000,734,266,0,735,515,0,515,9,2,3,0,0,0,29,0,0,0,0,0,0,0,0,27,295,1,0,0,5,0,78,0,0,0,0,0,0,66,
1,21,ירושלים,3000,735,263,0,658,478,2,476,16,26,1,0,0,0,70,0,0,0,0,0,0,0,0,27,207,0,0,0,5,0,37,0,0,0,0,0,0,87,
1,22,ירושלים,3000,736,266,0,697,479,5,474,11,10,2,1,0,0,28,0,0,0,0,0,0,1,0,45,256,0,0,0,1,0,67,1,0,0,0,0,1,50,
1,23,ירושלים,3000,737,270,0,568,414,0,414,6,9,2,0,0,0,25,0,0,0,0,0,0,1,0,29,206,0,0,0,1,0,75,0,0,0,0,1,0,59,
1,24,ירושלים,3000,738,265,0,718,504,2,502,13,13,2,1,0,0,36,0,0,0,0,0,0,1,0,48,267,0,0,0,4,0,62,0,0,0,0,0,0,55,
1,25,ירושלים,3000,739,263,0,707,472,0,472,15,15,0,1,0,0,54,0,0,0,0,0,0,1,0,47,210,1,0,0,2,0,57,0,0,0,0,0,0,69,
1,26,ירושלים,3000,740,266,0,596,412,2,410,12,3,0,0,0,0,27,0,0,0,0,0,0,0,0,22,215,1,0,0,4,0,52,0,0,0,0,0,2,72,
1,27,ירושלים,3000,742,483,0,447,58,0,58,1,0,54,0,0,0,0,0,0,0,0,0,0,0,0,0,1,1,1,0,0,0,0,0,0,0,0,0,0,0,
1,28,ירושלים,3000,743,265,0,639,446,0,446,5,17,0,0,0,0,55,0,0,0,0,0,0,0,0,20,225,0,0,0,3,0,37,0,0,0,0,0,0,84,
1,29,ירושלים,3000,744,263,0,546,384,1,383,12,7,4,0,0,0,64,0,0,0,0,0,0,0,0,22,175,0,0,0,2,0,46,0,0,0,0,0,1,50,
1,30,ירושלים,3000,747,267,0,731,507,0,507,17,7,3,1,0,0,27,0,0,0,0,0,0,0,0,22,296,0,0,0,8,0,45,0,0,0,0,0,0,81,
1,31,ירושלים,3000,748,265,0,658,481,1,480,5,4,3,0,0,0,33,0,0,0,0,0,0,0,0,53,236,0,0,0,5,0,51,0,0,0,0,0,0,90,
1,32,ירושלים,3000,749,267,0,770,542,3,539,10,7,0,0,0,0,28,0,0,0,0,0,1,0,0,41,306,0,0,0,5,0,49,0,0,0,0,0,0,92,
1,33,ירושלים,3000,750,265,0,699,475,5,470,5,4,2,2,0,0,32,0,0,0,0,0,0,0,0,59,251,0,0,0,4,0,56,2,0,0,0,0,0,53,
1,34,ירושלים,3000,751,267,0,707,527,1,526,15,13,0,0,0,0,62,0,0,0,0,0,0,0,0,22,260,0,0,0,2,0,75,0,0,0,0,0,0,77,
1,35,ירושלים,3000,752.1,382,0,610,440,1,439,5,12,0,0,0,0,62,0,0,0,0,0,0,0,0,21,249,1,0,0,7,0,41,0,0,0,0,0,0,41,
1,36,ירושלים,3000,752.2,382,0,610,424,1,423,6,6,0,0,0,0,69,0,0,0,0,0,0,0,0,40,207,0,0,0,6,0,33,0,0,0,0,0,0,56,
1,37,ירושלים,3000,752.3,382,0,610,440,0,440,12,6,5,2,0,0,52,0,0,0,0,0,0,0,0,28,234,0,0,0,3,0,58,0,0,0,0,0,0,40,
1,38,ירושלים,3000,752.4,382,0,607,442,0,442,14,11,1,0,0,0,57,0,0,0,0,0,0,1,0,47,202,0,0,0,0,0,53,0,0,0,0,0,0,56,
1,39,ירושלים,3000,755,270,0,585,394,2,392,13,6,1,1,0,0,23,0,0,0,0,0,0,0,0,29,198,0,0,0,2,0,84,0,0,0,0,0,0,35,
1,40,ירושלים,3000,756,261,0,548,372,0,372,16,2,10,0,0,0,30,0,0,0,1,0,0,0,0,28,191,0,0,0,6,0,56,0,0,0,0,0,0,32,
1,41,ירושלים,3000,757,257,0,689,439,5,434,7,22,4,1,0,0,22,0,1,0,0,0,0,0,0,43,173,0,0,0,0,0,62,0,0,0,1,0,0,98,
1,42,ירושלים,3000,759,219,0,712,479,1,478,17,12,3,0,0,0,21,0,0,0,0,0,0,0,0,38,235,1,0,0,1,0,53,0,0,0,0,0,0,97,
1,43,ירושלים,3000,764,270,0,599,422,1,421,5,11,0,1,0,0,41,0,0,0,0,0,0,0,0,39,204,0,0,0,3,0,71,0,0,0,0,0,0,46,
1,44,ירושלים,3000,790,267,0,762,585,0,585,17,6,0,0,0,0,77,0,0,0,0,0,0,0,0,8,312,1,0,0,3,0,82,0,0,0,0,0,0,79,
1,45,ירושלים,3000,797,263,0,498,350,2,348,7,8,6,0,0,0,56,0,0,0,0,0,0,0,0,11,177,0,0,0,0,0,52,0,0,0,0,0,0,31,
1,46,ירושלים,3000,798,267,0,775,578,1,577,10,2,1,1,0,0,54,0,0,0,0,0,0,0,0,15,342,0,0,0,8,0,61,0,0,0,0,0,0,83,
1,47,ירושלים,3000,969,389,0,440,292,1,291,6,3,1,0,0,0,15,0,0,0,0,0,0,0,0,26,172,0,0,0,3,0,40,0,0,0,0,0,0,25,
1,48,ירושלים,3000,994,483,0,319,27,0,27,1,0,23,0,0,0,0,0,0,0,0,0,0,0,0,0,1,0,0,0,0,0,2,0,0,0,0,0,0,0,
1,49,ירושלים,3000,445,489,0,647,449,1,448,1,283,1,0,0,0,6,0,0,0,0,0,0,0,0,0,22,0,0,0,1,0,3,0,0,0,0,0,0,131,
1,50,ירושלים,3000,550,28,0,586,375,3,372,4,230,0,0,0,0,22,0,0,0,0,0,0,0,0,0,57,0,0,0,0,0,17,0,0,0,0,0,0,42,
1,51,ירושלים,3000,551,28,0,555,354,0,354,8,95,3,0,0,0,33,0,0,0,0,0,0,0,0,3,115,1,0,0,2,0,39,0,0,0,0,0,0,55,
1,52,ירושלים,3000,553,39,0,637,381,2,379,3,229,0,0,0,0,18,0,0,0,0,0,0,0,0,1,27,0,0,0,0,0,8,0,0,0,0,0,0,93,
1,53,ירושלים,3000,554.1,14,0,700,482,3,479,0,338,0,0,0,0,2,0,0,0,0,0,0,0,0,0,24,0,0,0,1,0,3,0,0,0,0,0,0,111,
1,54,ירושלים,3000,554.2,14,0,700,475,5,470,0,404,1,0,0,0,0,0,0,0,0,0,0,0,0,0,7,0,0,0,2,0,2,0,0,0,0,0,0,54,
1,55,ירושלים,3000,554.3,14,0,700,488,11,477,0,291,0,0,0,0,6,0,0,0,0,0,0,0,0,1,17,0,0,0,4,0,0,1,0,0,0,0,0,157,
1,56,ירושלים,3000,554.4,14,0,700,485,12,473,0,322,0,0,0,0,8,0,0,0,0,0,0,0,0,0,20,0,0,0,2,0,2,0,0,0,0,0,0,119,
1,57,ירושלים,3000,554.5,14,0,699,475,7,468,1,377,0,0,0,0,2,0,0,0,0,0,0,0,0,0,11,0,0,0,0,0,2,0,0,0,0,0,0,75,
1,58,ירושלים,3000,556,39,0,507,254,2,252,7,95,2,0,0,0,14,0,0,0,0,0,0,0,0,1,61,0,0,0,1,0,17,0,0,0,0,0,0,54,
1,59,ירושלים,3000,563,28,0,700,403,3,400,7,125,3,0,0,0,33,0,0,0,0,0,0,0,0,7,93,0,0,0,4,0,31,0,0,0,0,0,0,97,
1,60,ירושלים,3000,568,39,0,632,365,0,365,4,205,1,0,0,0,19,0,0,0,0,0,0,0,0,1,50,0,0,0,10,0,10,0,0,0,0,0,0,65,
1,61,ירושלים,3000,572.1,47,0,629,410,2,408,1,138,0,0,0,0,14,0,0,0,0,0,0,1,0,9,93,0,0,0,1,0,12,0,0,0,0,0,0,139,
1,62,ירושלים,3000,572.2,47,0,629,389,5,384,2,177,0,0,0,0,10,0,0,0,0,0,0,0,0,6,54,0,0,0,2,0,10,0,0,0,0,0,0,123,
1,63,ירושלים,3000,572.3,47,0,629,449,2,447,3,255,0,0,0,0,6,0,0,0,0,0,0,0,0,5,66,1,0,0,6,0,11,0,1,0,0,0,0,93,
1,64,ירושלים,3000,572.4,47,0,629,443,8,435,3,194,0,1,0,0,2,0,0,0,0,0,0,0,0,10,63,0,1,0,8,0,5,0,0,0,0,0,0,148,
1,65,ירושלים,3000,572.5,47,0,629,416,7,409,1,154,6,0,0,0,11,0,0,0,0,0,0,0,0,11,85,0,0,0,0,0,7,1,0,0,0,1,0,132,
1,66,ירושלים,3000,572.6,47,0,629,384,6,378,2,210,0,0,0,0,6,0,0,0,1,0,0,0,0,7,53,1,0,0,0,0,13,0,0,0,0,0,0,85,
1,67,ירושלים,3000,572.7,47,0,628,427,5,422,1,238,0,0,0,0,6,0,0,0,0,0,0,0,0,13,65,0,0,0,2,0,11,0,0,0,0,0,0,86,
1,68,ירושלים,3000,574,53,0,602,306,2,304,4,61,5,0,0,0,3,0,0,0,0,0,0,0,0,18,92,0,0,0,2,0,19,0,0,0,0,0,0,100,
1,69,ירושלים,3000,575,64,0,563,477,10,467,0,275,0,0,0,0,4,0,0,0,0,0,0,0,0,3,16,0,0,0,1,0,2,0,0,0,0,0,0,166,
1,70,ירושלים,3000,576,42,0,521,365,11,354,4,146,5,0,0,0,5,0,0,0,0,0,0,0,0,10,72,0,0,0,1,0,12,0,0,0,0,0,0,99,
1,71,ירושלים,3000,694,489,0,669,481,5,476,0,362,0,0,0,0,3,0,0,0,0,0,0,0,0,1,23,0,0,0,1,0,3,0,0,0,0,0,0,83,
1,72,ירושלים,3000,697,489,0,640,483,7,476,1,228,0,0,0,0,4,0,0,0,0,0,0,0,0,0,24,0,0,0,11,0,2,0,0,0,0,0,0,206,
1,73,ירושלים,3000,698,105,0,693,450,12,438,3,185,0,0,0,0,9,0,0,0,0,0,0,0,0,8,111,0,3,0,0,0,9,0,0,0,0,0,0,110,
1,74,ירושלים,3000,700,42,0,654,462,8,454,1,217,2,0,0,0,4,0,0,0,0,0,0,0,0,16,97,0,0,0,2,0,10,0,0,0,0,0,0,105,
1,75,ירושלים,3000,701,53,0,718,463,8,455,1,157,1,0,0,0,9,0,0,0,0,0,0,0,0,25,100,0,0,0,1,0,16,0,0,0,0,0,1,144,
1,76,ירושלים,3000,703,489,0,756,593,7,586,0,403,0,0,0,0,1,0,0,0,0,0,0,0,0,1,17,0,0,0,2,0,1,0,0,0,0,0,0,161,
1,77,ירושלים,3000,713,42,0,504,331,3,328,3,112,1,0,0,0,5,0,0,0,0,0,0,0,0,20,82,0,0,0,1,0,18,0,0,0,0,0,0,86,
1,78,ירושלים,3000,714,53,0,714,442,3,439,4,164,2,1,0,0,16,0,0,0,0,0,0,0,1,25,78,0,0,0,1,0,10,0,0,0,0,0,0,137,
1,79,ירושלים,3000,729,259,0,700,463,2,461,2,38,4,1,0,0,9,0,0,0,0,0,0,0,0,57,250,0,0,0,4,0,38,0,0,1,0,0,0,57,
1,80,ירושלים,3000,731,259,0,601,423,3,420,10,22,1,0,0,0,32,0,0,0,0,0,0,1,0,40,219,0,0,0,2,0,45,0,0,0,0,0,0,48,
1,81,ירושלים,3000,745,258,0,550,381,5,376,7,16,3,1,0,0,13,0,0,0,0,0,0,0,0,52,171,0,0,0,1,0,44,0,0,0,0,0,2,66,
1,82,ירושלים,3000,746,258,0,486,315,4,311,6,14,5,0,0,0,13,0,0,0,0,0,0,0,0,46,140,0,0,0,5,0,27,0,0,0,0,0,2,53,
1,83,ירושלים,3000,758,259,0,570,352,3,349,2,16,2,2,0,0,10,0,0,0,0,0,0,0,0,20,168,0,0,0,6,0,44,0,0,0,0,0,1,78,
1,84,ירושלים,3000,760,64,0,669,439,4,435,6,116,0,0,0,0,6,0,0,0,0,0,0,0,0,36,130,0,0,0,1,0,23,1,0,0,0,0,0,116,
1,85,ירושלים,3000,761,42,0,501,315,4,311,2,133,0,0,0,0,3,0,0,0,0,0,0,0,0,5,62,0,0,0,3,0,7,0,0,0,0,0,0,96,
1,86,ירושלים,3000,762,489,0,688,507,3,504,1,301,0,0,0,0,7,0,0,0,0,0,0,0,0,0,17,0,0,0,2,0,2,0,0,0,0,0,0,174,
1,87,ירושלים,3000,763,259,0,589,413,1,412,4,27,1,0,0,0,17,0,0,0,0,0,0,0,0,37,213,0,0,0,1,0,66,0,0,0,0,0,0,46,
1,88,ירושלים,3000,765,258,0,436,309,1,308,2,9,1,0,0,0,11,0,0,0,0,0,0,0,0,31,147,0,0,0,3,0,33,0,0,0,0,0,0,71,
1,89,ירושלים,3000,766,258,0,580,415,2,413,6,33,7,0,0,0,14,0,0,0,0,0,0,0,0,59,189,0,0,0,4,0,28,0,0,0,0,0,0,73,
1,90,ירושלים,3000,792,489,0,564,395,4,391,0,290,0,0,0,0,2,0,0,0,0,0,0,0,0,0,9,0,0,0,2,0,0,0,0,0,0,0,0,88,
1,91,ירושלים,3000,5,383,0,534,155,3,152,0,99,0,0,0,0,0,0,0,0,0,0,0,0,0,1,4,0,0,0,0,0,1,0,0,0,0,0,0,47,
1,92,ירושלים,3000,7,75,0,629,331,2,329,0,91,0,0,0,0,3,0,0,0,0,0,0,0,0,0,20,0,0,0,5,0,2,0,0,0,0,0,0,208,
1,93,ירושלים,3000,11,83,0,561,321,2,319,0,122,0,0,0,0,2,0,0,0,0,0,0,0,0,0,36,0,0,0,1,0,1,0,0,0,0,0,0,157,
1,94,ירושלים,3000,12,83,0,688,222,1,221,1,59,0,0,0,0,0,0,0,0,0,0,0,0,0,0,14,0,0,0,2,0,2,0,0,0,0,0,0,143,
1,95,ירושלים,3000,13,83,0,572,236,3,233,0,58,0,0,0,0,3,0,0,0,0,0,0,0,0,1,18,0,1,0,4,0,2,0,0,0,0,0,0,146,
1,96,ירושלים,3000,14,83,0,714,265,0,265,0,150,0,0,0,0,0,0,0,0,0,0,0,0,0,0,17,0,0,0,1,0,1,0,0,0,0,0,0,96,
1,97,ירושלים,3000,15,376,0,680,133,2,131,0,90,0,0,0,0,0,0,0,0,0,0,0,0,0,0,8,0,0,0,0,0,0,0,0,0,0,0,0,33,
1,98,ירושלים,3000,16,7,0,698,73,0,73,0,48,0,0,0,0,1,0,0,0,0,0,0,0,0,0,4,0,0,0,0,0,1,0,0,0,0,0,0,19,
1,99,ירושלים,3000,17,7,0,783,76,2,74,0,35,0,0,0,0,1,0,0,0,0,0,0,0,0,0,6,0,0,0,0,0,0,0,0,0,0,0,0,32,
1,100,ירושלים,3000,18,383,0,636,158,0,158,0,86,0,0,0,0,2,0,0,0,0,0,0,0,0,1,14,0,0,0,0,0,2,0,0,0,0,0,0,53,
1,101,ירושלים,3000,20,21,0,598,174,2,172,0,130,0,0,0,0,2,0,0,0,0,0,0,0,0,0,15,0,0,0,0,0,0,0,0,0,0,0,0,25,
1,102,ירושלים,3000,26,75,0,570,352,3,349,0,237,1,0,0,0,10,0,0,0,0,0,0,0,0,0,22,0,0,0,3,0,2,0,0,0,0,0,0,74,
1,103,ירושלים,3000,32,83,0,488,184,0,184,0,56,0,0,0,0,0,0,0,0,0,0,0,0,0,0,6,0,0,0,1,0,0,0,0,0,0,0,0,121,
1,104,ירושלים,3000,41,21,0,791,197,1,196,0,105,0,0,0,0,5,0,0,0,0,0,0,0,0,1,10,0,0,0,3,0,1,0,0,0,0,0,0,71,
1,105,ירושלים,3000,42,21,0,722,209,4,205,0,135,0,0,0,0,0,0,0,0,0,0,0,0,0,0,9,0,0,0,2,0,0,0,0,0,0,0,0,59,
1,106,ירושלים,3000,81,21,0,700,330,4,326,15,128,4,0,0,0,7,0,0,0,0,0,0,0,0,4,30,0,0,0,4,0,31,0,0,0,0,0,0,103,
1,107,ירושלים,3000,82,398,0,596,192,0,192,15,43,4,0,0,0,10,0,0,0,0,0,0,0,0,2,42,0,0,0,2,0,25,0,0,0,0,0,0,49,
1,108,ירושלים,3000,116,398,0,626,323,1,322,2,65,0,0,0,0,2,0,0,0,0,0,0,0,0,0,17,0,0,0,2,0,0,0,0,0,0,0,0,234,
1,109,ירושלים,3000,117,398,0,697,314,4,310,3,60,1,0,0,0,4,0,0,0,0,0,0,0,0,0,30,0,0,0,1,0,11,0,0,0,0,0,0,200,
1,110,ירושלים,3000,118,398,0,545,286,0,286,18,19,4,0,0,0,12,0,0,0,0,0,0,0,0,1,98,0,0,0,0,0,17,0,0,0,0,1,0,116,
1,111,ירושלים,3000,119,398,0,550,318,4,314,37,15,22,0,0,0,8,0,0,0,0,0,0,1,0,2,146,0,0,0,6,0,30,0,0,0,0,0,0,47,
1,112,ירושלים,3000,120,83,0,570,163,3,160,0,50,0,0,0,0,1,0,0,0,0,0,0,0,0,0,6,0,0,0,2,0,0,0,0,0,0,0,0,101,
1,113,ירושלים,3000,121,75,0,621,220,1,219,0,82,0,0,0,0,0,0,0,0,0,0,0,0,0,0,11,0,0,0,0,0,1,0,0,0,0,0,0,125,
1,114,ירושלים,3000,207,380,0,646,482,1,481,0,292,0,0,0,0,28,0,0,0,0,0,0,0,0,2,43,0,0,0,4,0,4,0,0,0,0,0,0,108,
1,115,ירושלים,3000,220.1,414,0,590,367,2,365,1,174,0,0,0,0,0,0,0,0,0,0,0,0,0,0,16,0,0,0,3,0,3,0,0,0,0,0,0,168,
1,116,ירושלים,3000,220.2,414,0,590,365,6,359,2,284,0,0,0,0,1,0,0,0,0,0,0,0,0,0,8,0,0,0,0,0,0,0,0,0,0,0,0,64,
1,117,ירושלים,3000,220.3,414,0,590,389,5,384,1,174,0,0,0,0,4,0,0,0,0,0,0,0,0,0,26,0,0,0,1,0,1,0,0,0,0,0,0,177,
1,118,ירושלים,3000,220.4,414,0,590,361,7,354,1,203,0,0,0,0,4,0,0,0,0,0,0,0,0,0,19,0,0,0,3,0,1,0,0,0,0,0,0,123,
1,119,ירושלים,3000,220.5,414,0,586,359,9,350,0,258,0,0,0,0,4,0,0,0,0,0,0,0,0,0,13,0,0,0,2,0,1,0,0,0,0,0,0,72,
1,120,ירושלים,3000,265,380,0,596,429,1,428,1,253,0,0,0,0,37,0,0,0,0,0,0,0,0,0,33,0,0,0,1,0,4,0,0,0,0,0,0,99,
1,121,ירושלים,3000,521.1,41,0,539,222,2,220,32,25,14,1,0,0,9,0,0,0,0,0,0,0,0,7,50,0,0,0,2,0,53,0,0,0,0,0,1,26,
1,122,ירושלים,3000,521.2,41,0,539,208,2,206,24,34,17,1,0,0,10,0,0,0,0,0,0,0,0,10,48,1,0,0,3,0,44,1,0,0,0,0,0,13,
1,123,ירושלים,3000,521.3,41,0,539,212,2,210,26,17,26,0,0,0,5,0,0,0,0,0,0,1,0,8,51,0,0,0,3,0,62,0,0,0,0,0,0,11,
1,124,ירושלים,3000,521.4,41,0,539,237,1,236,38,27,4,1,0,0,16,0,0,0,0,0,0,0,0,15,57,0,0,0,0,0,69,0,0,0,0,0,0,9,
1,125,ירושלים,3000,552,407,0,532,345,6,339,5,131,0,0,0,0,10,0,0,0,0,0,0,0,0,1,84,0,0,0,4,0,27,0,0,1,0,0,0,76,
1,126,ירושלים,3000,555,69,0,690,459,3,456,4,256,0,0,0,0,23,0,0,0,0,0,0,0,0,1,55,0,0,0,1,0,4,0,0,0,0,0,0,112,
1,127,ירושלים,3000,557,69,0,651,464,4,460,2,194,0,0,0,0,11,0,0,0,0,0,0,0,0,0,41,0,0,0,1,0,3,0,0,0,0,0,0,208,
1,128,ירושלים,3000,558,69,0,574,403,6,397,1,168,0,0,0,0,5,0,0,0,0,0,0,0,0,1,47,1,0,0,2,0,5,0,0,0,0,0,1,166,
1,129,ירושלים,3000,569,69,0,623,442,1,441,2,127,0,0,0,0,6,0,0,0,0,0,0,0,0,2,92,0,0,0,2,0,9,0,0,0,0,0,0,201,
1,130,ירושלים,3000,832,376,0,798,90,1,89,0,46,0,0,0,0,2,0,0,0,0,0,0,0,0,0,7,0,0,0,0,0,0,0,0,0,0,0,0,34,
1,131,ירושלים,3000,861,69,0,605,356,2,354,0,175,0,0,0,0,9,0,0,0,0,0,0,0,0,1,43,0,0,0,5,0,0,0,0,0,0,0,0,121,
1,132,ירושלים,3000,83.1,375,0,582,260,0,260,22,16,13,0,0,0,28,0,0,0,0,0,0,0,0,4,106,2,0,0,2,0,35,0,0,0,0,0,0,32,
1,133,ירושלים,3000,83.2,375,0,582,271,1,270,20,24,4,1,0,0,29,0,0,0,0,0,0,0,0,4,100,1,0,0,2,0,40,1,0,0,0,0,0,44,
1,134,ירושלים,3000,83.3,375,0,580,234,0,234,18,14,9,1,0,0,16,0,0,0,0,0,0,1,0,1,90,2,1,0,3,0,55,0,0,0,0,0,0,23,
1,135,ירושלים,3000,84.1,25,0,529,236,2,234,32,6,9,0,0,0,30,0,0,0,0,2,0,0,0,7,70,1,0,0,2,0,56,1,0,0,0,0,0,18,
1,136,ירושלים,3000,84.2,25,0,529,250,4,246,29,10,8,0,0,0,33,0,0,0,0,0,0,0,0,4,82,0,0,0,4,0,55,0,0,0,0,0,0,21,
1,137,ירושלים,3000,84.3,25,0,529,206,0,206,22,14,8,0,0,0,28,0,0,0,0,0,0,0,0,3,79,0,0,0,3,0,33,0,0,0,0,0,0,16,
1,138,ירושלים,3000,84.4,25,0,526,225,0,225,34,21,15,0,0,0,24,0,0,0,0,0,0,0,0,6,64,1,0,0,4,0,46,1,0,0,0,0,0,9,
1,139,ירושלים,3000,85,65,0,444,264,0,264,41,28,9,1,0,0,46,0,0,0,0,0,0,0,0,5,71,1,0,0,1,0,48,0,0,0,0,0,0,13,
1,140,ירושלים,3000,87.1,90,0,569,333,2,331,50,50,4,0,0,0,34,0,0,0,0,0,0,0,0,2,88,0,0,0,2,0,82,0,0,0,0,0,0,19,
1,141,ירושלים,3000,87.2,90,0,569,319,1,318,46,54,11,2,0,0,53,0,0,0,0,0,0,0,0,7,61,0,0,0,1,0,66,0,0,1,0,0,0,16,
1,142,ירושלים,3000,87.3,90,0,568,320,1,319,48,44,8,0,0,0,40,0,0,0,0,0,0,0,0,3,75,1,1,0,3,0,88,0,0,0,0,0,0,8,
1,143,ירושלים,3000,89.1,215,0,575,219,2,217,37,7,9,0,0,0,28,0,0,0,0,0,0,0,0,11,70,0,0,0,1,0,41,0,0,0,0,0,0,13,
1,144,ירושלים,3000,89.2,215,0,575,221,3,218,35,4,13,1,0,0,20,0,0,0,0,0,0,0,0,6,67,0,0,0,2,0,60,0,1,0,0,0,0,9,
1,145,ירושלים,3000,89.3,215,0,575,219,4,215,32,9,16,1,0,0,17,0,0,0,0,1,0,0,0,1,72,0,0,0,0,0,51,1,0,0,0,0,0,14,
1,146,ירושלים,3000,89.4,215,0,572,191,0,191,35,6,14,0,0,0,26,0,0,0,0,0,0,0,0,7,44,0,0,0,2,0,46,0,0,0,0,1,0,10,
1,147,ירושלים,3000,150,89,0,739,423,1,422,97,5,17,0,0,0,63,0,0,0,0,0,0,0,0,8,102,0,0,0,5,0,118,0,0,0,0,0,0,7,
1,149,ירושלים,3000,157,89,0,550,281,3,278,46,19,7,0,0,0,42,0,0,0,0,0,0,0,0,4,71,0,0,0,3,0,75,0,0,1,0,0,0,10,
1,150,ירושלים,3000,158,89,0,569,317,0,317,59,37,12,0,0,0,34,0,0,0,0,0,0,0,0,0,79,0,0,0,4,0,79,0,0,1,0,0,0,12,
1,151,ירושלים,3000,159,89,0,611,343,2,341,76,21,16,2,0,0,41,0,0,0,0,0,0,0,0,8,61,1,0,0,0,0,111,0,0,0,0,0,0,4,
1,152,ירושלים,3000,165.1,92,0,568,311,0,311,18,94,3,1,0,0,34,0,0,0,1,0,0,0,0,1,87,0,0,0,0,0,45,0,0,0,0,0,0,27,
1,153,ירושלים,3000,165.2,92,0,568,316,0,316,25,92,3,1,0,0,36,0,0,0,0,0,0,0,0,2,80,0,0,0,5,0,38,1,0,0,0,0,0,33,
1,154,ירושלים,3000,165.3,92,0,568,289,0,289,31,76,3,0,1,0,39,0,0,0,0,0,0,0,0,2,80,0,0,0,4,0,33,0,0,0,0,0,1,19,
1,155,ירושלים,3000,165.4,92,0,567,324,2,322,16,91,4,0,0,0,45,0,0,0,0,0,0,0,0,4,97,0,0,0,3,0,38,0,0,0,0,0,0,24,
1,156,ירושלים,3000,188,34,0,498,293,2,291,39,30,12,2,1,0,44,0,0,0,0,0,0,0,0,3,80,0,0,0,1,0,47,0,0,0,0,0,0,32,
1,157,ירושלים,3000,191,34,0,468,246,2,244,37,4,5,1,0,0,35,0,1,0,0,0,0,1,0,5,82,0,0,0,3,0,39,0,0,0,0,0,0,31,
1,158,ירושלים,3000,192,34,0,554,307,0,307,34,33,8,1,0,0,47,0,0,0,0,0,0,0,0,6,84,1,0,0,3,0,66,0,0,0,0,0,0,24,
1,159,ירושלים,3000,193,65,1,625,378,6,372,13,229,0,0,0,0,16,0,0,0,0,0,0,0,0,2,55,0,0,0,2,0,11,0,0,0,0,0,1,43,
1,160,ירושלים,3000,194,34,0,436,225,0,225,30,20,7,0,0,0,28,0,0,0,0,0,0,0,0,2,86,0,0,0,2,0,29,0,0,1,0,0,0,20,
1,161,ירושלים,3000,197,80,0,499,241,1,240,28,26,2,0,0,0,33,0,0,0,0,0,0,0,0,5,71,0,0,0,2,0,38,0,0,0,0,0,0,35,
1,162,ירושלים,3000,198,80,0,518,270,2,268,45,31,6,0,0,0,40,0,0,0,0,0,0,2,0,2,70,1,0,0,2,0,62,0,0,0,0,0,0,7,
1,163,ירושלים,3000,200.1,100,0,649,419,0,419,42,24,4,0,0,0,49,0,0,0,0,3,0,1,0,4,176,0,0,1,7,0,70,0,0,0,0,0,0,38,
1,164,ירושלים,3000,200.2,100,0,649,400,1,399,32,22,3,0,0,0,46,0,0,0,0,0,0,0,0,9,163,0,0,0,4,0,67,0,0,0,0,0,1,52,
1,165,ירושלים,3000,200.3,100,0,649,414,3,411,35,11,5,2,0,0,37,0,0,0,0,0,0,1,0,6,199,2,0,0,2,0,68,1,0,0,0,0,0,42,
1,166,ירושלים,3000,200.4,100,0,648,353,1,352,28,27,4,0,0,0,55,0,0,0,0,0,0,1,0,5,136,1,0,0,4,0,73,0,0,0,0,0,0,18,
1,167,ירושלים,3000,203,484,0,529,260,2,258,24,9,6,0,0,0,23,0,0,0,0,0,0,0,0,4,113,0,0,0,1,0,34,0,0,0,0,0,0,44,
1,168,ירושלים,3000,204,80,0,554,323,1,322,30,19,4,1,0,0,31,0,0,0,0,0,0,0,0,6,129,0,0,0,3,0,53,0,0,0,0,0,0,46,
1,169,ירושלים,3000,206,80,0,562,351,1,350,1,95,1,0,0,0,29,0,0,0,0,0,0,0,0,5,99,1,0,0,7,0,25,0,0,0,0,0,0,87,
1,170,ירושלים,3000,228.1,85,0,623,368,1,367,82,6,11,0,0,0,26,0,0,0,0,0,0,0,0,5,68,0,0,0,0,0,160,0,1,0,0,0,0,8,
1,171,ירושלים,3000,228.2,85,0,623,350,1,349,88,3,12,0,0,0,21,0,0,0,0,0,0,0,0,10,49,0,0,0,0,0,163,0,0,0,0,0,0,3,
1,172,ירושלים,3000,228.3,85,0,623,371,0,371,97,1,10,2,0,0,29,0,0,0,0,0,0,1,0,8,72,0,1,0,1,0,147,0,0,0,0,0,0,2,
1,173,ירושלים,3000,228.4,85,0,622,359,0,359,83,7,16,0,0,0,22,0,0,0,0,0,0,1,0,6,62,0,0,0,1,0,159,0,0,0,0,0,0,2,
1,174,ירושלים,3000,405,89,0,644,383,0,383,42,5,5,1,0,0,48,0,0,0,0,0,1,0,0,5,135,0,0,0,1,0,122,1,0,0,0,0,0,17,
1,175,ירושלים,3000,447,71,0,520,385,5,380,2,152,0,2,0,0,4,0,0,0,0,0,0,0,0,20,82,1,0,0,1,0,9,0,0,0,0,0,0,107,
1,176,ירושלים,3000,500,173,0,645,413,2,411,1,210,0,0,0,0,77,0,0,0,0,0,0,0,0,0,49,0,0,0,10,0,12,0,0,0,0,0,0,52,
1,177,ירושלים,3000,501.1,302,0,590,142,4,138,4,25,47,0,0,0,16,0,0,0,0,0,1,0,0,6,16,0,0,0,0,0,18,0,0,0,0,0,0,5,
1,178,ירושלים,3000,501.2,302,0,590,187,4,183,7,39,55,0,0,0,27,0,0,0,0,0,0,0,0,7,22,0,0,0,3,0,22,0,0,0,0,0,1,0,
1,179,ירושלים,3000,501.3,302,0,590,139,5,134,9,10,70,0,1,0,8,0,0,1,1,0,1,1,0,3,13,0,0,0,1,0,13,0,0,2,0,0,0,0,
1,180,ירושלים,3000,501.4,302,0,587,179,3,176,9,20,53,0,0,0,33,0,0,0,0,0,0,0,1,3,25,0,2,0,1,0,23,0,0,0,0,3,2,1,
1,181,ירושלים,3000,506,173,0,465,252,1,251,5,127,4,0,0,0,43,0,0,0,0,0,0,0,0,1,31,1,0,0,5,0,8,0,0,0,0,0,0,26,
1,182,ירושלים,3000,507,173,0,593,335,1,334,0,140,1,0,0,0,86,0,0,0,0,0,0,0,0,1,57,0,0,0,7,0,10,0,0,0,0,0,0,32,
1,183,ירושלים,3000,578,121,0,647,480,5,475,1,298,0,0,0,0,3,0,0,0,0,0,0,0,0,3,24,0,0,0,4,0,4,0,0,0,0,0,0,138,
1,184,ירושלים,3000,579,122,0,677,508,4,504,4,148,1,1,0,0,19,0,0,0,0,0,1,0,0,7,122,1,0,0,5,0,22,0,0,0,0,0,0,173,
1,185,ירושלים,3000,658,121,0,516,415,11,404,0,266,0,0,0,0,3,0,0,0,0,0,0,0,0,0,23,0,0,0,1,0,4,0,0,0,0,0,0,107,
1,186,ירושלים,3000,705,121,0,765,549,4,545,1,195,0,0,0,0,59,0,0,0,0,0,0,0,0,3,89,0,0,0,10,0,7,0,0,0,0,0,5,176,
1,187,ירושלים,3000,707,121,0,688,524,12,512,1,324,0,0,0,0,2,0,1,0,0,0,0,0,0,1,37,0,0,0,2,0,4,0,0,0,0,0,0,140,
1,188,ירושלים,3000,710,122,0,673,459,5,454,2,185,0,0,0,0,12,0,0,0,0,0,0,0,0,2,83,0,0,0,4,0,8,0,0,0,0,0,0,158,
1,189,ירושלים,3000,718,71,0,737,533,2,531,7,107,0,1,0,0,36,0,0,0,0,0,0,0,0,1,166,0,0,0,2,0,49,0,0,0,0,0,0,162,
1,190,ירושלים,3000,773,122,0,572,440,1,439,6,203,0,1,0,0,9,0,0,0,0,0,0,0,0,3,67,0,0,0,5,0,18,0,0,0,0,0,0,127,
1,191,ירושלים,3000,774,122,0,687,580,5,575,6,177,0,0,0,0,51,0,0,0,0,0,0,0,0,0,92,0,0,0,5,0,19,0,0,0,0,0,0,225,
1,192,ירושלים,3000,776,121,0,674,495,0,495,5,92,0,0,0,0,128,0,0,0,0,0,0,0,0,0,126,0,0,0,3,0,11,0,0,0,0,0,1,129,
1,193,ירושלים,3000,777,71,0,524,403,5,398,2,237,0,0,0,0,1,0,0,0,0,0,0,0,0,0,19,0,0,0,1,0,4,0,0,0,0,0,0,134,
1,194,ירושלים,3000,795,71,0,575,435,1,434,2,116,0,0,0,0,30,0,0,0,0,0,0,0,0,0,115,0,0,0,0,0,26,1,0,0,0,0,1,143,
1,195,ירושלים,3000,800,320,0,618,511,1,510,0,166,0,0,0,0,0,0,0,0,0,0,0,0,0,0,17,0,0,0,3,0,1,0,0,0,0,0,0,323,
1,196,ירושלים,3000,801,320,0,751,622,7,615,1,410,0,0,0,0,1,0,0,0,0,0,0,0,0,0,15,0,0,0,0,0,1,0,0,0,0,0,0,187,
1,197,ירושלים,3000,802,390,0,768,574,6,568,2,352,0,0,0,0,14,0,0,0,0,0,0,0,0,0,23,0,0,0,3,0,2,0,0,0,0,0,0,172,
1,198,ירושלים,3000,803,391,0,588,401,5,396,1,337,0,0,0,0,0,0,0,0,0,0,0,0,0,0,12,0,0,0,2,0,1,0,0,0,0,0,0,43,
1,199,ירושלים,3000,804,326,0,734,604,9,595,2,446,0,0,0,0,5,0,0,0,0,0,0,0,0,1,16,0,0,0,5,0,1,0,0,0,0,0,0,119,
1,200,ירושלים,3000,805,320,0,561,459,4,455,0,299,0,0,0,0,3,0,0,0,0,0,0,0,0,0,6,0,0,0,3,0,0,0,0,0,0,0,1,143,
1,201,ירושלים,3000,806,371,0,766,629,8,621,0,107,0,0,0,0,72,0,0,0,0,0,0,0,0,0,62,0,0,0,5,0,1,0,0,0,0,0,0,374,
1,202,ירושלים,3000,807,391,0,513,419,7,412,0,283,0,1,0,0,3,0,0,0,0,0,0,0,0,0,5,0,0,0,4,0,0,0,0,0,0,0,0,116,
1,203,ירושלים,3000,808,391,0,683,493,3,490,0,341,0,1,0,0,21,0,0,0,0,0,0,0,0,0,43,0,0,0,6,0,1,0,0,0,0,0,0,77,
1,204,ירושלים,3000,809,326,0,742,590,7,583,1,450,0,1,0,0,1,0,0,0,0,0,0,0,0,1,13,0,0,0,3,0,1,0,0,0,0,0,0,112,
1,205,ירושלים,3000,810,326,0,665,556,10,546,1,243,0,0,0,0,4,0,0,0,0,0,0,0,0,0,14,0,0,0,2,0,0,0,1,0,0,0,0,281,
1,206,ירושלים,3000,811,390,0,764,659,4,655,0,548,0,0,0,0,3,0,0,0,0,0,0,0,0,0,10,0,0,0,0,0,0,0,0,0,0,0,0,94,
1,207,ירושלים,3000,812,390,0,699,560,2,558,1,323,0,0,0,0,2,0,0,0,0,0,0,0,0,0,30,0,0,0,2,0,1,0,0,0,0,0,0,199,
1,208,ירושלים,3000,822,173,0,625,416,3,413,4,128,1,1,0,0,162,0,0,0,0,0,0,0,0,0,75,0,0,0,10,0,9,0,0,0,0,0,0,23,
1,209,ירושלים,3000,974,371,0,666,533,3,530,1,423,0,0,0,0,1,0,0,0,0,0,0,0,0,0,6,0,1,0,5,0,0,0,0,0,0,0,0,93,
1,210,ירושלים,3000,577,150,0,724,572,11,561,0,392,0,0,0,0,3,0,0,0,0,0,0,0,0,0,12,0,0,0,1,0,2,0,0,0,0,0,0,151,
1,211,ירושלים,3000,588,127,0,687,469,3,466,1,361,0,0,0,0,3,0,0,0,0,0,0,0,0,0,5,0,0,0,1,0,2,1,0,0,0,0,0,92,
1,212,ירושלים,3000,589,123,0,767,580,7,573,4,348,0,0,0,0,1,0,0,0,0,0,0,0,0,1,50,0,0,0,3,0,5,0,1,0,0,0,0,160,
1,213,ירושלים,3000,660,276,0,711,531,4,527,3,132,0,0,0,0,26,0,0,0,0,0,0,0,0,2,105,0,0,0,3,0,18,0,0,0,0,0,1,237,
1,214,ירושלים,3000,669,125,1,712,542,2,540,11,109,1,0,0,0,83,0,0,0,0,0,0,0,0,2,160,1,0,0,7,0,62,0,0,0,0,1,0,103,
1,215,ירושלים,3000,672,125,1,678,507,9,498,1,235,0,0,0,0,11,0,0,0,0,0,0,0,0,0,56,0,0,0,8,0,27,0,0,0,0,0,0,160,
1,216,ירושלים,3000,706.1,124,0,546,388,0,388,16,28,0,2,0,0,77,0,0,0,0,0,0,0,0,4,132,0,0,0,5,0,42,0,0,0,0,0,1,81,
1,217,ירושלים,3000,706.2,124,0,546,402,4,398,10,36,0,0,0,0,66,0,0,0,0,0,0,0,0,8,128,1,0,0,0,0,55,0,0,0,0,0,1,93,
1,218,ירושלים,3000,706.3,124,0,546,365,4,361,13,43,3,0,0,0,48,0,0,0,0,0,0,0,0,2,136,0,0,0,2,0,59,0,0,0,0,0,0,55,
1,219,ירושלים,3000,706.4,124,0,545,374,0,374,17,65,0,1,0,0,63,0,0,0,0,0,0,0,0,3,115,1,0,0,2,0,73,1,1,0,0,0,0,32,
1,220,ירושלים,3000,708,276,0,547,402,1,401,4,115,1,0,0,0,17,0,0,0,0,0,0,0,0,3,77,1,0,0,2,0,13,0,0,0,0,0,0,168,
1,221,ירושלים,3000,709.1,396,0,609,465,1,464,15,74,3,1,0,0,39,0,0,0,0,0,0,0,0,4,82,0,0,0,1,0,33,0,0,0,0,0,0,212,
1,222,ירושלים,3000,709.2,396,0,609,467,4,463,8,169,0,0,0,0,65,1,0,0,0,0,0,0,0,9,80,0,0,0,3,0,36,0,0,0,0,0,0,92,
1,223,ירושלים,3000,709.3,396,0,609,475,1,474,8,116,0,0,0,0,35,0,0,0,0,0,0,0,0,5,114,0,0,0,5,0,22,0,0,0,0,0,0,169,
1,224,ירושלים,3000,709.4,396,0,609,437,1,436,11,102,1,1,0,0,41,0,0,0,0,0,0,0,0,11,110,0,0,0,1,0,50,0,0,0,0,0,0,108,
1,225,ירושלים,3000,709.5,396,0,605,471,3,468,15,150,0,0,0,0,42,0,0,0,0,0,0,0,0,7,95,0,0,0,0,0,58,0,0,0,0,0,0,101,
1,226,ירושלים,3000,711,125,0,763,600,9,591,1,265,1,0,0,0,14,0,0,0,0,0,0,0,0,1,52,0,0,0,4,0,8,0,0,0,0,0,0,245,
1,227,ירושלים,3000,719,205,0,738,549,6,543,3,254,2,0,0,0,7,0,0,0,0,0,0,0,0,2,74,0,0,0,3,0,12,3,0,0,0,0,0,183,
1,228,ירושלים,3000,769,125,0,589,474,3,471,2,260,0,0,0,0,10,0,0,0,0,0,0,0,0,0,27,0,0,0,1,0,1,0,0,0,0,0,0,170,
1,229,ירושלים,3000,771,123,0,722,579,3,576,1,365,0,0,0,0,3,0,0,0,0,0,0,0,0,2,44,0,0,1,1,0,5,0,0,0,0,0,0,154,
1,230,ירושלים,3000,772,127,0,686,534,8,526,0,382,0,0,0,0,3,0,0,0,0,0,0,0,0,0,8,0,0,0,0,0,1,0,0,0,0,0,0,132,
1,231,ירושלים,3000,775,127,0,737,554,7,547,1,459,0,0,0,0,3,0,0,0,0,0,0,0,0,0,10,0,0,0,1,0,1,0,0,0,0,0,0,72,
1,232,ירושלים,3000,778,125,0,518,435,3,432,4,220,0,1,0,0,25,0,0,0,0,0,0,0,0,1,37,0,0,0,0,0,9,0,0,0,0,0,0,135,
1,233,ירושלים,3000,779,387,0,753,599,4,595,0,404,0,0,0,0,6,0,0,0,0,0,0,0,0,0,18,0,0,0,4,0,0,0,0,0,0,0,0,163,
1,234,ירושלים,3000,783,127,0,728,508,6,502,1,429,0,0,0,0,3,0,0,0,0,0,0,0,0,0,10,0,0,0,3,0,1,0,0,0,0,0,0,55,
1,235,ירושלים,3000,784,150,0,696,461,2,459,1,285,0,0,0,0,8,0,0,0,0,0,0,0,0,0,54,0,0,0,5,0,2,0,0,0,0,0,0,104,
1,236,ירושלים,3000,785,150,0,495,386,5,381,0,205,0,0,0,0,3,0,0,0,0,0,0,0,0,0,10,0,0,0,2,0,1,0,0,0,0,0,0,160,
1,237,ירושלים,3000,786,129,0,640,449,3,446,1,233,0,0,0,0,5,0,0,0,0,0,0,0,0,1,19,0,0,0,6,0,1,1,0,0,0,0,0,179,
1,238,ירושלים,3000,787,129,0,733,549,1,548,7,93,2,0,0,0,57,0,0,0,0,0,0,0,0,4,174,0,0,0,4,0,23,0,0,0,0,1,0,183,
1,239,ירושלים,3000,788,125,0,685,502,0,502,12,57,0,0,0,0,99,0,0,0,0,0,0,0,0,6,156,0,0,0,1,0,48,3,0,0,0,0,0,120,
1,240,ירושלים,3000,789,205,0,593,426,1,425,10,65,0,0,0,0,100,0,0,0,0,0,0,1,0,2,114,0,0,0,2,0,67,1,0,0,0,1,0,62,
1,241,ירושלים,3000,791,150,0,552,438,6,432,0,254,0,0,0,0,3,0,0,0,0,0,0,0,0,0,8,1,0,0,7,0,0,0,0,0,0,0,1,158,
1,242,ירושלים,3000,827,127,0,619,518,9,509,0,273,0,0,0,0,7,0,0,0,0,0,0,0,0,0,37,0,0,0,2,0,1,0,0,0,0,0,0,189,
1,243,ירושלים,3000,27,9,0,468,340,2,338,1,292,0,0,0,0,2,0,0,0,0,0,0,0,0,0,4,0,0,0,3,0,0,0,0,0,0,0,0,36,
1,244,ירושלים,3000,28,9,0,699,476,1,475,0,247,0,0,0,0,1,0,0,0,0,0,0,0,0,0,33,0,0,0,0,0,2,0,0,0,0,0,0,192,
1,245,ירושלים,3000,30.1,74,0,635,462,6,456,0,357,0,0,0,0,4,0,0,0,0,0,0,0,0,0,24,0,0,0,3,0,1,0,0,0,0,0,1,66,
1,246,ירושלים,3000,30.2,74,0,635,468,0,468,0,356,1,0,0,0,8,0,0,0,0,0,0,0,0,0,20,0,0,0,0,0,3,0,0,0,0,0,0,80,
1,247,ירושלים,3000,30.3,74,0,635,445,0,445,0,326,0,0,0,0,5,0,0,0,0,0,0,0,0,0,14,0,0,0,3,0,2,0,0,0,0,0,0,95,
1,248,ירושלים,3000,30.4,74,0,635,457,0,457,0,337,0,1,0,0,6,0,0,0,0,0,0,0,0,0,15,1,0,0,2,0,1,0,0,0,0,0,0,94,
1,249,ירושלים,3000,30.5,74,0,632,427,0,427,0,353,0,0,0,0,8,0,0,0,0,0,0,0,0,0,13,0,0,0,0,0,0,0,0,0,0,0,0,53,
1,250,ירושלים,3000,48,9,0,566,348,2,346,0,277,0,0,0,0,2,0,0,0,0,0,0,0,0,0,7,0,0,0,1,0,0,0,0,0,0,0,0,59,
1,251,ירושלים,3000,59,142,0,648,441,6,435,0,331,0,0,0,0,0,0,0,0,0,0,0,0,0,1,7,0,0,0,2,0,1,0,0,0,0,0,0,93,
1,252,ירושלים,3000,62,142,0,554,170,4,166,0,153,0,0,0,0,0,0,0,0,0,0,0,0,0,0,1,0,0,0,1,0,0,0,0,0,0,0,0,11,
1,253,ירושלים,3000,63,142,0,664,436,4,432,0,325,0,0,0,0,3,0,0,0,0,0,0,0,0,0,7,0,0,0,1,0,0,0,0,0,0,0,0,96,
1,254,ירושלים,3000,64,142,0,640,422,7,415,0,386,0,0,0,0,1,0,0,0,0,0,0,0,0,0,5,0,0,0,0,0,0,0,0,0,0,0,0,23,
1,255,ירושלים,3000,65,386,0,626,379,8,371,0,304,2,0,0,0,23,0,0,0,0,0,0,0,0,0,17,0,0,0,5,0,0,0,0,0,0,0,0,20,
1,256,ירושלים,3000,66.1,214,0,692,487,5,482,1,452,0,0,0,0,1,0,0,0,0,0,0,0,0,0,6,0,0,0,1,0,2,0,0,0,0,0,0,19,
1,257,ירושלים,3000,66.2,214,0,692,495,2,493,0,465,0,0,0,0,1,0,0,0,0,0,0,0,0,0,6,0,0,0,0,0,0,0,0,0,0,0,0,21,
1,258,ירושלים,3000,66.3,214,0,692,501,2,499,0,487,0,0,0,0,3,0,0,0,0,0,0,0,0,0,3,0,0,0,0,0,0,0,0,0,0,0,0,6,
1,259,ירושלים,3000,66.4,214,0,692,551,7,544,0,481,0,0,0,0,1,0,0,0,0,0,0,0,0,0,9,0,0,0,1,0,0,0,0,0,0,0,0,52,
1,260,ירושלים,3000,66.5,214,0,692,506,1,505,0,461,0,0,0,0,6,0,0,0,0,0,0,0,0,0,9,0,0,0,1,0,0,0,0,0,0,0,1,27,
1,261,ירושלים,3000,66.6,214,0,692,507,8,499,0,470,0,0,0,0,0,0,0,0,0,0,0,0,0,0,3,0,0,0,0,0,1,0,0,0,0,0,0,25,
1,263,ירושלים,3000,66.8,214,0,690,524,6,518,0,502,0,0,0,0,0,0,0,0,0,0,0,0,0,0,1,0,0,0,2,0,0,0,0,0,0,0,0,13,
1,264,ירושלים,3000,67,142,0,579,193,1,192,1,144,0,0,0,0,0,0,0,0,0,0,0,0,0,0,4,0,0,0,2,0,0,0,0,0,0,0,0,41,
1,265,ירושלים,3000,68,126,0,540,424,5,419,0,289,1,0,0,0,3,0,0,0,0,0,0,0,0,0,13,0,0,0,0,0,0,0,0,0,0,0,0,113,
1,266,ירושלים,3000,209,3,0,678,531,3,528,3,393,0,0,0,0,7,0,1,0,0,0,0,0,0,0,17,0,0,0,2,0,0,0,0,0,0,0,0,105,
1,267,ירושלים,3000,214,11,0,487,316,0,316,77,4,15,1,0,0,29,0,0,0,0,0,0,0,0,9,52,0,0,0,0,0,129,0,0,0,0,0,0,0,
1,268,ירושלים,3000,221,9,0,618,411,2,409,1,171,0,0,0,0,5,0,0,0,0,0,0,0,0,0,42,0,0,0,1,0,0,0,0,0,0,0,0,189,
1,269,ירושלים,3000,222,49,0,671,489,6,483,0,273,0,0,0,0,52,0,0,0,0,0,0,0,0,0,26,0,0,0,4,0,2,0,0,0,0,0,1,125,
1,270,ירושלים,3000,225,15,0,505,278,1,277,1,216,0,0,0,0,3,0,0,0,0,0,0,0,0,0,17,1,0,0,0,0,4,0,0,0,0,0,0,35,
1,271,ירושלים,3000,232,126,0,573,365,3,362,0,261,0,0,0,0,9,0,0,0,0,0,0,0,0,0,25,0,0,0,2,0,2,0,0,0,0,0,0,63,
1,272,ירושלים,3000,234,49,0,646,495,3,492,0,148,1,0,0,0,131,0,0,0,0,0,0,1,0,0,112,0,0,0,19,0,7,0,0,0,0,0,0,73,
1,273,ירושלים,3000,238,3,0,628,410,4,406,2,358,0,0,0,0,3,0,0,0,0,0,0,0,0,0,4,0,0,0,0,0,1,0,0,0,0,0,0,38,
1,274,ירושלים,3000,242,372,0,643,354,2,352,9,200,2,1,0,0,13,0,0,0,0,0,0,0,0,2,57,0,0,0,2,0,7,0,0,0,0,0,0,59,
1,275,ירושלים,3000,244,126,0,551,411,1,410,0,304,0,0,0,0,2,0,0,0,0,0,0,0,0,1,19,0,0,1,1,0,4,0,0,0,0,0,2,76,
1,276,ירושלים,3000,245,15,0,556,372,6,366,0,336,0,0,0,0,2,0,0,0,0,0,0,0,0,0,3,0,0,0,1,0,0,0,0,0,0,0,0,24,
1,277,ירושלים,3000,246,372,0,674,468,1,467,0,336,0,0,0,0,5,0,0,0,0,0,0,0,0,1,35,0,0,0,1,0,2,0,0,0,0,0,0,87,
1,278,ירושלים,3000,247,126,0,533,397,4,393,3,254,0,0,0,0,6,0,0,0,0,0,0,0,0,0,24,0,0,0,3,0,3,0,0,0,1,0,0,99,
1,279,ירושלים,3000,248,102,0,753,485,11,474,4,291,0,0,0,0,17,0,0,0,0,0,0,0,0,0,42,0,0,0,7,0,1,0,0,0,0,0,0,112,
1,280,ירושלים,3000,249,102,0,711,534,3,531,0,324,1,0,0,0,45,0,0,0,0,0,0,0,0,0,38,0,0,0,4,0,1,0,0,0,0,0,0,118,
1,281,ירושלים,3000,251,15,0,721,556,5,551,3,424,0,0,0,0,5,0,0,0,0,0,0,0,0,0,21,0,0,0,1,0,1,0,0,0,0,0,0,96,
1,282,ירושלים,3000,252,49,0,508,398,1,397,2,224,0,0,0,0,32,0,0,0,0,0,0,0,0,0,22,0,0,0,4,0,0,0,0,0,1,0,0,112,
1,283,ירושלים,3000,261,11,0,634,391,0,391,106,2,15,1,0,0,17,0,0,0,0,0,0,0,0,15,59,1,0,0,0,0,175,0,0,0,0,0,0,0,
1,284,ירושלים,3000,275,11,0,513,310,1,309,59,5,2,0,0,0,28,0,0,0,0,0,0,0,0,13,66,0,0,0,1,0,126,0,0,0,0,0,1,8,
1,285,ירושלים,3000,424,102,0,735,572,5,567,0,194,0,0,0,0,47,0,0,0,0,0,0,0,0,0,59,0,0,0,6,0,2,0,0,0,0,0,1,258,
1,286,ירושלים,3000,453,126,0,617,521,1,520,0,485,0,0,0,0,3,0,0,0,0,0,0,0,0,0,2,0,0,0,1,0,1,0,0,0,0,0,0,28,
1,287,ירושלים,3000,833,9,0,507,337,0,337,0,231,0,0,0,0,2,0,0,0,0,0,0,0,0,0,19,0,0,0,1,0,1,0,0,0,0,0,0,83,
1,288,ירושלים,3000,3,18,0,690,412,3,409,0,226,0,0,0,0,1,0,0,0,0,0,0,0,0,1,15,0,0,0,0,0,0,0,0,0,0,0,0,166,
1,289,ירושלים,3000,4,59,0,753,413,4,409,0,300,0,0,0,0,4,0,0,0,0,0,0,0,0,0,15,0,0,0,0,0,2,0,0,0,1,0,0,87,
1,290,ירושלים,3000,6,18,0,666,316,3,313,0,218,1,0,0,0,4,0,0,0,0,0,0,0,0,1,12,0,0,0,0,0,0,0,0,0,0,0,0,77,
1,291,ירושלים,3000,8,5,0,473,339,2,337,0,104,0,0,0,0,1,0,0,0,0,0,0,0,0,1,27,0,0,0,1,0,1,0,0,0,0,0,0,202,
1,292,ירושלים,3000,9,59,0,720,386,4,382,1,146,0,0,0,0,3,0,0,0,0,0,0,0,0,0,21,0,1,0,1,0,2,0,0,0,0,0,0,207,
1,293,ירושלים,3000,10,5,0,714,448,0,448,0,244,0,0,0,0,2,0,0,0,0,0,0,0,0,0,21,0,0,0,3,0,1,0,0,0,0,0,0,177,
1,294,ירושלים,3000,19,5,0,629,482,0,482,1,118,0,0,0,0,3,0,0,0,0,0,0,0,0,1,37,0,0,0,4,0,4,0,0,0,0,0,0,314,
1,295,ירושלים,3000,21,5,0,629,499,3,496,2,113,0,0,0,0,2,0,0,0,0,0,0,0,0,0,50,0,0,0,8,0,1,0,0,0,0,0,0,320,
1,296,ירושלים,3000,24,5,0,564,417,1,416,1,102,0,0,0,0,4,0,0,0,0,0,0,0,0,0,30,0,0,0,3,0,1,0,0,0,0,0,0,275,
1,297,ירושלים,3000,25,18,0,754,417,5,412,0,267,0,0,0,0,9,0,0,0,0,0,1,0,0,0,15,0,0,0,2,0,1,0,0,0,0,0,0,117,
1,298,ירושלים,3000,29,18,0,759,394,7,387,0,247,0,0,0,0,1,0,0,0,0,0,0,0,0,0,17,0,0,0,2,0,0,0,0,0,0,0,0,120,
1,299,ירושלים,3000,34,392,0,560,390,6,384,0,175,0,0,0,0,3,0,0,0,0,0,0,0,0,0,21,0,0,0,3,0,2,0,0,0,0,0,0,180,
1,300,ירושלים,3000,43,16,0,737,314,8,306,0,192,0,0,0,0,4,0,0,0,0,0,0,0,0,0,7,0,0,0,1,0,1,0,0,0,0,0,0,101,
1,301,ירושלים,3000,44,16,0,618,285,3,282,0,211,0,0,0,0,1,0,0,0,0,0,0,0,0,0,7,0,0,0,0,0,0,0,0,0,0,0,0,63,
1,302,ירושלים,3000,45,16,0,758,373,4,369,0,250,0,0,0,0,2,0,0,0,0,0,0,0,0,1,18,1,0,0,2,0,1,0,0,0,0,0,0,94,
1,303,ירושלים,3000,46,59,0,732,354,3,351,2,249,0,0,0,0,2,0,0,0,0,0,0,0,0,0,12,0,0,0,1,0,0,0,0,0,0,0,0,85,
1,304,ירושלים,3000,47,59,0,731,399,4,395,1,269,0,0,0,0,2,0,0,0,0,0,0,0,0,0,19,0,0,0,1,0,0,0,0,0,0,0,0,103,
1,305,ירושלים,3000,49,392,0,602,422,2,420,0,247,0,0,0,0,0,0,0,0,0,0,0,0,0,0,22,0,0,0,3,0,4,0,0,0,0,0,0,144,
1,306,ירושלים,3000,51,222,0,571,329,1,328,5,140,2,0,0,0,19,0,0,0,0,0,0,0,0,3,58,0,0,0,12,0,15,0,0,0,0,0,0,74,
1,307,ירושלים,3000,53,392,0,688,467,1,466,1,251,2,0,0,0,1,0,0,0,0,0,0,0,0,0,27,0,0,0,3,0,5,0,0,0,0,0,0,176,
1,308,ירושלים,3000,54,16,0,556,323,0,323,0,173,0,0,0,0,7,0,0,0,0,0,0,0,0,0,11,0,0,0,2,0,3,0,0,0,0,0,0,127,
1,309,ירושלים,3000,55,16,0,648,377,2,375,1,184,0,0,0,0,5,0,0,0,0,0,0,0,0,0,21,0,0,0,0,0,1,0,0,0,0,0,0,163,
1,310,ירושלים,3000,56,413,0,697,396,1,395,2,179,0,0,0,0,5,0,0,0,0,0,0,0,0,0,25,0,0,0,4,0,1,0,0,0,0,0,0,179,
1,311,ירושלים,3000,57,16,0,636,288,2,286,0,165,0,0,0,0,1,0,0,0,0,0,0,0,0,0,15,0,0,0,2,0,2,0,0,0,0,0,0,101,
1,312,ירושלים,3000,58,413,0,686,283,4,279,0,171,0,0,0,0,8,0,0,0,0,0,0,0,0,0,16,0,0,0,6,0,2,0,0,0,0,0,0,76,
1,313,ירושלים,3000,60,413,0,657,267,1,266,1,136,3,0,0,0,11,0,0,0,0,0,0,0,0,0,20,0,0,0,2,0,6,0,0,0,0,0,0,87,
1,314,ירושלים,3000,61,413,0,566,305,1,304,5,138,0,0,0,0,7,0,0,0,0,0,0,0,0,1,39,0,0,0,3,0,7,0,0,0,0,0,1,103,
1,315,ירושלים,3000,205,222,0,422,244,0,244,17,80,1,0,0,0,7,0,0,0,0,0,0,0,0,0,42,0,0,0,3,0,10,0,0,0,0,1,0,83,
1,316,ירושלים,3000,208,413,0,605,294,1,293,8,96,0,0,0,0,12,0,0,0,0,0,0,0,0,0,49,0,0,0,4,0,13,0,0,0,0,0,0,111,
1,317,ירושלים,3000,210,157,0,632,433,1,432,12,89,0,1,0,0,118,0,0,0,0,0,0,0,0,5,104,0,0,0,6,0,21,0,0,0,0,0,1,75,
1,318,ירושלים,3000,211,157,0,613,434,4,430,8,78,0,0,0,0,137,0,0,0,0,0,0,0,0,4,111,0,0,0,4,0,25,0,0,0,0,0,0,63,
1,319,ירושלים,3000,224,57,0,795,628,6,622,0,296,0,0,0,0,36,0,0,0,0,0,0,0,0,1,47,0,0,0,3,0,1,1,0,0,0,0,0,237,
1,320,ירושלים,3000,235,57,0,743,587,4,583,6,173,1,0,0,0,163,0,0,0,0,0,0,0,0,3,55,1,0,0,9,0,9,1,0,0,0,0,0,162,
1,321,ירושלים,3000,240,57,0,576,461,3,458,3,151,0,0,0,0,162,0,0,0,0,0,0,0,0,0,71,0,0,0,12,0,10,0,0,0,0,0,0,49,
1,322,ירושלים,3000,250,57,0,653,533,0,533,1,293,1,0,0,0,63,0,0,0,0,0,0,0,0,1,25,0,0,0,3,0,1,0,0,0,0,0,0,145,
1,323,ירושלים,3000,268,43,0,668,496,1,495,6,91,0,0,0,0,135,0,0,0,0,0,0,1,0,3,134,0,0,0,14,0,11,0,0,0,0,0,0,100,
1,324,ירושלים,3000,269,43,0,653,499,2,497,2,141,0,0,0,0,158,0,0,0,0,0,0,0,0,1,66,0,0,0,17,0,9,0,0,0,0,0,1,102,
1,325,ירושלים,3000,270,43,0,624,476,2,474,5,80,0,2,0,0,144,0,0,0,0,0,0,0,0,2,121,1,0,0,10,0,20,0,0,0,0,0,0,89,
1,326,ירושלים,3000,271,157,0,575,359,1,358,3,62,0,3,0,0,115,0,0,0,0,0,0,0,0,5,86,0,0,0,9,0,9,0,0,0,0,0,0,66,
1,327,ירושלים,3000,272,157,0,745,531,1,530,9,83,1,1,0,0,186,0,0,0,0,0,0,0,0,7,117,0,0,0,19,0,18,0,0,0,0,0,0,89,
1,328,ירושלים,3000,273,157,0,652,420,4,416,13,64,1,0,0,0,151,0,0,0,0,0,0,0,0,1,110,0,0,1,10,0,19,0,0,0,0,0,0,46,
1,329,ירושלים,3000,278,43,0,651,511,2,509,3,181,0,0,0,0,98,0,0,0,0,0,0,0,0,0,91,0,0,0,8,0,10,0,0,0,0,0,1,117,
1,330,ירושלים,3000,303,18,0,744,406,6,400,0,269,2,0,0,0,7,0,0,0,0,0,0,0,0,0,12,0,0,0,1,0,1,1,0,0,0,0,0,107,
1,331,ירושלים,3000,413,392,0,578,376,1,375,3,149,0,0,0,0,6,0,0,0,0,0,0,0,0,3,36,0,1,0,5,0,8,0,0,0,0,0,0,164,
1,332,ירושלים,3000,849,57,0,778,602,8,594,3,284,0,0,0,0,69,0,0,0,0,0,1,0,0,0,62,0,0,0,12,0,5,0,0,0,0,0,3,155,
1,333,ירושלים,3000,212,93,0,522,380,8,372,2,267,0,0,0,0,16,0,0,0,0,0,0,0,0,0,37,0,0,0,0,0,2,0,0,0,0,0,0,48,
1,334,ירושלים,3000,213.1,385,0,681,448,0,448,133,1,16,0,0,0,14,0,0,0,0,0,0,0,0,8,86,2,0,0,3,0,183,0,0,0,0,0,0,2,
1,335,ירושלים,3000,213.2,385,0,681,449,1,448,109,2,13,0,0,0,17,0,0,0,0,0,0,0,0,12,73,0,0,0,1,0,218,0,0,0,0,0,0,3,
1,336,ירושלים,3000,213.3,385,0,681,458,4,454,122,2,16,0,0,0,18,0,0,0,0,0,0,0,0,17,76,0,0,0,0,0,201,0,0,0,0,0,1,1,
1,337,ירושלים,3000,213.4,385,0,678,458,2,456,120,1,18,0,0,0,14,0,0,0,0,0,0,0,0,21,92,1,0,0,2,0,182,0,1,0,0,0,0,4,
1,338,ירושלים,3000,215.1,143,0,649,460,5,455,2,171,0,0,0,0,22,0,0,0,0,0,0,0,0,1,29,0,0,0,8,0,5,0,0,0,0,0,0,217,
1,339,ירושלים,3000,215.2,143,0,649,498,9,489,0,230,0,0,0,0,35,0,0,0,0,0,0,0,0,0,39,0,0,0,3,0,3,0,0,0,0,0,0,179,
1,340,ירושלים,3000,215.3,143,0,649,469,1,468,0,356,0,0,0,0,20,0,0,0,0,0,0,0,0,0,20,0,0,0,3,0,2,0,0,0,0,0,0,67,
1,341,ירושלים,3000,215.4,143,1,649,487,3,484,0,231,1,0,0,0,16,0,0,0,0,0,0,0,0,0,23,0,0,0,7,0,0,0,0,0,0,0,0,206,
1,342,ירושלים,3000,215.5,143,0,649,470,13,457,1,277,0,0,0,0,16,0,0,0,0,0,0,0,0,0,34,0,0,0,2,0,2,0,0,0,0,0,0,125,
1,343,ירושלים,3000,215.6,143,0,649,472,1,471,3,225,0,0,0,0,28,0,0,0,0,0,0,0,0,0,35,0,0,0,5,0,0,0,0,0,0,0,0,175,
1,344,ירושלים,3000,215.7,143,0,649,481,3,478,0,360,0,0,0,0,19,0,0,0,0,0,0,0,0,0,17,0,0,0,1,0,1,0,0,0,0,0,0,80,
1,345,ירושלים,3000,215.8,143,0,646,472,1,471,2,311,0,0,0,0,12,0,0,0,0,0,0,0,0,0,30,0,0,0,3,0,6,0,0,0,0,0,0,107,
1,346,ירושלים,3000,216,82,0,675,458,1,457,1,297,1,0,0,0,36,0,0,0,0,0,0,0,0,0,58,0,0,0,1,0,2,0,0,0,0,0,0,61,
1,347,ירושלים,3000,217,93,0,453,304,3,301,3,162,0,1,0,0,40,0,0,0,0,0,0,0,0,1,30,0,0,0,7,0,2,0,0,0,0,0,2,53,
1,348,ירושלים,3000,218,93,0,524,351,3,348,0,224,0,0,0,0,34,0,0,0,0,0,0,0,0,1,24,0,0,0,2,0,3,0,0,0,0,0,0,60,
1,349,ירושלים,3000,253,227,0,577,407,3,404,1,214,0,0,0,0,49,0,0,0,0,0,0,0,0,1,70,0,0,0,2,0,8,0,0,0,0,0,0,59,
1,350,ירושלים,3000,254,93,0,474,351,0,351,1,169,0,0,0,0,20,0,0,0,0,0,0,0,0,0,27,0,0,0,2,0,1,0,0,0,0,0,0,131,
1,351,ירושלים,3000,256,93,0,597,417,1,416,1,233,0,0,0,0,54,0,0,0,0,0,0,0,0,1,55,0,0,0,9,0,4,0,0,0,0,0,1,58,
1,352,ירושלים,3000,257,82,0,628,412,0,412,4,204,1,0,0,0,65,0,0,0,0,0,0,0,0,0,26,0,0,0,2,0,6,0,0,0,0,0,0,104,
1,353,ירושלים,3000,258,82,0,733,530,3,527,2,313,0,0,0,0,50,0,0,0,0,0,0,0,0,0,64,0,0,0,7,0,2,0,0,0,0,0,0,89,
1,354,ירושלים,3000,260.1,229,0,659,433,1,432,86,4,7,0,0,0,32,0,1,0,0,0,0,0,0,15,118,1,0,0,2,0,154,0,0,0,0,0,0,12,
1,355,ירושלים,3000,260.2,229,0,659,417,0,417,70,5,4,0,0,0,33,0,0,0,0,0,0,0,0,19,128,0,0,0,2,0,149,1,0,0,0,0,0,6,
1,356,ירושלים,3000,260.3,229,0,659,431,0,431,70,8,7,1,0,0,26,0,0,0,0,0,0,0,0,14,135,2,0,0,2,0,159,1,0,0,0,0,0,6,
1,357,ירושלים,3000,260.4,229,0,658,452,0,452,97,3,7,0,0,0,20,0,0,0,0,0,0,0,0,17,112,0,0,0,1,0,176,0,0,0,0,0,0,19,
1,358,ירושלים,3000,262,156,0,682,473,2,471,9,186,0,0,0,0,16,0,0,0,0,0,0,0,0,3,59,0,0,0,0,0,11,0,0,0,0,0,0,187,
1,359,ירושלים,3000,264,409,0,633,480,1,479,11,31,0,1,0,0,89,0,0,0,0,0,0,0,2,2,161,0,0,0,2,0,68,0,0,0,0,0,0,112,
1,360,ירושלים,3000,267.1,30,0,637,466,2,464,53,39,1,1,0,0,30,0,0,0,0,0,0,0,0,5,136,0,0,0,0,0,124,2,0,0,0,0,0,73,
1,361,ירושלים,3000,267.2,30,0,637,431,6,425,33,62,2,0,0,0,27,0,0,0,0,0,0,0,0,14,119,0,0,1,2,0,129,0,0,0,0,0,0,36,
1,362,ירושלים,3000,267.3,30,0,637,465,3,462,32,47,1,0,0,0,29,0,0,0,0,0,0,0,0,12,145,1,0,0,2,0,111,0,0,0,0,0,1,81,
1,363,ירושלים,3000,267.4,30,0,637,435,0,435,47,24,3,0,0,0,30,0,0,0,0,0,0,0,0,14,134,0,0,0,1,0,135,0,0,0,0,0,1,46,
1,364,ירושלים,3000,267.5,30,0,637,436,2,434,40,38,4,0,0,0,21,0,0,0,0,0,0,0,0,15,139,1,0,0,2,0,110,1,0,0,0,0,0,63,
1,365,ירושלים,3000,267.6,30,0,636,456,4,452,31,71,5,0,0,0,37,0,0,0,0,0,0,0,0,14,113,0,0,0,2,0,146,0,0,0,0,0,0,33,
1,366,ירושלים,3000,274,12,0,706,437,4,433,105,5,13,0,0,0,27,0,0,0,0,0,0,0,0,10,86,0,0,0,0,0,183,0,0,0,0,0,0,4,
1,367,ירושלים,3000,276,12,0,716,432,4,428,83,17,6,1,0,0,36,0,0,0,0,0,0,0,0,19,123,1,0,0,2,0,125,0,0,0,0,0,0,15,
1,368,ירושלים,3000,277,12,0,482,311,1,310,50,8,6,0,0,0,29,0,0,1,0,0,0,0,0,23,83,0,0,0,2,0,103,0,0,0,0,0,0,5,
1,369,ירושלים,3000,289,156,0,756,526,5,521,2,286,0,0,0,0,28,0,0,0,0,0,0,0,0,0,33,0,0,0,2,0,6,0,0,0,0,0,0,164,
1,370,ירושלים,3000,290,66,0,681,505,0,505,0,344,0,0,0,0,5,0,0,0,0,0,0,0,0,0,27,0,0,0,1,0,2,0,0,0,0,0,0,126,
1,371,ירושלים,3000,291,66,0,697,516,3,513,3,315,0,0,0,0,12,0,0,0,0,0,0,0,0,0,28,0,0,0,1,0,3,0,0,0,0,0,0,151,
1,372,ירושלים,3000,293,136,0,660,493,10,483,1,312,0,0,0,0,13,0,0,0,0,0,0,0,0,0,19,0,0,0,1,0,1,0,0,0,0,0,0,136,
1,373,ירושלים,3000,294,156,0,695,496,4,492,5,281,0,0,0,0,13,1,0,0,0,0,0,0,0,0,32,0,0,0,2,0,9,0,0,0,0,0,0,149,
1,374,ירושלים,3000,296,13,0,676,480,2,478,54,3,10,1,0,0,36,0,0,0,0,0,0,0,0,7,172,0,0,0,1,0,191,0,0,0,0,0,0,3,
1,375,ירושלים,3000,297,66,0,595,432,1,431,2,285,0,0,0,0,14,0,0,0,0,0,0,0,0,0,26,0,0,0,1,0,3,0,0,0,0,0,0,100,
1,376,ירושלים,3000,304,13,0,540,378,1,377,39,2,3,0,0,0,24,0,0,0,0,0,0,0,0,8,135,0,0,0,0,0,144,0,0,0,1,0,0,21,
1,377,ירושלים,3000,414,13,0,589,447,1,446,66,5,2,2,0,0,25,0,0,0,0,0,0,0,0,11,138,0,0,0,0,0,187,0,0,0,0,0,0,10,
1,378,ירושלים,3000,417,136,0,648,498,5,493,2,359,0,0,0,0,10,0,0,0,0,0,0,0,0,0,29,0,0,0,2,0,2,0,0,0,0,0,2,87,
1,379,ירושלים,3000,418,66,0,639,483,6,477,1,237,1,0,0,0,15,0,0,0,0,0,0,0,0,0,13,0,0,0,1,0,3,1,0,0,0,0,0,205,
1,380,ירושלים,3000,444,13,0,518,367,1,366,37,2,2,2,0,0,22,0,0,0,0,0,0,0,0,17,125,1,0,0,0,0,149,0,0,0,0,0,0,9,
1,381,ירושלים,3000,967,228,0,485,340,2,338,38,6,8,0,0,0,23,0,0,0,0,1,0,0,0,10,101,0,0,0,0,0,128,0,0,0,2,0,0,21,
1,382,ירושלים,3000,285,55,0,746,601,7,594,1,317,0,0,0,0,26,0,0,0,0,0,0,0,0,2,40,0,0,0,5,0,2,0,0,0,0,0,0,201,
1,383,ירושלים,3000,287,55,0,740,537,5,532,4,155,0,0,0,0,24,0,0,0,0,0,0,0,0,82,76,0,0,0,1,0,30,0,1,0,1,0,0,158,
1,384,ירושלים,3000,288,55,0,614,435,0,435,2,202,0,1,0,0,18,0,0,0,0,0,0,0,0,0,36,1,0,0,1,0,5,0,0,0,0,0,0,169,
1,385,ירושלים,3000,363,67,0,667,381,1,380,13,7,2,0,0,0,27,0,0,0,0,0,0,0,0,15,207,1,0,0,3,0,34,2,1,0,0,1,0,67,
1,386,ירושלים,3000,367,67,0,733,440,4,436,9,5,3,1,0,0,38,0,0,0,0,0,0,0,0,15,251,0,0,0,2,0,47,0,0,0,0,1,0,64,
1,387,ירושלים,3000,371,72,0,618,468,0,468,15,2,4,0,0,0,112,0,0,0,0,0,0,0,0,4,217,0,0,0,4,0,76,0,0,0,0,2,0,32,
1,388,ירושלים,3000,372,491,0,605,402,2,400,23,1,1,1,0,0,68,0,0,0,0,0,0,0,0,3,191,2,0,0,5,0,67,0,0,0,0,0,0,38,
1,389,ירושלים,3000,373,412,0,576,392,3,389,33,7,2,1,0,0,38,0,0,0,0,0,0,0,0,4,220,2,0,0,2,0,34,0,0,0,0,0,0,46,
1,390,ירושלים,3000,374,107,0,689,505,1,504,23,5,2,0,0,0,82,0,0,0,0,0,0,1,0,7,267,0,0,0,2,0,82,0,0,0,0,0,0,33,
1,391,ירושלים,3000,375,72,0,739,547,1,546,35,5,16,1,0,0,43,0,0,0,0,0,0,0,0,16,289,0,0,0,4,0,67,0,0,0,0,0,0,70,
1,392,ירושלים,3000,376.1,96,0,572,366,1,365,27,11,3,0,0,0,42,0,0,0,0,1,0,1,0,3,175,0,0,0,1,0,59,0,0,0,0,0,0,42,
1,393,ירושלים,3000,376.2,96,0,572,361,1,360,32,4,2,0,0,0,53,0,0,0,0,0,0,0,0,7,170,1,5,0,0,0,45,0,0,0,0,0,0,41,
1,394,ירושלים,3000,376.3,96,0,572,362,0,362,22,8,3,0,0,0,43,0,0,0,0,0,0,0,0,7,179,2,0,0,1,0,55,1,0,0,0,0,0,41,
1,395,ירושלים,3000,376.4,96,0,569,350,1,349,29,10,10,1,0,0,53,0,0,0,0,0,0,1,0,9,141,0,0,0,3,0,62,0,0,0,0,0,0,30,
1,396,ירושלים,3000,377,78,0,749,464,2,462,46,10,12,0,0,0,87,0,0,0,0,0,0,1,0,4,173,2,0,0,6,0,89,1,0,0,0,0,0,31,
1,397,ירושלים,3000,379,401,0,631,435,6,429,49,16,4,0,0,0,60,0,0,0,0,0,0,1,0,5,174,1,0,0,1,0,95,1,1,0,0,0,0,21,
1,398,ירושלים,3000,383,107,0,680,394,2,392,43,11,5,0,0,0,75,0,0,0,0,0,0,0,0,11,132,1,0,0,2,0,94,0,0,0,0,0,0,18,
1,399,ירושלים,3000,385,107,0,640,436,3,433,18,3,3,1,0,0,101,0,0,0,0,0,0,0,0,8,185,0,0,0,3,0,85,0,0,0,0,0,1,25,
1,400,ירושלים,3000,387,50,0,562,359,5,354,32,6,3,0,0,0,50,0,0,0,0,0,0,0,0,0,186,1,0,0,3,0,52,1,0,0,0,0,0,20,
1,401,ירושלים,3000,388,78,0,629,359,0,359,31,33,7,0,0,0,70,0,0,0,0,0,0,1,0,4,115,0,0,0,1,0,85,0,0,0,0,0,0,12,
1,402,ירושלים,3000,389,411,0,606,376,3,373,35,6,3,0,0,0,97,0,0,0,0,0,0,0,0,6,125,0,0,0,1,0,91,0,0,0,0,0,0,9,
1,403,ירושלים,3000,393,35,0,519,335,1,334,47,1,2,0,0,0,82,0,0,0,0,0,0,0,0,6,74,0,0,0,0,0,115,0,0,0,0,0,0,7,
1,404,ירושלים,3000,395,35,0,532,354,4,350,36,10,4,0,0,0,99,0,0,0,0,1,0,0,0,2,91,2,0,0,0,0,104,0,0,0,0,0,0,1,
1,405,ירושלים,3000,401,35,0,607,342,0,342,65,4,5,0,0,0,57,0,0,0,0,0,0,0,0,5,93,2,0,0,0,0,96,1,1,0,0,0,0,13,
1,406,ירושלים,3000,404,35,0,649,384,2,382,35,5,4,1,0,0,113,0,0,0,0,0,0,0,0,4,116,2,0,0,1,1,94,0,0,0,0,0,0,6,
1,407,ירושלים,3000,406,275,0,566,332,1,331,53,6,3,0,0,0,62,0,0,0,0,0,0,0,0,5,100,1,0,0,0,0,99,0,0,0,0,0,0,2,
1,408,ירושלים,3000,408,488,0,696,434,1,433,78,10,16,1,0,0,98,0,0,0,0,0,0,0,0,1,91,0,0,0,1,0,132,0,0,0,0,0,0,5,
1,409,ירושלים,3000,410,35,0,561,360,0,360,85,2,13,1,0,0,58,0,0,0,0,0,0,0,0,4,62,0,0,0,2,0,122,0,0,0,0,0,0,11,
1,410,ירושלים,3000,412,275,0,645,388,2,386,42,15,2,2,0,0,86,0,0,0,0,0,0,1,1,2,107,3,0,0,5,0,106,0,0,0,0,0,0,14,
1,411,ירושלים,3000,428,133,0,663,397,0,397,42,17,10,1,0,0,92,0,0,0,0,0,0,0,0,8,117,1,0,0,2,0,100,0,0,1,0,0,0,6,
1,412,ירושלים,3000,429,488,0,541,330,1,329,24,19,6,0,0,0,88,0,0,0,0,0,0,0,0,1,102,0,0,0,3,0,77,0,0,0,0,0,0,9,
1,413,ירושלים,3000,430,133,0,601,389,2,387,52,10,6,1,0,0,93,1,0,0,0,0,0,0,1,8,85,1,0,0,3,0,114,0,0,0,0,0,0,12,
1,414,ירושלים,3000,431,133,0,625,409,1,408,27,41,3,0,0,0,109,0,0,0,0,0,0,0,0,1,123,0,0,0,9,0,82,0,0,0,0,0,0,13,
1,415,ירושלים,3000,432,133,0,701,458,1,457,66,26,7,0,0,0,110,0,0,0,0,0,0,0,0,8,105,1,0,0,8,1,109,0,0,0,1,0,0,15,
1,416,ירושלים,3000,434,133,0,713,434,0,434,75,11,12,0,0,0,82,0,0,0,0,0,0,1,0,7,81,1,0,0,3,0,157,0,0,0,0,0,0,4,
1,417,ירושלים,3000,439,86,0,680,423,1,422,64,42,12,0,0,0,65,0,0,0,0,1,0,1,0,5,122,3,0,0,1,0,93,0,0,0,0,0,0,13,
1,418,ירושלים,3000,441,86,0,460,277,1,276,39,6,4,0,0,0,44,0,0,0,0,0,0,0,0,2,97,1,0,0,1,0,64,0,0,0,0,0,0,18,
1,419,ירושלים,3000,452,86,0,469,277,1,276,41,10,7,0,0,0,48,0,0,0,0,0,0,0,1,2,80,3,0,0,0,0,77,1,0,0,0,0,0,6,
1,420,ירושלים,3000,818,50,0,369,247,0,247,19,1,3,0,0,0,39,0,1,0,0,0,0,0,0,1,111,0,0,0,1,0,34,0,0,0,0,0,0,37,
1,421,ירושלים,3000,862,72,1,588,365,1,364,11,10,37,0,1,0,39,0,0,0,1,0,0,0,0,6,187,0,0,0,3,0,42,0,0,0,0,0,0,27,
1,422,ירושלים,3000,33.1,44,0,625,443,2,441,8,52,0,0,0,0,100,0,0,0,0,0,0,0,0,9,125,0,1,0,5,0,34,0,0,0,0,0,0,107,
1,423,ירושלים,3000,33.2,44,0,625,444,0,444,19,53,0,0,0,0,122,0,0,0,0,0,0,0,0,0,131,0,0,0,6,0,33,0,0,0,0,0,0,80,
1,424,ירושלים,3000,33.3,44,0,625,444,2,442,13,54,0,0,0,0,108,0,0,0,0,0,0,0,0,6,112,1,0,0,7,0,36,0,0,0,0,0,0,105,
1,425,ירושלים,3000,33.4,44,0,625,440,3,437,8,54,0,2,0,0,109,0,0,0,0,0,0,0,0,7,131,0,0,0,8,0,31,0,0,0,0,0,0,87,
1,426,ירושלים,3000,33.5,44,0,625,446,0,446,10,54,0,0,0,0,142,0,0,0,0,0,0,0,1,6,126,1,0,0,3,0,31,0,0,0,0,0,1,71,
1,427,ירושלים,3000,33.6,44,0,624,464,1,463,16,85,2,0,0,0,131,0,0,0,0,0,0,0,0,11,106,1,0,0,2,0,47,0,1,0,0,0,0,61,
1,428,ירושלים,3000,305.1,99,0,602,377,2,375,9,4,2,1,0,0,31,0,0,0,0,0,0,0,0,11,226,0,0,0,3,0,45,1,0,0,0,0,0,42,
1,429,ירושלים,3000,305.2,99,0,602,342,1,341,14,11,0,0,0,0,32,0,0,0,0,0,0,0,1,18,181,0,0,0,2,0,52,0,0,0,0,1,0,29,
1,430,ירושלים,3000,305.3,99,0,602,364,4,360,15,8,6,3,0,0,22,0,0,0,0,0,0,0,0,24,176,0,0,0,3,0,65,0,0,0,0,0,0,38,
1,431,ירושלים,3000,305.4,99,0,601,381,2,379,13,14,2,0,0,0,23,0,0,0,0,0,1,0,0,30,170,0,0,0,5,0,77,0,0,0,0,0,0,44,
1,432,ירושלים,3000,308,410,0,468,312,3,309,17,5,0,0,0,0,37,0,0,0,0,0,0,0,0,13,146,0,0,0,2,0,41,0,0,0,0,0,0,48,
1,433,ירושלים,3000,309,111,0,699,493,2,491,33,7,4,0,0,0,62,0,0,0,0,0,0,0,0,11,238,1,0,0,2,0,76,0,0,0,0,0,0,57,
1,434,ירושלים,3000,310,113,0,752,470,1,469,30,19,2,0,0,0,18,0,0,0,0,0,0,0,0,39,183,0,0,0,3,0,135,0,0,1,0,0,0,39,
1,435,ירושלים,3000,312.1,10,0,565,389,1,388,21,82,3,0,0,0,21,0,0,0,0,0,0,0,0,11,100,0,0,0,7,0,41,0,0,0,0,0,0,102,
1,436,ירושלים,3000,312.2,10,0,565,342,3,339,18,85,4,0,0,0,18,0,0,0,0,2,0,0,0,22,98,0,0,0,6,0,41,0,0,0,0,0,0,45,
1,437,ירושלים,3000,312.3,10,0,565,345,0,345,18,53,2,1,0,0,19,0,0,0,0,0,0,0,1,16,97,0,0,0,4,0,41,0,0,0,0,0,0,93,
1,438,ירושלים,3000,312.4,10,0,565,333,1,332,20,96,6,0,0,0,16,0,0,0,0,0,0,0,0,18,75,0,0,0,5,0,44,0,0,0,0,0,0,52,
1,439,ירושלים,3000,312.5,10,0,561,317,1,316,25,71,2,0,0,0,27,0,0,0,1,0,0,0,0,20,67,0,0,0,2,0,55,1,0,0,0,0,0,45,
1,440,ירושלים,3000,313,101,0,600,340,3,337,13,7,0,0,0,0,18,0,0,0,0,0,0,0,0,32,143,1,1,0,3,0,62,0,0,0,0,1,0,56,
1,441,ירושלים,3000,322,19,0,795,524,1,523,132,5,16,0,0,0,34,0,0,0,0,0,0,0,0,9,127,0,0,0,3,0,169,1,0,0,0,0,0,27,
1,442,ירושלים,3000,323,19,0,794,477,0,477,115,5,31,0,0,0,20,0,0,0,0,0,0,0,0,5,122,0,0,0,3,0,153,0,0,0,0,0,0,23,
1,443,ירושלים,3000,324,113,0,743,424,1,423,42,7,3,1,0,0,29,0,0,0,0,0,0,0,0,29,157,0,0,0,2,0,141,0,0,0,0,1,0,11,
1,444,ירושלים,3000,325,101,0,695,448,2,446,23,8,2,0,0,0,26,0,0,0,0,0,0,0,0,28,229,0,0,1,3,0,54,0,0,0,0,0,0,72,
1,445,ירושלים,3000,326,377,0,569,355,1,354,19,10,2,0,0,0,38,0,0,0,0,0,0,0,0,23,160,0,0,0,4,0,38,0,0,0,0,0,0,60,
1,446,ירושלים,3000,327,26,0,661,431,3,428,12,12,7,1,0,0,31,0,0,0,0,0,0,0,0,7,215,0,0,0,3,0,60,0,0,0,0,0,0,80,
1,447,ירושלים,3000,336,52,0,550,351,0,351,8,12,1,0,0,0,29,0,0,0,0,0,0,0,0,21,168,0,0,0,2,0,34,0,0,0,0,1,0,75,
1,448,ירושלים,3000,337,52,0,584,317,2,315,6,19,1,0,0,0,32,0,0,0,0,0,0,0,0,16,165,0,0,0,2,0,25,0,0,0,0,0,0,49,
1,449,ירושלים,3000,342,26,0,642,375,3,372,5,11,0,1,0,0,19,0,0,0,0,0,0,1,2,18,221,1,1,1,1,0,34,0,0,0,0,0,0,56,
1,450,ירושלים,3000,348,101,0,600,402,4,398,28,8,3,0,0,0,34,0,0,0,0,0,0,0,0,12,192,0,0,0,4,0,50,0,0,0,0,0,0,67,
1,451,ירושלים,3000,357,26,0,704,478,2,476,19,10,1,1,0,0,29,0,0,0,0,0,0,0,0,35,221,1,0,0,4,0,98,0,0,1,0,0,0,56,
1,452,ירושלים,3000,362,77,0,662,431,2,429,11,3,18,1,0,0,19,0,0,0,0,0,0,0,0,12,249,1,0,0,3,0,47,0,0,0,0,0,0,65,
1,453,ירושלים,3000,364,22,0,497,287,2,285,27,5,3,0,0,0,26,0,0,0,0,0,0,0,0,5,146,1,0,0,1,1,37,0,0,0,0,0,0,33,
1,454,ירושלים,3000,365,22,0,703,415,2,413,21,6,6,2,0,0,44,0,0,0,0,0,0,0,0,10,207,0,0,0,4,0,64,0,0,0,1,0,0,48,
1,455,ירושלים,3000,366,8,0,519,313,0,313,13,3,0,0,0,0,18,0,0,0,0,0,0,0,0,12,183,0,0,0,1,0,29,0,0,0,1,0,0,53,
1,456,ירושלים,3000,368,22,0,623,400,2,398,12,8,3,0,0,0,27,0,0,0,0,0,0,0,0,10,217,0,0,0,12,0,32,0,0,0,0,1,1,75,
1,457,ירושלים,3000,369,8,0,507,290,1,289,7,9,0,0,1,0,15,0,0,0,0,0,0,0,0,19,137,0,0,0,1,0,38,0,0,0,0,0,0,62,
1,458,ירושלים,3000,370,76,0,601,377,2,375,13,8,8,0,2,0,44,0,0,0,0,0,0,0,0,4,203,0,0,0,4,0,38,0,0,0,0,0,1,50,
1,459,ירושלים,3000,386,76,0,557,416,2,414,13,2,5,1,0,0,19,0,0,0,0,0,0,0,0,25,237,1,0,0,0,0,51,1,0,0,0,0,0,59,
1,460,ירושלים,3000,390,77,0,658,440,2,438,14,6,8,0,0,0,16,1,0,0,0,0,0,0,0,65,227,0,0,0,0,0,51,0,0,0,0,0,0,50,
1,461,ירושלים,3000,425,52,0,406,234,2,232,6,17,0,0,0,0,26,0,0,0,0,0,0,0,0,5,89,1,0,0,1,0,31,0,0,0,0,0,0,56,
1,462,ירושלים,3000,426,8,0,584,275,4,271,11,4,1,0,0,0,5,0,0,0,0,0,0,0,0,11,163,3,0,0,2,0,22,0,0,0,0,0,0,49,
1,463,ירושלים,3000,292.1,32,0,670,482,4,478,6,80,1,0,0,0,51,0,0,0,0,0,0,0,0,3,132,0,0,0,0,0,75,0,0,0,0,0,0,130,
1,464,ירושלים,3000,292.2,32,0,670,469,4,465,10,73,5,1,0,0,44,0,1,0,0,0,0,0,0,3,145,0,0,0,3,0,83,0,0,0,0,0,0,97,
1,465,ירושלים,3000,292.3,32,0,670,455,3,452,6,70,2,0,0,0,35,0,0,0,0,0,0,0,0,8,159,0,0,0,3,0,67,1,0,0,0,0,0,101,
1,466,ירושלים,3000,292.4,32,0,670,478,2,476,6,81,3,0,0,0,31,0,0,0,0,1,0,0,0,8,162,1,0,0,1,1,49,0,0,0,0,0,0,132,
1,467,ירושלים,3000,292.5,32,0,667,475,1,474,7,108,0,0,0,0,37,0,0,0,0,0,0,0,0,12,151,0,0,0,1,0,71,0,0,0,0,0,0,87,
1,468,ירושלים,3000,306.1,321,0,658,520,3,517,48,3,2,0,0,0,40,0,0,0,0,0,0,1,0,6,243,0,0,0,0,0,163,0,0,0,0,0,0,11,
1,469,ירושלים,3000,306.2,321,0,658,492,2,490,39,4,3,0,0,0,50,0,0,0,0,0,0,0,0,22,205,1,0,0,0,0,147,0,0,0,0,0,0,19,
1,470,ירושלים,3000,306.3,321,0,658,509,2,507,46,5,2,0,0,0,31,0,0,0,0,0,0,0,0,17,228,0,0,0,2,0,146,0,0,0,0,0,0,30,
1,471,ירושלים,3000,306.4,321,0,658,495,1,494,61,4,3,0,0,0,37,0,0,0,0,0,0,0,0,15,167,0,0,0,3,0,192,0,0,0,0,0,0,12,
1,472,ירושלים,3000,306.5,321,0,658,481,1,480,64,2,2,0,0,0,36,0,0,0,0,0,0,0,0,28,179,0,0,0,0,0,158,0,0,0,0,0,0,11,
1,473,ירושלים,3000,307,135,0,495,374,0,374,44,6,1,0,0,0,18,0,0,0,0,0,0,0,0,9,149,0,0,0,0,0,141,0,0,0,0,0,0,6,
1,474,ירושלים,3000,311,62,0,623,383,3,380,61,26,10,0,0,0,29,0,0,0,0,0,0,0,0,10,107,1,0,0,2,0,121,0,0,0,0,0,0,13,
1,475,ירושלים,3000,314,132,0,556,372,2,370,29,67,2,1,0,0,42,0,0,0,0,0,0,0,0,4,101,1,0,0,4,0,65,1,0,0,0,0,0,53,
1,476,ירושלים,3000,316,131,0,640,482,0,482,12,163,1,0,0,0,46,0,0,0,0,0,0,0,0,4,82,0,0,0,6,0,23,1,0,0,0,0,0,144,
1,477,ירושלים,3000,317,62,0,658,348,2,346,47,26,4,0,0,0,25,0,0,0,0,0,0,0,0,13,124,1,0,0,1,0,67,1,0,0,0,0,0,37,
1,478,ירושלים,3000,318,131,0,689,477,2,475,46,85,8,1,0,0,42,0,0,0,0,0,0,0,0,20,104,0,1,0,1,0,108,1,0,0,0,0,0,58,
1,479,ירושלים,3000,319,132,0,790,562,3,559,58,137,1,1,0,0,37,0,0,0,0,0,0,0,0,6,146,1,0,0,3,0,103,0,0,0,0,0,0,66,
1,480,ירושלים,3000,321,131,0,529,365,3,362,52,11,3,0,0,0,27,0,0,0,0,0,0,0,0,11,113,0,0,0,3,0,109,0,0,0,0,0,0,33,
1,481,ירושלים,3000,328,97,0,556,360,0,360,42,2,5,0,0,0,22,0,0,0,0,0,0,0,1,13,160,0,0,0,1,0,83,0,0,0,0,0,0,31,
1,482,ירושלים,3000,330,97,0,405,243,2,241,15,4,1,1,0,0,19,0,0,0,0,0,0,0,0,6,127,0,0,1,0,0,41,0,0,0,0,0,1,25,
1,483,ירושלים,3000,331,31,0,473,344,1,343,19,4,0,1,0,0,12,0,0,0,0,0,0,0,0,6,177,0,0,0,1,0,76,0,0,0,0,0,0,47,
1,484,ירושלים,3000,332,406,0,661,425,6,419,46,6,5,0,0,0,23,0,0,0,0,0,0,0,0,19,164,0,0,1,2,0,128,0,0,1,0,0,1,23,
1,485,ירושלים,3000,333.1,58,0,627,399,0,399,37,21,2,1,0,0,22,0,0,0,0,0,0,0,0,17,171,0,0,0,1,0,46,1,0,0,0,0,1,79,
1,486,ירושלים,3000,333.2,58,0,627,362,3,359,54,25,6,1,0,0,13,0,0,0,0,0,0,0,0,18,119,0,0,0,4,0,91,0,1,0,0,0,0,27,
1,487,ירושלים,3000,333.3,58,0,627,349,2,347,29,14,4,0,0,0,28,0,0,0,0,0,0,0,1,14,148,0,0,0,1,0,64,0,0,0,0,0,0,44,
1,488,ירושלים,3000,333.4,58,0,627,352,2,350,34,29,3,0,0,0,24,0,0,0,0,0,0,0,0,17,144,0,0,0,2,0,55,0,0,0,0,0,0,42,
1,489,ירושלים,3000,333.5,58,0,625,329,2,327,37,21,4,0,0,0,20,0,0,0,0,1,0,0,0,21,124,0,0,0,1,0,68,0,0,0,0,0,0,30,
1,490,ירושלים,3000,334,31,0,445,283,2,281,15,19,3,0,0,0,17,0,0,0,0,0,0,0,0,56,113,0,0,1,2,0,42,0,0,0,0,0,0,13,
1,491,ירושלים,3000,335.1,103,0,571,399,0,399,15,2,6,1,0,0,15,0,0,0,0,0,0,0,0,6,234,0,0,0,0,0,102,0,0,0,0,0,0,18,
1,492,ירושלים,3000,335.2,103,0,571,383,1,382,17,3,3,0,0,0,27,0,0,0,0,0,0,0,0,14,197,0,0,0,1,0,105,0,0,0,0,0,0,15,
1,493,ירושלים,3000,338,135,0,583,405,1,404,41,3,1,0,0,0,16,0,0,0,0,0,0,0,0,14,206,0,0,0,2,0,99,1,0,0,0,0,0,21,
1,494,ירושלים,3000,341,231,0,611,348,2,346,7,34,1,1,0,0,6,1,0,0,0,0,0,0,0,23,152,0,1,1,0,0,38,0,0,0,0,0,0,81,
1,495,ירושלים,3000,345,62,0,538,373,0,373,35,23,1,2,0,0,24,0,0,0,0,0,0,0,0,10,138,0,0,0,1,0,98,0,0,0,0,0,0,41,
1,496,ירושלים,3000,346,29,0,680,486,1,485,5,147,1,0,0,0,20,0,0,0,0,0,0,0,0,2,103,0,0,0,1,0,40,0,0,0,0,0,0,166,
1,497,ירושלים,3000,347,29,0,505,327,0,327,18,39,1,1,0,0,16,0,0,0,0,0,0,0,0,6,73,1,0,0,1,0,111,0,0,0,0,0,0,60,
1,498,ירושלים,3000,349,29,0,650,436,2,434,48,20,5,1,0,0,35,0,0,0,0,0,0,1,0,15,124,0,0,1,0,0,135,0,0,0,0,0,2,47,
1,499,ירושלים,3000,350,231,0,608,375,5,370,7,66,1,0,0,0,22,0,0,0,0,0,0,0,0,23,114,0,0,0,1,0,26,0,0,0,0,0,1,109,
1,500,ירושלים,3000,351,29,0,521,375,0,375,17,5,0,1,0,0,24,0,0,0,0,0,1,0,0,4,201,1,0,0,1,0,92,0,0,0,0,0,0,28,
1,501,ירושלים,3000,354,29,0,651,397,2,395,50,24,2,1,0,0,11,0,0,0,0,0,0,0,0,14,98,0,0,0,0,0,138,0,0,0,0,0,0,57,
1,502,ירושלים,3000,355,62,0,654,423,1,422,68,3,2,0,0,0,22,0,0,0,0,1,0,0,0,12,107,0,1,0,0,0,203,0,0,0,0,0,0,3,
1,503,ירושלים,3000,358,31,0,507,270,0,270,7,42,1,0,0,0,2,1,1,0,0,0,0,0,0,22,105,0,0,0,1,0,16,0,0,0,0,0,2,70,
1,504,ירושלים,3000,360,29,0,522,368,3,365,30,78,0,0,0,0,18,0,0,0,0,0,0,0,0,9,88,0,0,0,2,0,63,0,0,0,0,0,0,77,
1,505,ירושלים,3000,361,135,0,683,496,0,496,27,3,1,0,0,0,18,0,0,0,0,0,0,0,0,8,240,0,0,0,0,0,180,0,0,1,0,1,0,17,
1,506,ירושלים,3000,378,29,0,550,398,2,396,42,5,1,0,0,0,30,0,0,0,0,0,0,0,0,11,133,0,0,0,0,0,155,0,0,0,0,0,0,19,
1,507,ירושלים,3000,396,135,0,510,380,0,380,41,1,1,0,0,0,12,0,0,0,0,0,0,0,0,10,154,0,0,0,0,0,154,0,0,0,0,0,0,7,
1,508,ירושלים,3000,770.1,256,0,562,397,2,395,13,6,3,0,0,0,22,0,0,0,0,0,0,0,0,52,210,0,0,0,2,0,41,0,0,0,0,0,0,46,
1,509,ירושלים,3000,770.2,256,0,562,386,7,379,8,8,1,0,0,0,17,1,0,0,0,1,0,0,0,46,169,0,0,0,3,0,49,0,0,1,0,1,0,74,
1,510,ירושלים,3000,770.3,256,0,562,388,3,385,10,12,2,0,0,0,15,0,0,0,0,0,0,0,0,50,182,0,0,0,2,1,40,0,0,0,0,0,0,71,
1,511,ירושלים,3000,770.4,256,0,559,380,0,380,13,7,1,0,0,0,12,0,0,0,0,0,0,0,0,74,178,0,0,0,1,0,53,0,0,0,0,0,0,41,
1,512,ירושלים,3000,815,31,0,452,308,1,307,14,7,3,1,0,0,10,0,0,0,0,0,0,0,0,7,167,0,0,0,3,0,55,2,0,0,0,0,0,38,
1,513,ירושלים,3000,816,62,0,435,293,3,290,54,2,5,0,0,0,9,0,0,0,0,0,0,0,0,6,61,0,0,0,0,0,148,0,0,0,0,0,0,5,
1,514,ירושלים,3000,817,29,0,622,407,2,405,41,17,1,0,0,0,27,0,0,0,0,0,0,0,0,18,113,0,0,0,0,0,151,0,0,0,0,0,0,37,
1,515,ירושלים,3000,427.1,130,0,543,247,2,245,4,0,228,0,0,0,0,0,0,0,0,0,0,0,0,1,6,0,0,0,0,0,6,0,0,0,0,0,0,0,
1,516,ירושלים,3000,427.2,130,0,543,263,2,261,1,0,251,0,0,0,0,0,0,0,0,0,0,0,0,0,2,0,0,2,0,1,3,0,0,1,0,0,0,0,
1,517,ירושלים,3000,427.3,130,0,543,216,1,215,2,0,210,0,0,0,1,0,0,0,0,0,0,0,0,0,1,0,0,0,0,0,0,0,0,0,0,0,0,1,
1,518,ירושלים,3000,427.4,130,0,540,233,4,229,0,6,216,0,0,0,0,0,0,0,0,0,0,0,1,0,2,0,0,0,0,1,3,0,0,0,0,0,0,0,
1,519,ירושלים,3000,458.1,368,0,587,233,1,232,2,3,221,0,0,0,1,0,0,0,0,0,0,0,0,0,2,0,0,0,1,0,2,0,0,0,0,0,0,0,
1,520,ירושלים,3000,458.2,368,0,587,271,3,268,5,3,250,0,0,0,1,0,0,0,0,0,0,0,0,0,3,0,0,0,0,0,2,0,0,3,0,0,0,1,
1,521,ירושלים,3000,548,301,0,333,141,0,141,1,0,125,0,0,0,1,0,0,0,0,0,0,0,0,4,0,0,0,0,0,0,8,0,2,0,0,0,0,0,
1,522,ירושלים,3000,567,408,0,667,500,3,497,13,25,6,0,0,0,46,0,0,0,0,0,0,0,0,14,241,0,0,0,8,0,73,0,0,0,0,0,0,71,
1,523,ירושלים,3000,595,2,0,566,317,2,315,7,72,0,0,0,0,11,0,0,0,1,0,0,0,0,26,114,0,0,0,0,0,25,0,0,0,0,0,0,59,
1,524,ירושלים,3000,597,381,0,526,249,5,244,13,4,1,0,0,0,22,0,0,0,0,0,0,0,0,18,116,0,0,0,2,0,32,0,0,0,0,0,1,35,
1,525,ירושלים,3000,598,381,0,578,357,2,355,16,5,22,0,0,0,16,0,0,0,0,0,0,0,0,8,178,1,0,0,5,0,67,0,0,0,0,0,0,37,
1,526,ירושלים,3000,599,38,0,714,522,5,517,18,5,2,0,0,0,42,0,0,0,0,0,0,0,0,20,281,0,0,0,3,0,92,0,0,0,0,0,0,54,
1,527,ירושלים,3000,600,2,0,740,498,2,496,17,29,5,1,0,0,23,0,0,0,0,0,0,0,0,15,256,0,0,0,4,0,53,0,0,0,0,0,0,93,
1,528,ירושלים,3000,673,38,0,637,408,2,406,15,13,4,1,0,0,17,0,0,0,0,0,0,0,0,32,219,0,0,0,2,0,45,0,0,0,0,0,0,58,
1,529,ירושלים,3000,674,38,0,584,394,1,393,11,9,1,1,0,0,16,0,0,0,0,0,0,0,0,45,196,0,0,0,3,0,55,1,0,1,0,0,0,54,
1,530,ירושלים,3000,675,38,1,536,364,3,361,11,6,0,1,0,0,17,0,0,0,0,0,0,0,1,21,186,0,0,0,2,0,48,0,1,0,0,0,1,66,
1,531,ירושלים,3000,676,181,0,593,401,1,400,13,14,0,0,0,0,14,0,0,0,0,0,0,0,1,38,206,2,0,0,2,0,43,1,0,0,0,0,0,66,
1,532,ירושלים,3000,677,37,0,602,408,0,408,14,7,2,0,0,0,38,0,0,0,0,0,0,0,0,12,199,1,0,0,5,0,87,0,0,0,0,0,0,43,
1,533,ירושלים,3000,679,2,0,571,346,1,345,13,50,2,0,0,0,13,0,0,0,0,0,0,0,1,21,153,0,0,0,3,0,20,0,0,0,0,0,0,69,
1,534,ירושלים,3000,680,381,0,682,471,1,470,32,5,0,0,1,0,21,0,0,0,0,0,0,0,0,5,245,0,0,0,2,0,103,0,0,0,0,0,0,56,
1,535,ירושלים,3000,681,181,0,652,377,1,376,14,10,0,0,0,0,22,0,0,0,0,0,0,0,0,28,191,0,0,0,1,0,54,0,0,0,0,0,1,55,
1,536,ירושלים,3000,682,395,0,697,429,1,428,15,17,1,1,0,0,22,0,0,0,0,0,0,0,0,39,205,0,0,0,3,0,68,0,0,0,0,0,1,56,
1,537,ירושלים,3000,683,37,0,635,399,0,399,14,8,1,1,0,0,24,0,0,0,0,0,0,0,0,25,204,1,0,0,0,0,73,0,0,0,0,0,0,48,
1,538,ירושלים,3000,684,182,0,614,430,2,428,11,11,3,0,0,0,21,0,0,0,0,0,0,0,0,17,253,0,0,1,3,0,44,0,0,0,0,0,0,64,
1,539,ירושלים,3000,685,182,0,657,416,3,413,17,14,0,0,0,0,19,0,0,0,0,0,0,0,0,40,202,0,0,0,10,0,52,1,0,0,0,0,0,58,
1,540,ירושלים,3000,686,37,0,600,411,0,411,24,5,5,0,0,0,17,0,0,0,0,0,0,0,0,16,191,0,0,0,4,0,137,0,0,0,0,0,0,12,
1,541,ירושלים,3000,688,37,0,681,428,0,428,12,16,0,0,0,0,13,0,0,0,0,0,0,0,0,25,236,0,0,0,5,0,50,0,0,0,0,0,0,71,
1,542,ירושלים,3000,691,181,0,640,350,2,348,6,13,1,0,0,0,15,0,0,0,0,0,0,0,0,21,179,0,0,0,8,0,38,0,0,0,0,0,0,67,
1,543,ירושלים,3000,692,37,0,670,416,2,414,17,18,1,0,0,0,25,0,0,0,0,0,0,0,0,13,198,0,0,0,8,0,69,0,0,0,0,0,0,65,
1,544,ירושלים,3000,693,395,0,754,523,1,522,13,4,8,0,0,0,28,0,1,0,0,0,0,0,0,22,318,0,0,0,1,0,89,0,0,0,0,0,0,38,
1,545,ירושלים,3000,820,38,0,574,357,2,355,8,21,2,0,0,0,14,0,0,0,0,0,0,0,0,34,168,0,0,0,2,0,47,0,0,0,0,0,0,59,
1,546,ירושלים,3000,821,38,0,474,299,2,297,9,7,0,0,0,0,17,0,0,0,0,0,0,0,0,14,158,0,0,0,2,0,29,0,0,0,0,0,0,61,
1,547,ירושלים,3000,824,2,0,659,473,1,472,18,16,3,0,0,0,36,0,0,0,0,0,0,0,0,17,250,1,0,0,5,0,65,0,0,0,0,0,0,61,
1,548,ירושלים,3000,825.1,46,0,595,402,2,400,12,43,1,0,0,0,13,0,0,0,0,0,0,0,0,16,173,0,0,0,4,0,64,0,0,0,0,0,0,74,
1,549,ירושלים,3000,825.2,46,0,595,393,2,391,17,57,0,0,0,0,22,0,0,0,0,1,0,0,0,21,157,1,0,0,1,0,53,0,0,0,0,0,0,61,
1,550,ירושלים,3000,825.3,46,0,595,394,1,393,10,38,2,0,0,0,17,0,0,0,0,0,0,0,0,25,186,0,0,0,5,0,51,0,0,0,0,0,0,59,
1,551,ירושלים,3000,825.4,46,0,592,359,0,359,17,50,2,0,0,0,16,0,0,0,0,0,0,0,0,22,140,0,0,0,2,0,65,0,0,0,0,0,0,45,
1,552,ירושלים,3000,826,37,0,697,508,0,508,19,7,0,1,0,0,30,0,0,0,0,0,0,0,0,20,289,1,0,0,7,0,91,0,0,0,0,0,0,43,
1,553,ירושלים,3000,830.1,248,0,622,424,4,420,12,12,0,1,0,0,28,0,0,0,0,0,0,0,0,11,235,0,0,0,0,0,50,0,0,1,0,0,0,70,
1,554,ירושלים,3000,830.2,248,0,622,409,0,409,10,13,0,0,0,0,51,0,0,0,0,0,0,0,0,20,202,0,0,0,3,0,70,0,0,0,0,0,0,40,
1,555,ירושלים,3000,830.3,248,0,622,424,4,420,14,13,5,1,0,0,22,0,0,0,0,0,0,0,0,19,222,0,1,0,5,0,76,0,0,0,0,0,0,42,
1,556,ירושלים,3000,830.4,248,0,622,458,1,457,7,17,1,0,0,0,30,0,0,0,0,0,0,0,0,23,239,0,0,0,7,0,79,0,0,0,0,0,0,54,
1,557,ירושלים,3000,830.5,248,0,622,423,1,422,23,5,0,0,0,0,38,0,0,0,0,0,0,0,0,17,209,0,0,0,0,0,86,0,0,0,0,0,0,44,
1,558,ירושלים,3000,830.6,248,0,618,439,4,435,10,9,2,0,0,0,41,0,0,1,0,0,0,0,0,19,222,0,0,0,4,0,86,0,0,0,0,0,0,41,
1,559,ירושלים,3000,422,87,0,449,312,2,310,35,4,3,1,0,0,22,0,0,0,0,0,0,1,0,7,121,3,0,0,2,0,92,1,0,0,0,0,0,18,
1,560,ירושלים,3000,451,45,1,533,127,2,125,9,2,5,1,0,0,11,0,0,0,0,0,0,0,0,13,41,0,0,0,0,0,37,2,1,0,0,0,0,3,
1,561,ירושלים,3000,460,486,0,734,353,0,353,75,4,12,0,0,0,42,0,0,0,0,0,0,0,0,2,74,0,0,0,0,0,129,1,0,0,0,0,0,14,
1,562,ירושלים,3000,462,403,0,483,307,2,305,52,7,13,0,0,0,73,0,0,0,0,0,0,0,0,0,77,0,0,0,2,0,73,0,0,0,0,0,0,8,
1,563,ירושלים,3000,477.1,94,0,562,314,1,313,49,5,3,0,0,0,34,0,0,0,0,0,0,0,0,6,112,1,0,0,6,0,86,0,0,0,0,0,0,11,
1,564,ירושלים,3000,477.2,94,0,562,320,2,318,63,1,8,0,0,0,37,0,0,0,0,0,0,0,0,6,95,0,0,0,3,0,96,0,0,0,0,0,1,8,
1,565,ירושלים,3000,477.3,94,0,562,298,3,295,24,3,2,0,0,0,39,0,0,0,0,0,0,1,0,10,119,0,0,0,3,0,72,0,0,0,0,0,0,22,
1,566,ירושלים,3000,477.4,94,0,562,328,3,325,65,3,8,1,0,0,33,0,0,0,0,0,0,1,0,7,102,2,0,0,0,0,83,0,0,0,0,0,0,20,
1,567,ירושלים,3000,477.5,94,0,560,345,1,344,48,4,4,0,0,0,41,0,0,0,0,0,0,0,0,9,102,1,0,0,1,0,117,1,0,0,0,0,0,16,
1,568,ירושלים,3000,482,110,0,565,303,1,302,45,2,7,0,0,0,34,0,0,0,0,0,0,0,0,5,78,0,0,0,0,0,122,0,0,0,0,1,0,8,
1,569,ירושלים,3000,485,110,0,538,340,0,340,30,3,11,1,0,0,36,0,0,0,0,0,0,0,0,12,147,2,0,0,1,0,85,0,0,0,0,0,0,12,
1,570,ירושלים,3000,487,110,0,558,322,1,321,60,1,7,0,0,0,28,0,0,0,0,0,0,0,0,2,100,2,0,0,1,0,108,0,0,0,0,0,0,12,
1,571,ירושלים,3000,491.1,63,0,652,395,5,390,21,5,9,0,0,0,32,0,0,0,0,1,0,0,0,4,194,1,1,0,3,1,61,0,0,0,0,0,2,55,
1,572,ירושלים,3000,491.2,63,0,652,394,2,392,23,12,9,0,0,0,45,0,0,1,0,0,0,1,0,10,188,0,0,0,6,0,63,0,0,0,0,0,0,34,
1,573,ירושלים,3000,491.3,63,0,652,344,2,342,22,7,6,0,0,0,40,0,0,0,0,0,0,0,0,10,172,3,0,0,3,0,58,1,0,0,0,0,0,20,
1,574,ירושלים,3000,491.4,63,0,652,369,2,367,23,12,3,0,0,0,34,0,0,0,0,0,0,0,1,8,197,0,0,0,2,0,57,0,0,0,0,0,0,30,
1,575,ירושלים,3000,491.5,63,0,652,368,2,366,22,16,20,2,0,0,34,1,0,0,0,0,0,0,0,10,154,0,6,0,0,0,69,0,0,0,0,1,0,31,
1,576,ירושלים,3000,491.6,63,0,647,358,5,353,34,14,12,1,0,0,30,0,0,0,0,1,0,0,0,9,144,0,0,0,3,0,72,0,0,0,0,0,0,33,
1,577,ירושלים,3000,587,45,0,567,301,2,299,7,3,1,0,0,0,10,0,0,0,0,1,0,0,0,33,172,0,0,0,2,0,47,0,0,0,0,0,0,23,
1,578,ירושלים,3000,590,183,0,731,429,4,425,17,16,4,2,0,0,72,0,0,0,0,0,0,0,0,11,197,1,1,0,12,0,56,0,0,0,0,0,0,36,
1,579,ירושלים,3000,591,183,0,710,398,1,397,26,7,2,2,0,0,45,0,0,1,0,2,0,0,0,43,165,1,0,0,2,0,73,0,0,0,0,0,0,28,
1,580,ירושלים,3000,592,240,0,550,362,0,362,18,4,1,0,0,0,15,0,0,0,0,0,0,0,0,19,202,0,0,0,2,0,73,0,0,0,0,0,0,28,
1,581,ירושלים,3000,593,87,0,664,383,1,382,34,6,4,0,0,0,25,0,1,1,0,0,0,0,0,19,187,2,0,0,3,0,63,0,0,0,0,1,1,35,
1,582,ירושלים,3000,613,178,0,645,459,1,458,48,5,5,0,0,0,42,0,0,0,0,0,1,0,1,16,178,0,0,0,0,0,139,0,0,0,0,0,0,23,
1,583,ירושלים,3000,634,485,0,538,336,1,335,28,1,1,0,0,0,21,0,0,0,0,0,0,0,0,16,145,3,0,0,4,1,80,0,0,0,0,0,0,35,
1,584,ירושלים,3000,635,45,0,566,295,3,292,17,5,1,1,0,0,16,0,0,0,0,1,0,0,0,21,150,0,1,0,1,0,61,0,0,0,0,0,0,17,
1,585,ירושלים,3000,637,45,0,551,294,2,292,8,2,1,0,0,0,5,0,0,0,0,0,0,0,0,21,165,0,0,0,1,0,50,0,0,0,1,0,0,38,
1,586,ירושלים,3000,638,45,0,569,282,2,280,12,6,5,1,0,0,8,0,0,0,0,1,0,0,0,14,146,0,0,0,3,0,42,0,0,0,0,0,0,42,
1,587,ירושלים,3000,639,87,0,433,272,2,270,27,0,6,0,0,0,26,0,0,0,0,0,0,4,0,10,109,0,0,0,3,0,56,0,0,0,0,0,0,29,
1,588,ירושלים,3000,640,178,0,638,458,3,455,23,6,3,0,0,0,16,0,0,0,0,0,0,0,0,13,240,0,0,0,3,0,125,1,0,0,0,0,0,25,
1,589,ירושלים,3000,641,240,0,622,389,4,385,17,4,1,1,0,0,10,0,0,0,0,1,0,0,0,18,227,1,0,0,3,0,76,0,0,0,1,0,0,25,
1,590,ירושלים,3000,642,178,0,525,325,1,324,28,0,1,0,0,0,26,0,0,0,0,0,0,0,0,17,158,2,0,0,2,0,72,0,0,0,0,0,0,18,
1,591,ירושלים,3000,643,45,0,549,329,5,324,22,6,3,0,0,0,44,0,0,0,0,0,0,0,0,22,125,0,1,0,4,0,59,0,0,0,0,0,0,38,
1,592,ירושלים,3000,644,178,0,632,450,0,450,22,1,4,0,0,0,27,0,0,0,0,1,0,0,0,14,211,0,0,0,1,0,128,0,0,0,1,0,0,40,
1,593,ירושלים,3000,649,87,0,614,70,1,69,4,5,0,0,0,0,10,0,0,0,0,0,0,0,0,1,30,0,0,0,1,0,15,0,0,0,0,0,0,3,
1,594,ירושלים,3000,796,110,0,653,506,0,506,23,6,3,0,0,0,42,0,0,0,0,0,0,0,0,10,226,0,0,0,1,0,169,0,0,0,0,0,0,26,
1,595,ירושלים,3000,829,110,0,665,467,1,466,42,3,5,0,0,0,54,0,0,0,0,0,0,0,0,8,204,0,0,0,1,0,138,0,0,0,0,0,0,11,
1,596,ירושלים,3000,863,178,0,716,534,0,534,29,1,1,0,0,0,22,0,0,0,0,1,0,0,0,16,304,0,0,0,3,0,136,0,0,0,0,0,0,21,
1,597,ירושלים,3000,870,110,0,549,393,3,390,28,4,3,1,0,0,52,0,1,0,0,0,0,0,0,14,166,0,1,0,3,0,103,0,0,0,0,0,0,14,
1,598,ירושלים,3000,960,110,0,531,392,2,390,34,3,8,0,0,0,31,0,0,0,0,0,0,0,0,7,186,0,0,0,4,0,100,0,0,0,0,0,0,17,
1,599,ירושלים,3000,965,110,0,530,344,1,343,28,4,2,0,0,0,47,0,0,0,0,0,0,1,0,6,155,0,0,0,1,0,85,0,0,0,0,0,0,14,
1,600,ירושלים,3000,468,400,0,578,403,0,403,51,1,7,1,0,0,36,0,0,0,0,0,0,0,0,5,141,1,0,0,1,0,137,0,0,0,0,0,0,22,
1,601,ירושלים,3000,469,400,0,562,308,4,304,55,6,9,0,0,0,34,0,0,0,0,1,0,1,0,4,81,0,0,0,0,0,100,0,0,0,0,0,0,13,
1,602,ירושלים,3000,488,384,0,425,272,8,264,3,9,0,1,0,0,0,0,0,0,0,0,0,1,0,129,102,0,0,0,0,0,16,0,1,0,0,0,0,2,
1,603,ירושלים,3000,495,400,0,460,328,1,327,15,3,2,1,0,0,51,0,0,0,0,0,0,0,0,4,164,2,0,0,2,0,68,0,0,0,0,0,0,15,
1,604,ירושלים,3000,497,400,0,679,528,0,528,47,7,5,0,0,0,76,0,0,0,0,0,0,1,0,8,244,2,0,0,6,0,110,0,0,0,0,0,0,22,
1,605,ירושלים,3000,545.1,325,0,508,115,5,110,3,1,98,0,0,0,0,0,0,0,0,0,1,0,0,0,5,1,0,0,0,0,1,0,0,0,0,0,0,0,
1,606,ירושלים,3000,545.2,325,0,508,98,0,98,1,0,87,0,0,0,0,0,0,0,0,0,0,0,1,0,6,0,0,0,0,0,2,0,0,0,1,0,0,0,
1,607,ירושלים,3000,768,393,0,721,559,3,556,3,22,2,0,0,0,59,0,0,0,0,0,0,0,0,15,288,0,0,0,7,0,48,0,0,0,0,0,0,112,
1,608,ירושלים,3000,793,374,0,582,458,1,457,3,24,0,0,0,0,93,0,0,0,0,0,0,0,0,2,248,0,0,0,3,0,19,0,0,0,0,0,0,65,
1,609,ירושלים,3000,794,218,0,627,488,2,486,2,82,0,0,0,0,61,0,0,0,0,0,0,0,0,10,225,1,0,0,8,0,35,0,0,0,0,0,0,62,
1,610,ירושלים,3000,819.1,236,0,606,432,0,432,16,3,20,0,0,0,76,0,0,0,0,0,0,0,0,8,217,0,0,0,6,0,71,0,0,0,0,0,0,15,
1,611,ירושלים,3000,819.2,236,0,606,439,1,438,23,13,12,1,0,0,69,0,0,0,0,0,0,0,0,3,205,1,0,0,0,0,74,0,0,0,0,0,0,37,
1,612,ירושלים,3000,819.3,236,0,606,420,3,417,17,8,3,0,0,0,93,0,0,0,0,0,0,0,0,3,189,3,0,0,4,0,71,0,0,0,0,0,0,26,
1,613,ירושלים,3000,850,218,0,557,432,1,431,5,29,0,0,0,0,86,0,0,0,0,0,0,0,0,4,226,0,0,0,4,0,28,0,0,0,0,0,0,49,
1,614,ירושלים,3000,851,218,0,618,471,0,471,6,12,0,0,0,0,72,0,0,0,0,0,0,0,0,4,257,0,0,0,6,0,52,0,0,0,0,0,0,62,
1,615,ירושלים,3000,852,394,0,679,543,2,541,5,63,3,0,0,0,70,0,0,0,0,0,0,0,0,5,304,0,0,0,1,0,40,0,0,0,0,0,0,50,
1,616,ירושלים,3000,853,399,0,603,469,3,466,9,29,0,1,0,0,97,0,0,0,0,0,0,0,0,2,258,0,0,0,3,0,17,0,0,0,0,0,0,50,
1,617,ירושלים,3000,854,374,0,618,480,2,478,6,8,0,0,0,0,58,0,0,0,0,0,0,0,0,9,265,0,0,0,4,0,35,0,0,0,0,0,0,93,
1,618,ירושלים,3000,855,399,0,527,386,2,384,4,24,0,0,0,0,104,0,0,0,0,0,0,0,0,1,203,0,0,0,6,0,16,0,0,0,0,0,0,26,
1,619,ירושלים,3000,856,399,0,728,529,0,529,4,29,0,0,0,0,109,0,0,0,0,0,0,0,0,5,281,0,0,0,9,0,25,0,0,0,0,0,0,67,
1,620,ירושלים,3000,857,218,1,733,566,3,563,5,25,0,0,0,0,99,0,0,0,0,0,0,0,0,22,298,2,0,0,2,0,58,0,0,0,0,0,0,52,
1,621,ירושלים,3000,858,218,0,533,386,2,384,5,19,2,1,0,0,67,0,0,0,0,0,0,0,0,9,187,0,0,0,7,0,32,0,0,0,0,0,0,55,
1,622,ירושלים,3000,859,394,0,673,524,2,522,9,16,0,0,0,0,53,0,0,0,0,0,0,0,0,6,299,0,0,0,7,0,47,0,0,0,0,0,0,85,
1,623,ירושלים,3000,860,490,0,719,556,0,556,5,9,0,0,0,0,36,0,0,0,0,0,0,0,0,4,365,0,0,0,6,0,47,0,0,0,0,0,0,84,
1,624,ירושלים,3000,864,393,1,731,538,1,537,5,13,0,0,0,0,50,0,0,0,0,0,0,0,0,5,317,0,2,0,3,0,47,0,0,0,0,0,0,95,
1,625,ירושלים,3000,865,393,0,768,580,3,577,9,8,1,1,0,0,56,0,0,0,0,0,0,0,0,6,359,1,0,0,5,0,41,0,0,0,0,0,0,90,
1,626,ירושלים,3000,866,374,0,539,407,4,403,4,22,0,0,0,0,40,0,0,0,0,0,0,0,0,5,238,0,0,0,5,0,33,0,0,0,0,0,0,56,
1,627,ירושלים,3000,867,490,0,705,555,1,554,3,7,1,0,0,0,32,0,0,0,0,2,1,0,0,5,382,0,0,0,3,0,52,0,0,0,0,0,0,66,
1,628,ירושלים,3000,868,490,0,776,631,0,631,5,26,0,0,0,0,66,0,0,0,0,0,0,1,0,3,375,0,0,0,6,0,53,0,0,0,1,0,0,95,
1,629,ירושלים,3000,871,374,0,643,495,1,494,10,13,1,0,0,0,39,0,0,0,0,0,0,0,0,5,328,0,0,0,2,0,39,0,0,0,0,0,0,57,
1,630,ירושלים,3000,959,399,0,674,547,0,547,2,82,0,0,0,0,130,0,0,0,0,0,0,0,0,3,211,0,0,0,8,0,28,0,0,0,0,0,0,83,
1,631,ירושלים,3000,970,400,0,470,313,1,312,49,1,8,1,0,0,49,0,0,0,0,0,0,1,0,4,101,0,0,0,3,0,88,0,0,0,0,0,0,7,
1,632,ירושלים,3000,134.1,149,0,611,298,1,297,49,21,12,0,0,0,45,0,0,0,0,0,0,0,0,2,72,0,0,0,0,0,78,0,0,0,0,0,0,18,
1,633,ירושלים,3000,134.2,149,0,611,309,2,307,46,15,18,1,0,0,47,0,0,0,0,0,0,0,1,5,82,0,0,0,3,0,84,1,0,0,0,0,0,4,
1,634,ירושלים,3000,134.3,149,0,611,280,2,278,45,8,14,0,0,0,32,0,1,0,0,0,0,0,0,10,88,0,0,0,1,0,59,0,0,0,0,0,0,20,
1,635,ירושלים,3000,134.4,149,0,611,306,1,305,53,14,14,0,0,0,33,0,0,0,0,0,0,0,0,5,96,2,0,0,1,0,77,0,0,0,0,0,0,10,
1,636,ירושלים,3000,134.5,149,0,607,300,0,300,68,14,16,1,0,0,44,0,0,0,0,1,0,0,0,6,71,1,0,0,3,0,70,0,0,0,0,0,0,5,
1,637,ירושלים,3000,149,280,0,686,376,0,376,74,21,11,2,0,0,56,0,0,0,0,0,0,0,0,6,78,1,0,0,2,0,117,0,0,0,0,1,0,7,
1,638,ירושלים,3000,407,280,0,589,348,3,345,80,4,14,0,0,0,76,0,0,0,0,0,0,1,0,5,63,0,0,0,0,0,99,1,0,0,0,0,0,2,
1,639,ירושלים,3000,433.1,4,0,594,351,0,351,60,11,15,0,0,0,42,0,0,0,0,0,0,0,0,2,93,2,1,0,2,0,110,0,0,0,0,0,0,13,
1,640,ירושלים,3000,433.2,4,0,594,370,1,369,56,10,14,1,0,0,53,0,0,0,0,0,0,0,0,6,95,2,0,0,0,0,121,0,0,0,0,0,0,11,
1,641,ירושלים,3000,433.3,4,0,594,351,0,351,62,18,15,0,0,0,51,0,0,0,0,0,0,0,0,6,97,0,0,0,1,0,95,0,0,0,0,0,0,6,
1,642,ירושלים,3000,433.4,4,0,593,360,1,359,63,19,11,0,0,0,43,0,0,0,0,0,0,0,0,4,91,1,0,0,0,0,119,0,0,0,0,0,0,8,
1,643,ירושלים,3000,435,280,0,593,367,1,366,90,4,10,0,0,0,68,0,0,0,0,0,0,0,0,5,63,0,0,0,0,0,118,0,0,0,0,0,0,8,
1,644,ירושלים,3000,436,33,0,426,215,1,214,31,3,3,1,0,0,20,0,0,0,0,0,0,0,0,7,63,0,0,0,1,1,81,0,0,0,0,0,0,3,
1,645,ירושלים,3000,437,327,0,594,327,3,324,60,1,7,3,0,0,34,0,0,0,0,1,0,0,0,5,96,1,0,0,1,0,103,1,0,1,0,0,0,10,
1,646,ירושלים,3000,438,33,0,670,404,4,400,55,10,17,0,0,0,41,0,0,0,0,0,0,0,0,5,151,2,0,0,1,0,114,1,0,0,0,1,0,2,
1,647,ירושלים,3000,440,327,0,669,380,1,379,63,6,12,1,0,0,45,0,0,0,0,0,0,1,0,8,111,0,0,0,0,1,125,0,0,0,0,0,0,6,
1,648,ירושלים,3000,456,40,0,436,237,3,234,58,3,7,0,0,0,24,0,0,0,0,0,0,0,0,5,61,0,0,0,0,0,68,0,0,0,0,0,0,8,
1,649,ירושלים,3000,461,134,0,667,350,3,347,59,5,9,1,0,0,43,0,0,0,0,0,0,0,0,8,89,1,0,0,0,0,115,0,0,0,1,0,0,16,
1,650,ירושלים,3000,463,134,0,623,349,0,349,47,9,7,0,0,0,51,0,0,0,0,0,0,0,0,5,122,0,0,0,0,0,91,0,0,0,0,1,0,16,
1,651,ירושלים,3000,464,40,0,614,382,0,382,68,4,9,0,0,0,84,0,0,0,0,0,0,0,0,1,96,0,0,0,0,0,113,1,0,0,0,0,0,6,
1,652,ירושלים,3000,467,20,0,697,417,3,414,38,3,12,0,0,0,56,0,1,0,0,0,0,0,0,8,184,2,0,0,5,0,62,2,0,0,0,0,0,41,
1,653,ירושלים,3000,471,20,0,735,427,5,422,40,2,11,0,0,0,57,0,0,0,0,0,0,0,0,13,184,1,0,0,3,0,79,0,0,0,0,0,0,32,
1,654,ירושלים,3000,472,40,0,674,419,4,415,73,1,8,0,0,0,41,0,0,0,0,0,0,0,0,5,123,0,0,0,3,0,144,0,0,0,0,0,0,17,
1,655,ירושלים,3000,473,20,0,775,453,3,450,56,6,9,0,0,0,56,0,0,0,0,0,0,0,1,8,171,1,0,0,0,0,105,2,0,0,0,0,0,35,
1,656,ירושלים,3000,474.1,17,0,673,363,2,361,52,4,8,2,0,0,35,0,0,0,0,0,0,0,0,6,132,0,0,4,1,0,102,1,0,0,0,0,1,13,
1,657,ירושלים,3000,474.2,17,0,673,326,0,326,55,1,15,0,0,0,20,0,0,0,0,0,0,0,0,5,88,0,0,0,1,0,131,0,1,0,0,0,0,9,
1,658,ירושלים,3000,474.3,17,0,671,354,1,353,69,7,17,1,0,0,35,0,0,0,0,1,0,0,0,3,72,0,0,0,2,0,140,0,0,0,0,0,1,5,
1,659,ירושלים,3000,476,20,0,710,382,4,378,30,8,7,0,0,0,76,0,0,0,0,0,0,0,0,5,134,0,0,1,0,0,98,0,0,0,0,0,0,19,
1,660,ירושלים,3000,608.1,316,0,643,103,1,102,2,2,84,0,0,0,3,0,0,0,0,0,0,0,0,0,6,1,0,0,0,0,4,0,0,0,0,0,0,0,
1,661,ירושלים,3000,608.2,316,0,643,110,1,109,2,0,98,0,0,0,0,0,0,0,0,0,0,0,0,1,3,0,0,0,0,0,4,0,0,0,0,0,1,0,
1,662,ירושלים,3000,608.3,316,0,643,119,3,116,0,4,87,0,0,0,10,0,0,1,1,0,0,0,0,1,5,1,0,0,0,0,6,0,0,0,0,0,0,0,
1,663,ירושלים,3000,608.4,316,0,643,98,0,98,4,0,80,0,0,0,1,0,0,0,0,0,0,0,0,2,5,0,0,0,0,1,5,0,0,0,0,0,0,0,
1,664,ירושלים,3000,608.5,316,0,640,170,2,168,2,5,132,0,0,0,12,0,0,0,0,0,0,1,0,1,3,1,0,0,4,0,6,0,0,0,0,0,0,1,
1,665,ירושלים,3000,609.1,316,0,700,122,0,122,1,3,98,0,1,0,1,0,0,1,0,0,0,0,0,0,8,0,0,0,1,0,4,0,0,0,0,0,0,4,
1,666,ירושלים,3000,609.2,316,0,700,161,4,157,0,6,116,0,0,0,5,0,0,2,0,0,0,0,0,0,8,0,0,0,2,0,10,0,0,0,0,0,0,8,
1,667,ירושלים,3000,609.3,316,0,700,174,4,170,1,6,129,0,0,0,6,0,0,0,0,1,0,0,1,2,12,0,0,1,3,0,6,0,0,0,0,0,0,2,
1,668,ירושלים,3000,609.4,316,0,700,142,0,142,0,3,118,0,0,0,4,0,0,0,0,0,0,0,0,3,4,0,0,0,2,0,5,0,0,0,0,0,0,3,
1,669,ירושלים,3000,609.5,316,0,700,131,2,129,0,1,104,0,0,0,2,0,0,0,0,0,0,0,0,0,11,0,0,0,4,0,6,0,1,0,0,0,0,0,
1,670,ירושלים,3000,609.6,316,0,696,133,0,133,2,1,113,0,0,0,5,0,0,0,0,0,0,0,0,0,3,0,0,0,2,0,4,0,0,0,1,1,0,1,
1,671,ירושלים,3000,623,324,0,402,257,2,255,0,81,17,0,0,0,77,0,0,0,0,0,0,0,0,0,63,0,0,0,7,0,2,0,0,0,0,0,0,8,
19,10522,ירקונה,183,1,1,0,308,225,0,225,23,0,0,0,0,0,4,0,0,0,0,0,0,0,0,1,29,0,0,0,0,0,166,0,0,0,0,0,0,2,
19,10288,כפר סבא,6900,1,73,0,632,482,0,482,36,8,1,0,0,0,16,0,0,0,0,0,0,0,0,6,177,0,0,0,1,0,193,0,0,0,0,0,0,44,
19,10289,כפר סבא,6900,2,74,0,694,505,2,503,29,0,1,1,0,0,16,0,0,0,0,0,0,0,0,17,209,0,0,0,2,0,190,0,0,0,0,0,0,38,
19,10290,כפר סבא,6900,3,82,0,587,406,2,404,23,7,3,0,0,0,20,0,0,0,0,0,0,0,0,8,166,0,0,0,1,0,154,0,0,0,0,0,0,22,
19,10291,כפר סבא,6900,4,37,0,625,389,4,385,10,3,1,0,0,0,7,0,0,0,0,1,0,0,0,24,203,0,0,0,4,0,77,0,0,0,1,0,0,54,
19,10292,כפר סבא,6900,5,80,0,530,285,1,284,4,3,0,0,0,0,8,0,0,0,0,0,0,0,0,21,128,0,0,0,2,0,64,0,0,0,0,0,0,54,
19,10293,כפר סבא,6900,6,13,0,599,384,2,382,15,2,19,0,0,0,3,0,0,0,0,0,0,0,0,34,208,0,0,0,0,0,56,0,0,0,0,0,0,45,
19,10294,כפר סבא,6900,7,14,0,581,454,1,453,47,1,3,0,0,0,30,0,0,0,0,0,0,0,0,20,95,0,0,0,0,0,252,0,0,0,0,0,0,5,
19,10295,כפר סבא,6900,8,3,0,509,334,3,331,26,4,1,1,0,0,14,0,0,0,0,0,0,0,0,15,92,2,0,0,0,1,144,0,0,0,0,0,0,31,
19,10296,כפר סבא,6900,9,16,0,539,353,1,352,36,2,1,1,0,0,11,0,0,0,0,0,0,0,0,23,95,0,0,0,1,0,171,1,0,0,0,0,0,10,
19,10297,כפר סבא,6900,10,24,0,522,388,1,387,57,2,2,0,0,0,26,0,0,0,0,0,0,0,0,4,64,0,0,0,0,0,229,0,0,0,0,0,0,3,
19,10298,כפר סבא,6900,11.1,4,0,557,404,2,402,45,3,3,0,0,0,16,0,0,0,0,0,0,0,0,5,112,0,0,0,2,0,211,0,0,0,0,0,0,5,
19,10299,כפר סבא,6900,11.2,4,0,557,397,2,395,35,4,3,0,0,0,19,0,0,0,0,0,0,0,0,8,125,0,0,0,1,0,183,0,0,0,0,1,0,16,
19,10300,כפר סבא,6900,11.3,4,0,557,385,3,382,52,1,1,2,0,0,10,0,0,0,0,0,0,0,0,10,96,0,0,0,2,0,200,0,0,0,0,0,1,7,
19,10301,כפר סבא,6900,12,18,0,721,488,1,487,54,3,2,3,0,0,10,0,0,0,0,0,0,0,0,11,140,0,1,0,3,0,253,0,0,0,0,0,0,7,
19,10302,כפר סבא,6900,13,77,0,528,376,1,375,55,1,4,0,0,0,12,0,0,0,0,0,0,0,0,23,84,0,0,0,1,0,191,0,0,0,0,0,0,4,
19,10303,כפר סבא,6900,14,21,0,548,357,2,355,21,10,0,0,1,0,29,0,0,0,0,0,0,0,0,19,167,0,0,0,7,0,61,0,0,0,0,0,0,40,
19,10304,כפר סבא,6900,15,19,0,590,400,1,399,61,5,3,1,0,0,19,0,0,0,0,0,0,0,0,16,100,0,0,1,0,0,192,0,0,0,0,0,0,1,
19,10305,כפר סבא,6900,16,16,0,703,541,3,538,39,8,1,0,0,0,69,0,0,0,0,0,0,0,0,22,168,1,0,0,4,0,196,0,0,0,0,0,1,29,
19,10306,כפר סבא,6900,17,24,0,676,480,1,479,74,3,2,0,0,0,12,0,0,0,0,0,0,0,0,28,85,0,0,0,1,0,266,0,0,0,0,0,0,8,
19,10307,כפר סבא,6900,18,90,0,647,478,5,473,14,14,0,0,0,0,23,0,0,0,0,0,0,0,0,7,249,1,0,0,8,0,64,0,0,0,0,0,0,93,
19,10308,כפר סבא,6900,19,7,0,579,414,2,412,11,5,2,0,0,0,11,0,0,0,0,0,0,0,0,9,263,0,0,0,3,0,64,0,0,0,0,0,0,44,
19,10309,כפר סבא,6900,20,99,0,641,560,1,559,36,0,1,0,0,0,12,0,0,0,0,0,0,0,0,23,114,0,0,0,1,0,367,0,0,0,0,0,0,5,
19,10310,כפר סבא,6900,21,7,0,689,482,1,481,19,17,0,2,0,0,11,0,0,0,0,0,1,0,0,17,304,0,0,0,4,0,55,0,0,0,0,0,0,51,
19,10311,כפר סבא,6900,22,30,0,631,457,3,454,50,0,0,0,0,0,15,0,0,0,0,0,0,0,0,9,132,0,0,0,0,0,238,0,0,1,0,0,0,9,
19,10312,כפר סבא,6900,23,93,0,416,310,0,310,44,1,3,0,0,0,6,0,1,0,0,0,0,0,0,10,41,0,1,0,0,0,201,0,0,0,0,0,0,2,
19,10313,כפר סבא,6900,24.1,54,0,656,467,1,466,67,0,0,0,0,0,19,0,0,0,0,0,0,0,0,16,112,1,0,0,4,0,247,0,0,0,0,0,0,0,
19,10314,כפר סבא,6900,24.2,54,0,656,485,0,485,68,7,0,1,0,0,5,0,0,0,0,0,0,0,0,17,93,0,0,0,0,0,288,0,0,0,0,0,0,6,
19,10315,כפר סבא,6900,24.3,54,0,656,461,1,460,66,1,7,1,0,0,19,0,0,0,0,0,0,0,0,21,77,1,0,0,0,0,260,0,0,0,0,0,0,7,
19,10316,כפר סבא,6900,24.4,54,0,656,447,0,447,62,3,2,0,0,0,11,0,0,0,0,0,1,0,1,19,83,0,0,0,0,0,256,0,1,1,0,0,0,7,
19,10317,כפר סבא,6900,24.5,54,0,653,460,1,459,60,4,6,0,0,0,6,0,0,0,0,0,0,0,0,17,84,0,0,0,0,0,278,0,0,0,0,0,0,4,
19,10318,כפר סבא,6900,25,81,0,679,448,0,448,33,1,3,1,0,0,12,0,0,0,0,0,0,0,0,38,130,0,0,0,0,0,220,0,0,0,0,0,0,10,
19,10319,כפר סבא,6900,26,30,0,551,405,5,400,56,0,5,1,0,0,2,0,0,0,0,0,0,0,0,18,87,0,0,0,3,0,221,0,0,0,0,0,0,7,
19,10320,כפר סבא,6900,27,31,0,662,497,1,496,57,0,4,0,0,0,9,0,0,0,0,0,0,0,0,17,110,2,0,0,0,0,293,0,0,0,0,0,0,4,
19,10321,כפר סבא,6900,28,1,0,573,381,1,380,50,1,1,0,0,0,12,0,0,0,0,0,0,0,0,24,91,0,0,0,0,0,191,1,0,0,0,0,0,9,
19,10322,כפר סבא,6900,29,6,0,470,348,1,347,42,6,1,0,0,0,17,0,0,0,0,0,0,0,0,10,60,1,0,0,2,0,196,0,0,0,0,0,0,12,
19,10323,כפר סבא,6900,30.1,33,0,592,394,1,393,29,6,4,1,0,0,15,0,0,0,0,0,0,1,0,17,134,0,0,0,0,0,175,0,0,0,0,0,0,11,
19,10324,כפר סבא,6900,30.2,33,0,592,393,2,391,37,4,3,0,0,0,12,0,0,0,0,0,0,0,0,29,135,0,0,0,1,0,164,1,0,0,0,0,0,5,
19,10325,כפר סבא,6900,31,2,0,622,442,2,440,31,15,2,2,0,0,39,0,0,0,0,0,0,1,0,26,101,0,0,0,3,0,208,0,0,0,0,0,0,12,
19,10326,כפר סבא,6900,32,16,0,668,477,3,474,45,4,0,0,0,0,52,0,0,0,0,0,0,0,0,26,136,0,0,0,1,0,201,0,0,0,0,0,0,9,
19,10327,כפר סבא,6900,33,5,0,539,364,4,360,41,3,1,1,0,0,12,0,0,0,0,0,0,0,1,43,99,0,0,0,0,0,154,2,0,0,0,0,0,3,
19,10328,כפר סבא,6900,34,8,0,450,325,0,325,32,0,0,0,0,0,13,0,0,0,0,0,0,0,0,9,96,0,0,0,1,0,158,0,0,0,0,0,0,16,
19,10329,כפר סבא,6900,35,38,0,510,271,4,267,21,1,2,0,0,0,9,0,0,0,0,0,0,0,0,19,100,0,0,0,2,0,104,0,0,0,0,0,0,9,
19,10330,כפר סבא,6900,38.1,41,0,571,401,1,400,45,1,2,0,0,0,14,0,0,0,0,0,0,0,0,21,125,0,0,0,0,0,177,0,0,0,0,0,0,15,
19,10331,כפר סבא,6900,38.2,41,0,571,391,0,391,47,2,3,0,0,0,6,0,0,0,0,0,0,0,0,21,125,1,0,0,1,0,174,0,0,0,0,0,0,11,
19,10332,כפר סבא,6900,38.3,41,0,571,401,1,400,39,0,1,0,0,0,10,0,0,1,0,0,0,0,0,35,86,0,0,0,2,0,221,0,0,0,0,0,0,5,
19,10333,כפר סבא,6900,38.4,41,0,568,416,1,415,41,1,0,1,0,0,16,0,0,0,0,0,0,0,0,13,86,0,0,0,0,0,248,0,0,0,0,0,0,9,
19,10335,כפר סבא,6900,40,81,0,606,414,1,413,41,5,2,3,0,0,13,0,0,0,0,1,0,0,0,31,119,1,0,0,0,0,192,0,0,0,0,1,0,4,
19,10336,כפר סבא,6900,41,1,0,604,429,1,428,54,4,2,0,0,0,17,0,0,0,0,0,0,0,0,16,82,0,0,0,1,0,247,0,0,0,0,0,0,5,
19,10337,כפר סבא,6900,43,44,0,466,304,0,304,34,1,0,0,0,0,20,0,0,0,2,0,0,0,0,7,88,0,0,0,0,0,140,0,0,0,0,0,0,12,
19,10338,כפר סבא,6900,44,14,0,718,492,1,491,34,0,0,0,0,0,33,0,0,0,0,1,0,0,0,42,161,0,0,0,1,0,199,0,0,0,0,0,0,20,
19,10339,כפר סבא,6900,45,92,0,683,519,5,514,25,14,0,0,0,0,57,0,1,0,0,0,0,0,0,3,277,1,0,0,4,0,100,0,0,0,0,0,0,32,
19,10340,כפר סבא,6900,46,2,0,584,413,3,410,45,0,3,1,0,0,34,0,0,0,0,0,0,0,0,23,98,0,0,0,0,0,190,0,0,1,0,0,0,15,
19,10341,כפר סבא,6900,47,91,0,549,385,0,385,44,3,2,1,0,0,18,0,0,0,0,0,0,1,0,21,80,0,0,0,2,0,194,0,0,0,1,0,0,18,
19,10342,כפר סבא,6900,48,15,0,620,413,2,411,27,0,2,0,0,0,29,0,0,0,0,0,0,0,0,37,115,1,0,0,0,0,185,0,0,0,0,0,0,15,
19,10343,כפר סבא,6900,49,49,0,522,347,2,345,34,6,3,0,0,0,11,0,0,0,0,0,0,1,0,22,125,1,0,0,0,0,135,1,0,0,0,0,0,6,
19,10344,כפר סבא,6900,50,3,0,598,421,2,419,40,1,2,1,0,0,19,1,0,0,0,0,0,0,0,31,98,0,0,0,1,0,214,0,0,0,0,0,0,11,
19,10345,כפר סבא,6900,51,19,0,670,472,3,469,61,2,2,0,0,0,11,0,0,0,0,0,0,0,0,8,82,0,0,0,1,0,301,0,0,0,0,0,0,1,
19,10346,כפר סבא,6900,52,30,0,752,514,2,512,55,1,3,0,0,0,15,0,0,0,0,0,0,0,0,26,118,1,0,0,0,0,280,0,0,0,0,0,0,13,
19,10347,כפר סבא,6900,53,19,0,560,409,0,409,40,1,1,0,0,0,5,0,0,0,0,0,0,0,0,10,71,0,0,0,0,0,277,0,0,0,0,0,0,4,
19,10348,כפר סבא,6900,54,24,0,654,477,1,476,62,2,4,1,0,0,40,0,0,0,0,0,0,0,1,10,112,1,0,0,1,0,230,0,0,0,0,0,0,12,
19,10349,כפר סבא,6900,55,87,0,508,349,2,347,43,2,0,0,0,0,10,0,0,0,0,0,0,0,1,21,72,0,0,0,1,0,193,0,0,0,0,0,0,4,
19,10350,כפר סבא,6900,56,1,0,623,449,1,448,61,5,2,0,0,0,13,0,0,0,0,0,0,0,0,21,61,0,0,0,0,0,275,0,0,0,0,0,0,10,
19,10351,כפר סבא,6900,57,42,0,679,494,3,491,46,4,0,1,0,0,22,0,0,0,0,0,0,0,0,17,118,0,0,0,4,0,269,0,0,0,0,0,0,10,
19,10352,כפר סבא,6900,58,2,0,692,464,1,463,44,4,1,0,0,0,29,0,0,0,0,0,0,0,0,31,142,0,0,0,0,0,200,0,0,0,0,0,0,12,
19,10353,כפר סבא,6900,59,19,0,604,441,0,441,54,2,0,1,0,0,18,0,0,0,0,0,0,0,0,15,100,1,0,0,0,0,244,0,0,0,0,0,0,6,
19,10354,כפר סבא,6900,62,42,0,717,465,3,462,57,4,12,1,0,0,18,0,0,0,0,0,0,0,0,21,95,0,0,0,0,0,249,0,0,0,0,0,0,5,
19,10355,כפר סבא,6900,64,75,0,626,447,1,446,61,5,2,1,0,0,19,0,0,0,0,0,0,0,0,25,94,0,0,0,3,1,228,0,0,0,0,0,0,7,
19,10356,כפר סבא,6900,65,76,0,665,469,1,468,58,1,4,1,0,0,11,0,0,0,0,0,0,0,0,25,89,0,0,0,0,0,274,0,0,0,0,0,0,5,
19,10357,כפר סבא,6900,66,2,0,705,467,5,462,29,5,1,0,0,0,35,0,0,0,0,0,0,0,0,34,174,0,0,0,6,0,159,0,0,0,0,0,0,19,
19,10358,כפר סבא,6900,67,15,0,671,474,0,474,40,1,1,1,0,0,54,0,0,0,0,0,0,1,0,30,125,0,0,0,2,0,211,0,0,0,0,0,0,8,
19,10359,כפר סבא,6900,68,95,0,602,453,3,450,29,3,0,2,0,0,7,0,0,0,0,0,0,0,0,15,113,0,0,0,1,0,268,0,0,0,0,0,0,12,
19,10360,כפר סבא,6900,69,31,0,576,421,2,419,34,1,0,0,0,0,16,0,0,0,0,0,0,1,0,21,122,1,0,0,0,0,219,0,0,0,0,0,0,4,
19,10361,כפר סבא,6900,70,31,0,681,487,0,487,65,3,3,0,0,0,9,0,0,0,0,0,0,0,0,18,87,1,0,0,1,0,296,0,0,0,0,0,0,4,
19,10362,כפר סבא,6900,71,37,0,552,273,3,270,2,3,1,0,0,0,5,0,0,0,0,0,0,0,0,67,118,1,0,0,0,0,53,0,0,0,0,1,0,19,
19,10363,כפר סבא,6900,72,74,0,581,382,2,380,16,4,2,0,0,0,10,0,0,0,0,0,0,0,0,25,221,0,0,0,2,1,53,0,1,0,0,0,0,45,
19,10364,כפר סבא,6900,73,72,0,506,373,0,373,48,0,0,0,0,0,25,0,0,0,0,0,0,0,0,14,92,0,0,0,0,0,193,0,0,0,0,0,0,1,
19,10365,כפר סבא,6900,74,14,0,634,457,2,455,22,14,1,0,0,0,89,0,0,0,0,0,0,0,0,9,188,1,1,0,5,0,106,0,0,0,0,0,1,18,
19,10366,כפר סבא,6900,75,73,0,636,499,3,496,42,3,2,1,0,0,14,0,0,0,0,0,0,0,0,17,133,0,0,0,2,0,275,0,0,0,0,0,0,7,
19,10367,כפר סבא,6900,76,74,0,631,493,1,492,28,2,1,0,0,0,10,0,0,0,0,0,0,0,0,7,268,0,0,0,1,0,130,0,0,0,0,0,0,45,
19,10368,כפר סבא,6900,77,37,0,434,249,4,245,14,5,3,0,0,0,2,0,0,0,0,1,0,0,0,18,122,0,2,0,0,0,55,0,0,0,0,0,0,23,
19,10369,כפר סבא,6900,78,3,0,487,337,1,336,18,0,1,2,0,0,15,0,0,0,0,0,0,0,0,19,135,0,0,0,0,0,128,0,0,1,0,0,1,16,
19,10370,כפר סבא,6900,79,37,0,527,388,2,386,45,11,5,0,0,0,16,0,0,0,0,0,0,0,0,57,88,0,0,0,5,0,131,1,0,0,0,0,0,27,
19,10371,כפר סבא,6900,80,1,0,731,515,2,513,56,0,3,1,0,0,21,0,0,0,0,0,0,0,0,26,84,1,0,0,0,0,317,0,0,0,0,0,0,4,
19,10372,כפר סבא,6900,81,81,0,725,504,0,504,51,0,2,0,0,0,7,0,0,0,0,0,0,0,0,33,134,0,0,0,0,0,266,0,0,0,0,0,0,11,
19,10373,כפר סבא,6900,82,20,0,430,301,1,300,29,1,0,0,1,0,7,0,0,0,0,0,0,0,0,7,78,0,0,0,0,0,176,0,0,0,0,0,0,1,
19,10374,כפר סבא,6900,83,72,0,260,202,0,202,29,4,1,0,0,0,15,0,0,0,0,2,0,0,0,3,44,0,0,0,1,0,101,0,0,0,0,0,0,2,
19,10375,כפר סבא,6900,84,24,0,561,374,1,373,26,4,5,0,0,0,26,0,0,0,0,0,0,0,0,23,118,0,0,0,1,0,156,0,0,0,0,1,0,13,
19,10376,כפר סבא,6900,87,20,0,584,441,1,440,43,0,5,2,0,0,12,0,0,0,0,0,0,0,0,12,94,0,0,0,0,1,264,0,0,0,0,0,0,7,
19,10377,כפר סבא,6900,89,31,0,568,398,0,398,61,3,3,0,0,0,10,0,0,0,0,0,0,0,0,24,76,0,0,0,0,0,218,0,1,0,0,0,0,2,
19,10378,כפר סבא,6900,90,6,0,598,389,5,384,35,5,0,2,0,0,23,0,0,0,0,0,0,0,0,25,118,0,0,0,2,0,155,0,0,0,0,0,0,19,
19,10379,כפר סבא,6900,91,91,0,568,366,3,363,29,2,4,0,0,0,17,0,0,0,0,0,0,0,0,24,97,1,1,0,3,0,180,0,0,0,0,0,0,5,
19,10380,כפר סבא,6900,92,14,0,687,429,5,424,24,5,0,1,0,0,77,0,0,0,0,0,0,0,1,31,123,1,0,0,3,0,143,0,0,0,0,0,0,15,
19,10381,כפר סבא,6900,93,5,0,435,304,1,303,26,1,1,2,0,0,16,0,0,0,0,0,0,0,0,28,103,1,0,0,1,0,114,0,0,0,0,0,0,10,
19,10382,כפר סבא,6900,94,82,0,577,441,2,439,36,2,2,1,0,0,8,0,0,0,0,0,0,0,0,21,89,2,0,0,0,0,276,0,0,0,0,0,0,2,
19,10383,כפר סבא,6900,95,94,0,544,410,0,410,57,1,1,2,0,0,11,0,0,0,0,0,0,0,0,11,59,0,0,0,0,0,264,0,0,0,0,0,0,4,
19,10384,כפר סבא,6900,96,82,0,498,382,2,380,44,1,2,0,0,0,10,0,0,0,0,0,0,0,0,32,70,0,0,0,0,0,215,0,0,0,0,0,0,6,
19,10385,כפר סבא,6900,97,19,0,544,371,0,371,39,2,3,0,0,0,13,0,0,0,0,0,1,0,0,14,94,0,0,0,0,0,198,0,0,1,0,0,0,6,
19,10386,כפר סבא,6900,98,3,0,503,375,0,375,14,5,1,0,0,0,44,0,0,0,0,0,0,0,0,7,181,0,1,0,2,0,89,0,0,0,0,0,0,31,
19,10387,כפר סבא,6900,99,89,0,667,540,0,540,51,2,0,3,0,0,7,0,0,0,0,0,0,0,0,13,101,0,0,0,0,0,358,0,0,0,0,0,0,5,
19,10388,כפר סבא,6900,100,103,0,628,357,7,350,17,5,2,2,0,0,5,0,0,0,0,0,0,0,0,127,110,0,1,0,0,0,76,0,1,2,0,0,2,0,
19,10389,כפר סבא,6900,101,91,0,636,448,1,447,49,3,0,0,0,0,11,0,0,0,0,0,0,0,1,26,128,0,0,0,1,0,218,0,0,0,0,0,0,10,
19,10390,כפר סבא,6900,103,1,0,656,491,3,488,62,12,5,1,0,0,4,0,0,0,0,0,0,0,0,29,91,1,0,0,2,0,279,0,1,0,0,0,0,1,
19,10391,כפר סבא,6900,104,72,0,503,383,2,381,51,0,3,0,0,0,6,0,0,0,0,0,0,0,0,7,94,0,0,0,0,0,217,0,0,0,0,0,0,3,
19,10392,כפר סבא,6900,106,37,0,392,238,4,234,5,1,0,0,0,0,3,0,0,0,0,0,0,0,1,22,133,0,0,0,1,0,39,0,0,0,0,0,0,29,
19,10393,כפר סבא,6900,107,3,0,442,308,0,308,36,3,3,0,0,0,21,0,0,0,0,0,0,0,0,17,74,0,0,0,1,0,143,0,0,0,0,0,0,10,
19,10394,כפר סבא,6900,108,5,0,458,208,2,206,8,1,1,0,0,0,9,0,0,0,0,0,0,0,0,21,93,0,0,0,2,0,54,0,0,0,0,0,0,17,
19,10396,כפר סבא,6900,110,8,0,544,437,2,435,46,1,6,0,0,0,14,0,0,0,0,0,0,0,0,30,105,0,0,0,0,0,229,0,0,0,0,0,0,4,
19,10397,כפר סבא,6900,111,74,0,554,411,1,410,8,4,0,0,0,0,14,0,0,0,0,0,0,0,0,6,245,1,0,0,1,0,67,0,0,0,0,0,0,64,
19,10398,כפר סבא,6900,112,8,0,655,491,1,490,42,0,1,0,0,0,14,0,0,0,0,0,0,0,0,18,126,0,0,0,0,0,278,0,0,0,0,0,0,11,
19,10399,כפר סבא,6900,113,8,0,669,485,1,484,40,6,1,1,0,0,6,1,0,0,0,0,0,0,0,46,124,0,0,0,0,0,240,0,0,0,0,0,0,19,
19,10400,כפר סבא,6900,114,84,0,634,542,1,541,43,0,3,0,0,0,17,0,0,0,0,0,0,0,0,18,110,1,0,0,0,0,348,0,0,0,0,0,0,1,
19,10401,כפר סבא,6900,115,86,0,649,520,8,512,59,2,4,0,0,0,15,0,0,0,0,0,0,0,1,17,91,1,0,1,5,0,311,0,0,0,0,0,0,5,
19,10402,כפר סבא,6900,116,8,0,674,519,0,519,47,2,0,0,0,0,11,0,1,0,0,0,0,0,0,27,154,0,0,0,0,0,268,0,0,0,0,0,0,9,
19,10403,כפר סבא,6900,117,94,0,528,405,0,405,39,3,2,0,0,0,4,0,0,0,0,0,0,0,0,11,64,0,0,0,0,0,281,0,0,0,0,0,0,1,
19,10404,כפר סבא,6900,118,34,0,512,416,1,415,64,8,2,1,0,0,8,0,0,0,0,0,0,0,0,14,82,0,0,0,0,0,231,1,0,0,0,0,0,4,
19,10405,כפר סבא,6900,119,89,0,534,433,0,433,24,0,0,1,0,0,11,0,0,0,0,0,0,0,0,14,98,0,0,0,0,0,282,0,0,1,0,0,0,2,
19,10406,כפר סבא,6900,120,96,0,639,528,6,522,65,4,0,1,0,0,8,0,0,0,0,1,0,0,0,22,97,1,0,0,0,0,320,0,0,0,0,0,0,3,
19,10407,כפר סבא,6900,121,7,0,677,527,2,525,19,14,0,1,0,0,14,0,0,0,0,0,0,0,0,6,361,0,0,0,0,0,67,0,0,0,0,0,1,42,
19,10408,כפר סבא,6900,122,98,0,679,565,1,564,44,0,0,1,0,0,14,0,0,0,0,0,0,0,0,16,87,0,0,0,0,0,401,0,0,0,0,0,0,1,
19,10409,כפר סבא,6900,123,88,0,651,510,1,509,71,2,0,0,1,0,9,0,0,0,0,0,0,0,1,16,91,2,0,0,1,0,309,0,0,0,0,0,1,5,
19,10410,כפר סבא,6900,124,99,0,681,591,2,589,54,3,4,0,0,0,22,0,0,0,0,0,0,0,0,11,86,0,0,0,2,0,398,0,0,0,0,0,0,9,
19,10411,כפר סבא,6900,125,89,0,568,473,1,472,29,0,0,0,0,0,9,0,0,0,0,0,0,0,0,10,92,0,0,0,0,0,327,0,0,0,0,0,0,5,
19,10412,כפר סבא,6900,126,99,0,538,451,0,451,51,0,3,0,0,0,10,0,0,0,0,0,0,0,0,9,50,0,0,0,0,0,326,0,0,0,0,0,0,2,
19,10413,כפר סבא,6900,127,89,0,606,507,0,507,45,0,2,0,0,0,9,0,0,0,0,0,0,0,0,14,79,0,0,0,0,0,352,0,0,0,0,0,0,6,
19,10414,כפר סבא,6900,128,98,0,485,404,0,404,27,0,1,1,0,0,16,0,0,0,0,0,0,0,0,14,100,0,0,0,0,0,242,0,0,0,0,0,0,3,
19,10415,כפר סבא,6900,129,89,0,625,547,0,547,57,0,0,1,0,0,15,0,0,0,0,0,0,0,0,19,99,1,0,0,1,0,349,0,0,0,0,0,0,5,
19,10416,כפר סבא,6900,130,15,0,613,462,1,461,49,2,2,1,0,0,28,0,0,0,0,0,0,0,0,10,114,0,0,1,0,0,247,0,0,0,0,0,0,7,
19,10417,כפר סבא,6900,131,99,0,693,615,0,615,61,0,6,0,0,0,17,0,0,0,0,0,0,0,0,23,94,1,0,0,1,0,411,0,1,0,0,0,0,0,
19,10418,כפר סבא,6900,132,100,0,482,354,5,349,28,5,0,1,0,0,21,0,0,0,0,0,0,0,0,18,68,0,0,0,1,0,205,1,0,0,0,0,0,1,
19,10419,כפר סבא,6900,133,95,0,544,428,0,428,37,1,0,0,0,0,10,0,0,0,0,0,0,0,0,12,69,0,0,0,1,0,296,1,0,0,0,0,0,1,
19,10420,כפר סבא,6900,134,95,0,535,447,0,447,46,1,0,0,0,0,10,0,0,0,0,0,0,0,0,8,68,0,0,0,1,0,312,0,0,0,0,0,0,1,
19,10421,כפר סבא,6900,135,82,0,504,383,2,381,24,4,3,0,0,0,17,0,0,0,0,1,0,0,0,14,103,0,0,0,2,0,209,0,0,0,0,0,0,4,
19,10422,כפר סבא,6900,136,99,0,506,427,0,427,29,0,3,0,0,0,12,0,0,0,0,0,0,0,0,8,63,0,0,0,1,0,306,0,1,0,0,0,0,4,
19,10423,כפר סבא,6900,137,98,0,474,408,0,408,20,0,0,0,0,0,7,0,0,0,0,0,0,0,0,14,101,0,0,0,1,0,264,0,0,0,0,0,0,1,
19,10424,כפר סבא,6900,951,97,0,571,439,3,436,44,1,0,2,0,0,9,0,0,0,0,0,0,0,0,14,127,0,0,0,0,0,232,0,0,0,0,0,0,7,
13,6568,כרם יבנה ישיבה,1094,1,1,0,157,144,0,144,1,30,0,0,0,0,101,0,0,0,0,0,0,0,0,0,4,0,0,0,0,0,0,0,0,0,0,0,0,8,
18,9312,כרמל,3656,1,1,0,265,216,0,216,1,14,0,0,0,0,155,0,0,0,0,0,0,0,0,0,41,0,0,0,3,0,1,0,0,0,0,0,0,1,
12,5423,לוד,7000,2,14,0,660,341,2,339,0,0,324,0,0,0,0,0,0,0,0,0,0,0,0,2,4,0,0,1,1,1,1,0,0,1,0,0,0,4,
12,5424,לוד,7000,5,15,0,573,372,5,367,0,0,358,0,0,0,0,0,0,0,0,0,0,1,0,0,3,0,0,0,0,0,4,0,0,0,0,0,0,1,
12,5425,לוד,7000,6,24,0,636,326,4,322,9,2,42,0,0,0,15,0,0,0,0,0,0,0,0,103,99,0,0,0,2,0,44,0,1,0,0,0,0,5,
12,5426,לוד,7000,8,15,0,481,317,8,309,2,0,304,0,0,0,0,0,0,0,0,0,0,0,0,0,1,0,0,0,1,0,1,0,0,0,0,0,0,0,
12,5427,לוד,7000,9,43,0,616,496,0,496,1,10,33,0,0,0,298,0,0,0,0,0,0,0,0,0,104,0,0,0,1,0,13,0,0,0,0,0,0,36,
12,5428,לוד,7000,10,43,0,753,511,2,509,5,4,149,0,0,0,179,0,0,1,0,0,0,0,0,7,100,1,0,0,4,0,36,0,0,0,0,0,0,23,
12,5429,לוד,7000,11,16,0,397,230,4,226,4,0,15,0,0,0,17,0,0,0,0,0,0,0,0,15,123,0,0,0,0,0,28,0,0,0,0,0,0,24,
12,5430,לוד,7000,12,37,0,600,303,5,298,8,5,4,0,0,0,7,0,0,0,0,0,0,0,0,25,181,0,0,0,2,0,33,0,0,0,1,0,1,31,
12,5431,לוד,7000,13.1,2,0,658,393,2,391,6,4,27,0,0,0,15,0,0,0,0,0,0,0,1,10,226,0,0,0,3,0,45,0,0,0,0,0,0,54,
12,5432,לוד,7000,13.2,2,0,658,378,2,376,13,2,10,0,0,0,40,0,0,0,0,0,0,0,0,10,206,0,0,1,4,0,49,0,0,0,0,0,1,40,
12,5433,לוד,7000,13.3,2,0,658,407,2,405,11,1,19,0,0,0,20,0,0,0,0,0,0,1,0,14,247,0,0,0,0,0,49,0,0,0,0,0,0,43,
12,5434,לוד,7000,13.4,2,0,655,384,4,380,15,6,13,0,0,0,33,0,0,0,0,0,0,0,1,37,189,0,0,0,1,0,46,0,0,0,0,0,0,39,
12,5435,לוד,7000,14,37,0,617,340,2,338,8,5,0,0,0,0,17,0,0,0,0,0,0,0,0,14,221,0,0,1,2,0,36,0,1,0,0,1,0,32,
12,5436,לוד,7000,16,4,0,771,546,3,543,13,3,212,0,0,0,137,1,0,0,0,0,0,0,0,18,86,0,0,0,1,0,33,0,0,0,0,1,0,38,
12,5437,לוד,7000,17,41,0,540,391,4,387,12,0,34,0,0,0,22,0,0,1,0,0,0,0,0,10,196,0,1,0,5,0,59,0,0,1,0,0,0,46,
12,5438,לוד,7000,18.1,18,0,698,419,3,416,1,0,406,0,0,0,0,0,0,0,0,0,0,0,0,0,0,0,3,0,0,0,2,1,0,0,0,0,2,1,
12,5439,לוד,7000,18.2,18,0,698,417,4,413,1,0,385,0,0,0,7,0,0,1,0,0,0,0,0,2,9,0,0,0,0,0,0,0,0,1,0,0,0,7,
12,5440,לוד,7000,18.3,18,0,698,381,4,377,2,1,358,0,0,0,1,0,0,0,0,0,0,0,0,0,4,0,1,0,0,1,4,0,0,0,0,2,0,3,
12,5441,לוד,7000,18.4,18,0,698,376,5,371,5,1,296,0,0,0,12,0,0,0,0,0,0,0,2,5,40,2,0,0,0,1,3,0,0,0,0,0,0,4,
12,5442,לוד,7000,18.5,18,0,698,364,3,361,2,1,253,0,0,0,22,0,0,0,0,0,0,0,0,2,64,0,1,1,1,0,7,1,0,0,0,1,1,4,
12,5443,לוד,7000,18.6,18,0,694,357,2,355,3,1,288,1,0,0,16,0,0,0,0,0,0,0,0,4,22,1,0,1,2,0,8,0,0,0,0,0,0,8,
12,5444,לוד,7000,19,4,0,698,355,1,354,3,2,243,1,0,0,11,0,0,0,0,0,0,0,0,25,43,1,0,0,0,1,12,0,0,0,0,0,1,11,
12,5445,לוד,7000,20,43,0,732,422,7,415,4,0,319,0,0,0,8,0,0,1,0,0,0,0,0,25,31,0,0,0,2,0,20,0,0,0,0,0,0,5,
12,5446,לוד,7000,22.1,5,0,678,446,3,443,6,2,191,0,0,0,10,0,0,1,0,0,0,0,0,8,164,0,0,0,0,0,38,0,0,0,0,0,0,23,
12,5447,לוד,7000,22.2,5,0,678,415,0,415,5,2,9,0,0,0,20,0,0,0,0,0,0,0,0,17,251,0,0,0,2,0,58,0,0,1,0,0,0,50,
12,5448,לוד,7000,22.3,5,0,678,433,4,429,6,6,70,1,0,0,23,0,0,0,0,0,0,1,0,25,209,0,0,0,2,0,49,0,0,0,0,1,0,36,
12,5449,לוד,7000,22.4,5,0,678,454,1,453,9,5,28,0,0,0,18,0,0,0,0,0,0,0,0,22,235,0,0,0,2,0,75,0,0,1,0,0,0,58,
12,5450,לוד,7000,22.5,5,0,678,409,3,406,4,1,49,0,0,0,23,0,0,1,0,0,0,0,0,19,245,1,0,0,2,1,32,0,0,1,0,0,0,27,
12,5451,לוד,7000,22.6,5,0,678,426,5,421,9,1,25,0,0,0,23,0,0,0,0,0,0,0,0,39,230,0,0,0,1,0,66,0,0,0,0,0,0,27,
12,5452,לוד,7000,23,4,0,672,347,4,343,5,1,261,1,0,0,2,0,0,0,0,0,0,0,1,11,35,0,0,0,1,0,21,0,0,0,0,0,0,4,
12,5453,לוד,7000,26,45,0,713,362,6,356,9,4,10,0,0,0,26,0,0,0,0,0,0,0,0,73,158,0,0,1,2,0,34,0,0,0,0,0,0,39,
12,5454,לוד,7000,27,12,0,653,412,1,411,6,7,2,0,0,0,55,0,0,0,0,0,0,0,0,6,196,0,0,0,3,0,34,0,0,0,0,0,0,102,
12,5455,לוד,7000,29,12,0,632,452,0,452,9,2,31,0,0,0,65,0,0,0,0,0,0,0,0,7,242,1,0,0,1,0,36,0,0,0,0,0,0,58,
12,5456,לוד,7000,30,12,0,705,485,4,481,6,3,78,0,0,0,86,0,0,0,0,0,0,0,2,7,211,0,0,0,5,0,46,0,0,0,0,0,0,37,
12,5457,לוד,7000,31,36,0,698,413,6,407,3,4,16,0,0,0,41,0,0,0,0,0,0,0,0,10,222,1,0,0,2,0,57,0,0,0,0,1,1,49,
12,5458,לוד,7000,33,36,0,551,324,2,322,5,5,2,0,0,0,22,0,1,0,0,0,0,0,0,23,195,0,0,0,1,1,33,0,0,0,0,0,0,34,
12,5459,לוד,7000,34,17,0,564,319,4,315,3,9,5,0,0,0,8,0,0,0,0,0,0,0,1,17,187,0,0,0,5,0,35,0,0,0,0,0,0,45,
12,5460,לוד,7000,35,38,0,387,270,1,269,2,29,20,0,0,0,10,0,0,0,0,0,0,0,0,1,138,0,0,0,3,0,9,0,0,0,0,0,0,57,
12,5461,לוד,7000,36,39,0,585,297,3,294,0,0,288,0,0,0,0,0,0,0,0,0,0,0,0,0,1,0,0,0,0,1,3,0,1,0,0,0,0,0,
12,5462,לוד,7000,37,36,0,717,447,2,445,5,20,80,0,0,0,15,0,0,0,0,0,0,0,0,16,231,0,0,0,7,0,20,0,1,0,0,0,1,49,
12,5463,לוד,7000,38,6,0,561,376,2,374,2,6,37,0,0,0,13,0,0,0,0,0,0,0,0,6,216,0,2,0,0,0,33,1,0,0,0,0,0,58,
12,5464,לוד,7000,39,17,0,503,233,4,229,4,4,35,0,0,0,17,0,0,1,0,0,0,0,0,7,122,1,0,1,3,0,15,0,0,0,1,0,0,18,
12,5465,לוד,7000,40,1,0,583,329,3,326,4,14,63,0,0,0,10,0,0,0,0,0,0,1,0,31,139,0,0,0,5,0,28,0,1,0,0,0,0,30,
12,5466,לוד,7000,41,12,0,609,334,3,331,6,6,29,0,0,0,15,0,0,0,0,0,0,0,0,15,210,0,0,0,2,0,13,0,1,0,0,1,0,33,
12,5467,לוד,7000,42,6,0,469,291,2,289,3,15,39,0,0,0,6,0,0,0,0,0,0,0,0,15,159,0,0,0,4,0,10,0,0,0,0,0,0,38,
12,5468,לוד,7000,43,38,0,548,352,1,351,3,28,17,0,0,0,21,0,0,0,0,0,0,0,0,15,192,0,0,0,5,0,9,0,0,0,0,0,0,61,
12,5469,לוד,7000,44,6,0,406,222,0,222,3,10,3,0,1,0,5,0,0,0,0,0,0,0,0,29,123,0,0,0,0,0,24,0,0,0,0,0,0,24,
12,5470,לוד,7000,45,16,0,474,321,7,314,4,2,18,0,0,0,57,0,0,0,0,0,0,0,0,32,152,1,0,0,0,0,24,0,0,0,1,0,0,23,
12,5471,לוד,7000,46,41,0,397,251,2,249,7,1,2,0,0,0,9,0,0,0,0,0,0,0,0,20,163,0,0,0,0,0,28,0,0,0,0,0,0,19,
12,5472,לוד,7000,47,27,0,450,336,3,333,9,1,9,0,0,0,6,0,0,0,0,0,0,0,0,3,212,1,0,0,3,0,43,0,0,0,0,0,0,46,
12,5473,לוד,7000,48,24,0,558,363,4,359,7,5,11,0,0,0,13,0,0,0,0,0,0,0,0,22,194,0,0,0,0,0,56,0,0,0,0,0,1,50,
12,5474,לוד,7000,49,28,0,607,477,1,476,10,1,15,0,0,0,9,0,0,0,0,0,0,0,0,15,299,4,0,0,0,0,73,0,0,0,0,0,0,50,
12,5475,לוד,7000,50,41,0,577,407,3,404,11,2,13,1,0,0,16,0,0,0,0,0,0,0,0,14,236,0,0,0,1,0,82,0,0,0,0,0,0,28,
12,5476,לוד,7000,52,41,0,529,364,2,362,10,2,87,0,0,0,10,0,0,0,0,0,0,0,0,4,148,1,0,0,4,0,68,0,0,0,0,0,0,28,
12,5477,לוד,7000,54,41,0,597,401,2,399,10,8,2,0,0,0,12,0,0,0,0,0,0,0,0,22,258,1,0,0,1,0,54,0,0,0,0,0,0,31,
12,5478,לוד,7000,55,41,0,498,384,0,384,14,1,97,0,0,0,13,0,0,0,0,0,0,0,0,8,157,0,0,0,1,0,53,0,0,0,0,0,0,40,
12,5479,לוד,7000,58,24,0,673,473,4,469,7,3,42,0,0,0,79,0,0,0,0,0,0,0,0,85,165,1,0,0,6,0,51,0,1,0,0,1,0,28,
12,5480,לוד,7000,59,41,0,478,282,1,281,6,2,5,1,0,0,11,0,0,0,0,0,0,0,0,30,160,0,0,0,0,0,32,0,0,0,0,0,0,34,
12,5481,לוד,7000,60,42,0,521,365,1,364,2,129,0,0,0,0,15,0,0,0,0,0,0,0,0,0,125,0,0,0,6,0,2,0,0,0,1,0,0,84,
12,5482,לוד,7000,61,3,0,777,619,2,617,3,215,0,0,0,0,42,0,0,0,0,0,0,0,0,1,195,0,0,0,8,0,8,0,0,0,0,0,0,145,
12,5483,לוד,7000,62,1,0,624,384,4,380,7,3,2,0,0,0,9,0,0,0,0,3,0,0,0,18,236,3,0,0,7,0,38,0,0,0,0,1,0,53,
12,5484,לוד,7000,63,1,0,541,287,4,283,6,4,3,0,0,0,8,0,0,0,0,0,0,0,0,22,173,0,0,0,2,0,33,0,0,0,0,2,0,30,
12,5485,לוד,7000,65.1,34,0,490,271,4,267,6,0,250,0,0,0,1,0,0,0,0,0,0,0,0,0,2,0,0,1,1,1,2,0,0,0,2,0,1,0,
12,5486,לוד,7000,65.2,34,0,490,291,3,288,0,0,273,0,0,0,0,0,0,1,1,0,0,0,0,0,4,0,1,0,1,0,5,0,0,0,0,0,2,0,
12,5487,לוד,7000,65.3,34,0,490,229,1,228,0,0,224,0,0,0,1,0,0,0,0,0,0,0,1,0,1,0,0,0,0,0,0,0,1,0,0,0,0,0,
12,5488,לוד,7000,67,39,0,753,407,5,402,4,0,382,1,0,0,0,1,0,0,1,0,1,0,0,0,6,0,2,0,1,0,3,0,0,0,0,0,0,0,
12,5489,לוד,7000,68,6,0,540,362,6,356,5,55,4,1,0,0,19,0,0,0,0,0,0,0,0,33,154,0,0,0,5,0,21,0,0,0,0,0,0,59,
12,5490,לוד,7000,69,38,0,497,298,3,295,2,7,20,0,0,0,6,0,0,0,0,0,0,0,0,18,175,0,0,0,3,0,27,0,0,0,0,0,0,37,
12,5491,לוד,7000,71,31,0,563,340,4,336,4,0,49,0,0,0,7,0,0,0,0,1,0,0,0,120,97,0,1,0,1,0,49,0,0,0,0,0,0,7,
12,5492,לוד,7000,72,31,0,617,372,6,366,3,5,8,0,0,0,6,0,0,0,0,0,0,0,0,125,123,0,0,0,4,0,69,1,0,0,0,0,0,22,
12,5493,לוד,7000,73,31,0,698,422,9,413,9,1,9,0,0,0,6,0,0,1,0,0,0,0,0,154,133,0,0,0,1,0,81,1,0,2,0,0,1,14,
12,5494,לוד,7000,75,31,0,639,399,6,393,6,3,1,0,0,0,11,0,0,0,0,1,0,0,0,143,132,0,0,0,0,0,80,0,1,0,0,0,0,15,
12,5495,לוד,7000,77,30,0,716,427,3,424,4,0,3,1,0,0,5,0,0,0,0,0,0,0,0,110,155,0,0,0,2,0,101,0,0,0,0,0,1,42,
12,5496,לוד,7000,78,30,0,583,346,2,344,10,0,3,1,0,0,10,0,0,0,0,0,0,0,0,107,114,0,0,0,1,0,86,1,0,0,0,0,1,10,
12,5497,לוד,7000,79,30,0,620,368,2,366,9,2,0,0,0,0,5,0,0,0,0,0,0,0,0,122,107,0,0,0,4,0,99,0,0,0,0,0,1,17,
12,5498,לוד,7000,80,31,0,735,419,9,410,5,3,0,0,0,0,4,0,0,0,0,0,0,1,0,240,105,0,0,0,1,0,46,0,0,2,0,1,0,2,
12,5499,לוד,7000,82.1,33,0,619,366,2,364,4,3,42,1,0,0,9,1,0,0,0,0,0,0,0,103,129,0,0,0,1,0,62,0,0,1,0,0,1,7,
12,5500,לוד,7000,82.2,33,0,619,357,2,355,11,2,1,0,0,0,6,0,0,0,1,0,0,0,0,128,119,0,0,0,0,0,79,0,0,0,0,0,2,6,
12,5501,לוד,7000,82.3,33,0,619,375,0,375,10,5,5,0,0,0,13,0,0,0,0,0,0,0,0,128,122,0,0,0,2,0,72,0,0,0,0,0,1,17,
12,5502,לוד,7000,82.4,33,0,619,336,3,333,5,2,0,2,0,0,6,0,1,0,1,0,0,0,0,119,100,0,0,0,0,0,91,0,0,0,0,0,0,6,
12,5503,לוד,7000,82.5,33,0,619,367,1,366,8,3,0,1,0,0,10,0,0,0,0,0,0,0,0,139,116,1,0,0,0,0,72,0,0,1,0,0,1,14,
12,5504,לוד,7000,83,30,0,681,441,6,435,8,5,1,0,0,0,11,0,0,0,0,1,0,1,0,124,181,0,0,0,2,0,78,1,0,0,0,0,0,22,
12,5505,לוד,7000,84,30,0,524,307,2,305,9,0,2,1,0,0,5,0,0,0,0,0,0,0,0,105,93,0,0,0,0,0,82,1,0,0,0,1,0,6,
12,5506,לוד,7000,85,31,0,489,290,2,288,9,1,2,0,0,0,3,0,0,0,0,0,0,0,0,101,100,0,0,0,0,0,61,0,1,0,0,0,1,9,
12,5507,לוד,7000,86,35,0,536,407,3,404,8,0,31,1,0,0,5,0,0,0,0,0,0,0,0,35,205,1,0,0,1,0,68,0,0,0,0,0,0,49,
12,5508,לוד,7000,87,35,0,567,408,8,400,6,3,10,0,0,0,5,0,0,0,0,0,0,2,1,73,216,1,0,0,0,0,54,0,0,2,0,0,1,26,
12,5509,לוד,7000,88,31,0,496,277,0,277,13,2,0,0,0,0,5,0,0,0,0,0,0,0,0,95,101,0,0,0,1,0,44,0,0,0,0,0,0,16,
12,5510,לוד,7000,89,35,0,652,509,4,505,5,3,4,2,0,0,15,0,0,0,0,0,0,0,0,84,281,0,0,0,1,0,54,0,0,0,0,0,0,56,
12,5511,לוד,7000,90,35,0,561,441,1,440,10,5,41,0,0,0,13,0,0,0,0,0,0,0,0,20,241,0,0,0,2,0,58,0,0,0,1,0,0,49,
12,5512,לוד,7000,91,16,0,406,248,6,242,2,1,2,0,0,0,5,0,0,0,0,0,0,0,0,37,128,0,0,0,0,0,19,0,0,0,0,0,0,48,
12,5513,לוד,7000,952.1,46,0,423,340,2,338,4,77,1,0,0,0,13,0,0,0,0,0,0,0,0,10,129,0,0,0,4,0,36,0,0,0,0,0,0,64,
12,5514,לוד,7000,952.2,46,0,444,345,2,343,2,107,6,1,0,0,12,0,0,0,0,0,0,0,0,25,122,0,0,0,0,0,25,0,0,0,0,0,0,43,
12,5515,לוד,7000,953,35,0,626,467,3,464,14,6,10,0,0,0,4,0,0,0,0,0,0,0,0,25,282,3,0,0,4,0,53,0,0,0,0,0,0,63,
18,9864,לוטן,1255,1,1,0,158,87,0,87,41,1,2,0,0,0,2,0,0,0,0,0,0,0,0,4,6,0,0,0,0,0,31,0,0,0,0,0,0,0,
12,5543,מודיעיןמכביםרעות,1200,1,1,0,757,592,1,591,71,0,1,0,0,0,26,0,0,0,0,0,0,1,0,28,131,0,0,0,0,0,330,0,0,0,1,0,1,1,
12,5544,מודיעיןמכביםרעות,1200,2,3,0,579,402,2,400,44,7,1,1,0,0,18,0,0,0,0,0,0,0,0,33,119,0,0,0,0,0,169,0,0,0,0,0,1,7,
12,5545,מודיעיןמכביםרעות,1200,3,9,0,785,564,2,562,67,3,2,0,0,0,26,0,0,0,0,0,0,0,0,30,134,1,0,0,0,0,292,1,0,0,0,0,0,6,
12,5546,מודיעיןמכביםרעות,1200,4,9,0,702,495,1,494,62,1,1,0,0,0,13,0,0,0,0,0,0,0,0,25,144,0,0,0,3,0,240,0,0,0,0,0,0,5,
12,5547,מודיעיןמכביםרעות,1200,6,6,0,564,434,2,432,35,2,3,0,0,0,62,0,0,0,0,0,0,0,0,16,117,0,0,0,0,0,192,1,0,0,0,0,0,4,
12,5548,מודיעיןמכביםרעות,1200,7,4,0,570,422,3,419,30,12,2,0,0,0,77,0,0,0,0,0,0,0,0,14,124,0,0,0,0,0,150,0,0,0,0,0,0,10,
12,5549,מודיעיןמכביםרעות,1200,9,5,0,730,548,3,545,55,4,4,0,0,0,57,0,0,0,0,0,0,0,0,29,180,1,0,0,2,0,194,1,0,0,0,0,0,18,
12,5550,מודיעיןמכביםרעות,1200,10,1,0,725,525,1,524,58,0,0,0,0,0,25,0,0,0,0,0,0,0,0,33,177,0,0,0,0,0,225,1,0,0,0,0,0,5,
12,5551,מודיעיןמכביםרעות,1200,11.1,2,0,468,355,1,354,45,4,4,0,0,0,21,0,0,0,0,0,0,0,0,14,115,2,0,0,1,0,143,0,0,0,0,0,0,5,
12,5552,מודיעיןמכביםרעות,1200,11.2,2,0,468,360,3,357,54,2,1,2,0,0,8,0,0,0,0,0,0,0,0,8,97,0,0,0,2,0,175,0,0,0,0,0,0,8,
12,5553,מודיעיןמכביםרעות,1200,11.3,2,0,467,318,2,316,37,4,2,3,0,0,14,0,0,0,0,0,0,0,0,11,77,0,0,0,1,0,161,0,0,0,0,0,0,6,
12,5554,מודיעיןמכביםרעות,1200,12,1,0,675,491,2,489,64,0,0,0,0,0,16,0,0,0,0,0,0,0,0,25,142,0,0,0,0,0,236,0,0,0,0,0,0,6,
12,5555,מודיעיןמכביםרעות,1200,13,3,0,554,404,0,404,43,1,1,1,0,0,15,0,0,0,0,0,0,0,2,28,124,0,0,0,3,0,177,0,0,0,0,0,0,9,
12,5556,מודיעיןמכביםרעות,1200,14,9,0,740,544,1,543,88,0,0,2,0,0,35,0,0,0,0,0,0,0,0,26,116,1,0,0,10,0,247,0,0,1,0,0,0,17,
12,5557,מודיעיןמכביםרעות,1200,15,9,0,741,507,4,503,54,10,2,2,0,0,25,0,0,0,0,0,0,0,0,15,154,0,0,0,0,0,228,0,0,0,0,0,0,13,
12,5558,מודיעיןמכביםרעות,1200,16,10,0,696,511,5,506,34,7,1,1,0,0,132,0,0,0,0,0,0,1,0,14,163,1,0,0,1,1,139,0,0,0,0,0,1,10,
12,5559,מודיעיןמכביםרעות,1200,17,4,0,716,529,3,526,50,6,0,3,0,0,47,0,0,0,0,0,0,0,0,15,177,2,0,0,1,1,218,0,0,0,0,0,0,6,
12,5560,מודיעיןמכביםרעות,1200,18,10,0,782,570,3,567,54,5,0,1,0,0,87,0,0,0,0,0,0,1,0,18,152,0,1,0,3,0,242,0,0,0,0,0,0,3,
12,5561,מודיעיןמכביםרעות,1200,19,5,0,727,494,1,493,46,4,1,1,0,0,92,0,1,0,0,0,0,0,0,28,113,0,0,0,1,0,199,0,0,0,0,0,0,7,
12,5562,מודיעיןמכביםרעות,1200,20,13,0,738,556,3,553,42,4,1,1,0,0,42,0,0,0,0,0,0,0,0,22,166,0,0,0,0,0,257,0,0,0,0,0,0,18,
12,5563,מודיעיןמכביםרעות,1200,21,7,0,548,412,3,409,35,2,0,0,0,0,19,0,0,0,0,0,0,0,0,16,106,0,0,0,3,0,221,1,0,0,0,0,0,6,
12,5564,מודיעיןמכביםרעות,1200,22,23,0,689,536,2,534,50,2,2,1,0,0,29,0,0,0,0,0,0,0,0,34,132,0,2,0,0,0,265,0,0,0,0,0,0,17,
12,5565,מודיעיןמכביםרעות,1200,24,7,0,672,532,2,530,53,1,0,3,0,0,33,0,0,0,1,0,0,1,0,36,154,0,0,0,0,0,223,0,0,0,0,0,0,25,
12,5566,מודיעיןמכביםרעות,1200,25,13,0,755,560,1,559,70,2,2,0,0,0,41,0,0,0,0,0,0,0,0,27,141,0,0,0,0,0,268,0,0,0,0,0,0,8,
12,5567,מודיעיןמכביםרעות,1200,26,23,0,755,575,0,575,61,12,2,0,0,0,43,0,0,0,0,0,0,0,0,34,148,2,0,0,5,0,251,0,0,0,0,0,1,16,
12,5568,מודיעיןמכביםרעות,1200,27,7,0,639,485,2,483,50,2,2,0,0,0,22,0,0,0,0,0,0,0,1,33,144,1,0,0,1,0,219,0,0,0,0,0,0,8,
12,5569,מודיעיןמכביםרעות,1200,28,14,0,612,442,4,438,19,8,0,0,0,0,37,0,0,0,0,0,0,0,0,17,164,3,0,0,0,0,171,0,0,0,0,0,0,19,
12,5570,מודיעיןמכביםרעות,1200,29.1,17,0,636,496,1,495,40,1,2,0,0,0,27,0,0,0,0,0,0,0,0,26,147,0,0,0,1,0,232,0,0,0,0,0,2,17,
12,5571,מודיעיןמכביםרעות,1200,29.2,17,0,636,471,0,471,28,1,1,0,0,0,29,0,0,0,0,0,0,0,1,23,118,0,0,0,0,0,252,0,0,0,0,0,0,18,
12,5572,מודיעיןמכביםרעות,1200,29.3,17,0,634,500,1,499,36,3,1,0,0,0,27,0,0,0,0,0,0,0,0,30,123,0,0,0,0,0,262,0,0,0,0,0,0,17,
12,5573,מודיעיןמכביםרעות,1200,30,3,0,688,462,2,460,49,5,4,1,0,0,20,0,0,0,0,0,1,0,0,36,132,1,0,0,0,0,205,0,0,0,0,0,0,6,
12,5574,מודיעיןמכביםרעות,1200,32,4,0,679,491,1,490,61,3,1,1,0,0,60,0,0,0,0,0,0,0,0,23,129,1,2,0,5,0,193,0,0,0,0,0,0,11,
12,5575,מודיעיןמכביםרעות,1200,33,3,0,527,383,2,381,47,5,4,0,0,0,14,0,0,0,0,0,0,0,0,11,79,0,0,0,3,0,205,1,0,0,0,0,0,12,
12,5576,מודיעיןמכביםרעות,1200,34,9,0,557,412,1,411,43,3,2,0,0,0,35,0,0,0,0,0,0,0,0,15,124,0,0,0,3,0,179,0,0,0,0,0,0,7,
12,5577,מודיעיןמכביםרעות,1200,35,6,0,771,560,0,560,71,3,4,0,0,0,62,0,0,0,0,0,1,0,0,22,140,3,0,0,0,0,249,0,1,0,0,0,0,4,
12,5578,מודיעיןמכביםרעות,1200,36,14,0,720,565,2,563,35,7,3,0,0,0,133,0,0,0,0,0,0,0,0,28,157,1,0,0,5,0,179,0,0,0,0,0,0,15,
12,5579,מודיעיןמכביםרעות,1200,37,21,0,585,464,4,460,25,3,0,0,0,0,66,0,0,0,0,0,0,0,0,20,150,0,0,0,0,0,192,1,0,0,0,1,0,2,
12,5580,מודיעיןמכביםרעות,1200,38,107,0,682,533,2,531,51,7,1,1,0,0,45,0,0,0,0,0,0,0,0,21,123,0,0,0,1,0,277,0,0,0,0,0,0,4,
12,5581,מודיעיןמכביםרעות,1200,39,107,0,589,490,0,490,35,9,2,0,0,0,58,0,0,0,0,0,0,0,0,20,173,0,0,0,1,0,184,0,0,0,0,0,0,8,
12,5582,מודיעיןמכביםרעות,1200,40,106,0,779,600,2,598,17,5,0,1,0,0,247,0,0,0,0,0,0,0,1,7,165,1,0,0,3,0,144,0,0,0,0,0,0,7,
12,5583,מודיעיןמכביםרעות,1200,41,10,0,645,474,2,472,37,6,1,0,0,0,87,0,0,0,0,0,0,1,0,12,116,3,0,0,1,0,199,1,0,0,0,0,0,8,
12,5584,מודיעיןמכביםרעות,1200,42,6,0,655,501,0,501,26,7,0,2,0,0,171,0,0,0,0,0,0,0,0,8,164,0,0,0,2,0,102,0,1,0,0,0,0,18,
12,5585,מודיעיןמכביםרעות,1200,43,16,0,787,576,0,576,45,1,1,0,0,0,118,0,0,0,0,0,0,0,0,12,132,0,0,0,1,0,260,0,0,0,0,0,0,6,
12,5586,מודיעיןמכביםרעות,1200,44,105,0,660,499,1,498,40,1,3,0,0,0,98,0,0,0,0,0,0,0,0,12,120,1,0,0,3,0,217,0,0,0,0,0,0,3,
12,5587,מודיעיןמכביםרעות,1200,45,12,0,715,572,1,571,31,2,1,0,0,0,18,0,1,0,0,0,0,0,0,26,230,0,0,0,0,0,250,0,0,0,0,0,0,12,
12,5588,מודיעיןמכביםרעות,1200,46,20,0,673,505,0,505,30,2,1,0,0,0,21,0,1,0,0,0,0,0,0,31,178,3,0,0,0,0,216,0,0,0,0,0,0,22,
12,5589,מודיעיןמכביםרעות,1200,47,105,0,580,466,1,465,44,2,1,1,0,0,56,0,0,0,0,0,0,0,0,10,107,0,0,0,3,0,239,0,0,0,0,0,0,2,
12,5590,מודיעיןמכביםרעות,1200,48,23,0,764,579,0,579,45,2,2,0,0,0,48,1,0,0,0,0,0,0,0,39,145,1,0,0,2,0,287,0,0,0,0,0,0,7,
12,5591,מודיעיןמכביםרעות,1200,49,14,0,651,494,1,493,40,11,0,0,0,0,24,0,0,0,0,0,0,0,0,19,148,0,0,0,1,0,240,0,0,0,0,0,0,10,
12,5592,מודיעיןמכביםרעות,1200,50,21,0,762,601,1,600,49,3,2,2,0,0,64,1,0,0,0,0,0,0,0,18,197,0,0,0,2,0,256,0,0,0,0,0,0,6,
12,5593,מודיעיןמכביםרעות,1200,51,22,0,616,505,2,503,41,4,2,1,0,0,64,0,0,0,0,0,0,0,0,23,153,0,1,0,0,0,205,0,0,0,0,0,0,9,
12,5594,מודיעיןמכביםרעות,1200,52,1,0,577,402,2,400,36,3,1,0,0,0,18,0,0,0,0,0,0,0,0,38,119,0,0,0,0,0,175,0,0,0,0,0,0,10,
12,5595,מודיעיןמכביםרעות,1200,53,5,0,533,415,0,415,21,6,2,0,0,0,135,0,0,0,0,0,0,0,0,19,124,2,0,0,5,0,79,0,0,0,0,0,0,22,
12,5596,מודיעיןמכביםרעות,1200,54,107,0,668,539,1,538,45,7,1,0,0,0,112,0,0,0,0,0,0,0,0,21,157,2,0,0,2,0,182,0,0,0,0,0,0,9,
12,5597,מודיעיןמכביםרעות,1200,55,108,0,661,532,2,530,38,5,0,0,1,0,61,0,0,0,0,0,0,0,0,22,158,0,0,0,4,0,237,0,0,0,0,0,0,4,
12,5598,מודיעיןמכביםרעות,1200,56.1,11,0,623,434,3,431,66,4,3,1,0,0,37,0,0,0,0,0,0,0,0,15,100,0,0,0,0,1,199,0,0,0,0,0,0,5,
12,5599,מודיעיןמכביםרעות,1200,56.2,11,0,623,476,3,473,68,1,4,0,0,0,30,0,0,0,0,0,0,0,0,14,110,0,0,0,1,0,235,1,1,0,0,0,0,8,
12,5600,מודיעיןמכביםרעות,1200,56.3,11,0,622,445,2,443,60,4,1,0,0,0,23,0,0,0,0,0,0,0,0,18,85,1,0,0,2,0,246,0,0,0,0,0,0,3,
12,5601,מודיעיןמכביםרעות,1200,57,14,0,602,453,0,453,25,2,2,0,0,0,34,0,0,0,0,0,0,1,0,15,105,0,0,0,1,0,246,0,0,0,0,0,0,22,
12,5602,מודיעיןמכביםרעות,1200,58,12,0,638,492,0,492,39,1,4,0,0,0,14,0,0,0,0,0,0,0,0,18,184,0,0,0,1,0,216,0,0,0,0,0,0,15,
12,5603,מודיעיןמכביםרעות,1200,59,7,0,624,464,1,463,34,4,3,0,0,0,24,0,1,0,0,0,0,0,0,21,158,1,0,0,1,0,192,1,0,0,0,0,0,23,
12,5604,מודיעיןמכביםרעות,1200,60,107,0,783,626,1,625,52,5,0,1,0,0,82,0,0,0,1,0,0,0,0,15,222,0,0,0,0,0,238,0,0,0,0,0,0,9,
12,5605,מודיעיןמכביםרעות,1200,61,18,0,580,457,2,455,24,5,0,0,0,0,117,0,0,0,0,0,0,0,0,5,134,1,0,0,2,0,164,0,0,0,0,0,0,3,
12,5606,מודיעיןמכביםרעות,1200,62,106,0,671,542,1,541,24,0,0,0,0,0,107,0,0,0,0,0,0,0,0,13,206,0,0,0,0,0,185,0,0,0,0,0,0,6,
12,5607,מודיעיןמכביםרעות,1200,64,19,0,570,452,4,448,27,3,1,0,0,0,27,0,0,0,0,0,0,0,0,19,167,0,0,0,0,0,189,0,0,0,0,1,0,14,
12,5608,מודיעיןמכביםרעות,1200,65,12,0,733,598,2,596,44,0,1,0,0,0,25,0,0,0,0,0,0,0,0,27,225,1,0,0,0,0,260,0,0,0,0,0,0,13,
12,5609,מודיעיןמכביםרעות,1200,66,19,0,672,544,1,543,36,2,0,1,0,0,23,0,0,0,0,0,0,0,0,23,199,0,0,0,1,0,234,1,0,0,0,0,0,23,
12,5610,מודיעיןמכביםרעות,1200,67,12,0,695,567,2,565,55,4,1,1,0,0,25,0,0,0,1,2,0,0,0,45,174,0,0,0,0,0,244,0,0,0,0,0,0,13,
12,5611,מודיעיןמכביםרעות,1200,68,105,0,580,444,2,442,30,5,1,0,0,0,61,0,0,0,0,0,0,1,0,6,145,0,0,0,1,0,187,0,0,0,0,0,0,5,
12,5612,מודיעיןמכביםרעות,1200,69,21,0,536,434,1,433,31,4,0,0,0,0,60,0,0,0,0,0,0,0,0,21,142,1,0,0,3,0,167,0,0,0,0,0,1,3,
12,5613,מודיעיןמכביםרעות,1200,71,25,0,538,451,3,448,27,1,0,0,0,0,58,0,0,0,0,0,0,0,0,11,165,1,0,0,2,0,171,0,0,0,0,0,0,12,
12,5614,מודיעיןמכביםרעות,1200,72,20,0,670,532,1,531,31,1,2,1,0,0,35,0,0,0,0,0,0,0,0,23,181,0,0,0,0,0,232,0,0,0,0,0,0,25,
12,5615,מודיעיןמכביםרעות,1200,73,19,0,707,560,0,560,24,2,0,1,0,0,27,0,0,0,0,0,0,0,1,34,178,1,0,0,0,0,282,0,0,0,0,0,0,10,
12,5616,מודיעיןמכביםרעות,1200,74,108,0,684,567,0,567,43,3,2,1,0,0,35,0,0,0,0,0,0,1,0,16,194,0,0,0,0,0,260,0,0,0,0,0,0,12,
12,5617,מודיעיןמכביםרעות,1200,75,14,0,564,418,2,416,32,2,0,0,0,0,29,0,0,0,0,0,0,0,0,20,150,1,0,0,1,0,162,0,0,0,0,1,0,18,
12,5618,מודיעיןמכביםרעות,1200,77,18,0,701,567,2,565,25,4,0,1,0,0,84,0,0,0,0,1,0,0,0,12,188,1,0,0,1,0,228,0,0,0,0,0,0,20,
12,5619,מודיעיןמכביםרעות,1200,78,19,0,757,567,3,564,35,2,0,0,0,0,22,0,0,0,0,0,0,0,0,25,197,0,0,0,3,0,262,0,0,0,0,0,0,18,
12,5620,מודיעיןמכביםרעות,1200,79,6,0,607,449,1,448,39,7,2,0,0,0,95,0,0,0,0,0,0,0,0,23,115,0,0,0,3,0,159,1,0,0,0,0,0,4,
12,5621,מודיעיןמכביםרעות,1200,80,20,0,594,486,6,480,13,3,0,1,0,0,44,0,0,0,0,0,0,0,1,14,196,0,1,0,3,0,170,0,0,0,0,0,0,34,
12,5622,מודיעיןמכביםרעות,1200,81,3,0,538,372,2,370,35,3,0,0,0,0,15,0,0,0,0,0,0,0,0,30,125,0,0,0,1,0,139,0,0,0,0,0,0,22,
12,5623,מודיעיןמכביםרעות,1200,82,105,0,563,409,0,409,21,3,1,0,0,0,85,0,0,0,0,0,0,0,0,19,118,0,0,0,0,0,159,0,0,0,0,0,0,3,
12,5624,מודיעיןמכביםרעות,1200,83,25,0,591,485,2,483,22,1,0,0,0,0,56,0,0,0,0,0,0,0,0,15,193,1,0,0,3,0,181,0,0,0,0,0,0,11,
12,5625,מודיעיןמכביםרעות,1200,84,25,0,517,444,5,439,23,1,2,0,0,0,49,0,0,0,0,0,0,0,0,20,149,1,0,0,0,0,185,0,0,0,0,0,0,9,
12,5626,מודיעיןמכביםרעות,1200,90,108,0,630,505,2,503,35,0,0,0,0,0,89,0,0,0,0,0,0,0,0,13,151,1,0,0,1,0,212,0,0,0,0,0,0,1,
12,5627,מודיעיןמכביםרעות,1200,91,106,0,556,427,0,427,18,2,2,0,0,0,105,0,0,0,0,0,0,0,0,7,131,1,0,0,2,0,151,0,0,0,0,0,0,8,
12,5628,מודיעיןמכביםרעות,1200,92,21,0,542,434,1,433,24,0,0,0,0,0,50,0,0,0,0,0,0,0,1,16,136,0,0,0,0,0,192,0,0,0,1,0,0,13,
12,5629,מודיעיןמכביםרעות,1200,103,103,0,552,406,0,406,40,0,3,0,0,0,17,0,0,0,0,0,0,0,0,7,88,0,0,0,0,0,246,0,0,0,0,0,0,5,
12,5630,מודיעיןמכביםרעות,1200,104,103,0,425,329,0,329,36,4,1,0,0,0,12,0,0,0,0,0,0,0,0,4,64,0,0,0,0,0,208,0,0,0,0,0,0,0,
12,5631,מודיעיןמכביםרעות,1200,105,103,0,544,420,0,420,43,0,0,0,0,0,6,0,0,0,0,0,0,0,0,8,47,0,0,0,1,0,313,0,0,0,0,0,0,2,
12,5632,מודיעיןמכביםרעות,1200,106,102,0,649,468,1,467,48,0,2,1,0,0,22,0,0,0,0,0,0,0,0,7,85,0,0,0,1,0,301,0,0,0,0,0,0,0,
12,5633,מודיעיןמכביםרעות,1200,107,102,0,472,364,1,363,39,1,1,1,0,0,13,0,0,0,0,0,0,0,0,9,73,0,0,0,1,0,224,0,0,0,0,0,0,1,
12,5634,מודיעיןמכביםרעות,1200,109,24,0,597,449,0,449,45,1,0,0,0,0,15,0,0,0,0,0,0,0,0,11,70,0,0,0,0,0,306,0,0,0,0,0,0,1,
12,5635,מודיעיןמכביםרעות,1200,110,103,0,443,342,0,342,45,0,0,2,0,0,7,0,0,0,0,0,0,0,0,7,62,0,0,0,0,0,218,0,0,0,0,0,0,1,
12,5636,מודיעיןמכביםרעות,1200,111,103,0,463,369,0,369,34,0,1,1,0,0,17,0,0,0,0,0,0,0,0,11,35,2,0,0,0,0,267,0,0,0,0,0,0,1,
12,5637,מודיעיןמכביםרעות,1200,112,102,0,453,343,1,342,41,2,0,0,0,0,13,0,0,0,0,0,0,0,0,9,66,0,0,0,0,0,211,0,0,0,0,0,0,0,
12,5638,מודיעיןמכביםרעות,1200,113.1,104,0,565,426,0,426,75,3,1,0,0,0,13,0,0,0,0,0,0,0,1,11,53,0,0,0,1,0,267,0,0,0,0,0,0,1,
12,5639,מודיעיןמכביםרעות,1200,113.2,104,0,565,433,0,433,43,0,2,0,0,0,6,0,0,0,0,0,0,0,0,5,48,0,0,0,0,0,328,1,0,0,0,0,0,0,
12,5640,מודיעיןמכביםרעות,1200,113.3,104,0,565,420,1,419,66,0,2,1,0,0,5,0,0,0,0,0,0,0,0,10,36,0,0,0,0,0,299,0,0,0,0,0,0,0,
12,5641,מודיעיןמכביםרעות,1200,113.4,104,0,564,403,0,403,47,0,3,0,0,0,7,0,0,0,0,0,0,0,0,10,38,0,0,0,1,0,296,0,0,0,0,0,0,1,
12,5642,מודיעיןמכביםרעות,1200,114,24,0,475,336,1,335,35,1,2,0,0,0,22,0,0,0,0,0,0,0,0,4,83,1,0,0,1,0,184,0,0,0,0,0,0,2,
13,6329,מחנה הילה,1411,1,1,0,127,99,0,99,5,0,0,1,0,0,12,0,0,0,0,0,0,0,0,1,13,0,0,0,0,0,67,0,0,0,0,0,0,0,
18,9865,מחנה יוכבד,1416,1,1,0,114,74,0,74,2,0,0,0,0,0,3,0,0,0,0,0,0,0,0,2,13,1,0,0,0,0,51,0,0,0,0,0,0,2,
13,6481,מחנה תל נוף,1412,1,1,0,187,141,1,140,9,0,0,0,0,0,8,0,0,0,0,0,0,0,0,4,44,0,0,0,0,0,73,0,0,0,0,0,0,2,
2,942,מחסיה,776,1,1,0,318,261,0,261,5,9,0,0,0,0,8,0,0,0,0,0,0,0,0,1,158,0,0,0,4,0,24,0,0,0,0,0,0,52,
18,9405,מסלול,748,1,1,0,498,372,1,371,18,5,0,1,0,0,22,0,0,0,0,0,0,0,0,10,180,0,0,0,4,0,104,0,0,0,0,0,0,27,
2,1111,מצפה שלם,3610,1,1,0,251,187,1,186,29,1,0,0,0,0,41,0,0,0,0,0,0,0,0,4,39,0,0,0,1,0,71,0,0,0,0,0,0,0,
18,9866,נאות סמדר,1197,1,1,0,260,150,1,149,28,0,1,0,0,0,1,0,0,0,0,0,0,0,0,1,16,0,0,0,0,0,101,0,0,0,0,0,0,1,
17,9184,נגבה,315,1,1,0,696,478,1,477,128,0,1,0,0,0,4,0,0,0,0,0,0,0,0,21,38,1,0,0,0,0,283,1,0,0,0,0,0,0,
2,945,נווה שלום,1259,1,1,0,225,171,0,171,46,0,117,0,0,0,0,0,0,0,0,0,0,0,0,0,0,0,0,0,0,0,8,0,0,0,0,0,0,0,
5,1941,נוף הגליל,1061,1,72,0,775,552,9,543,5,0,497,0,0,0,0,0,0,0,0,0,0,0,0,3,16,0,0,0,1,0,19,0,0,0,0,0,1,1,
5,1942,נוף הגליל,1061,2,24,0,673,295,3,292,8,9,121,0,0,0,2,0,0,0,0,0,0,0,0,26,64,0,0,0,1,0,26,0,0,0,0,0,0,35,
5,1943,נוף הגליל,1061,3,61,0,765,465,5,460,11,8,308,0,0,0,2,0,0,0,0,0,0,0,1,36,63,0,0,0,2,0,26,0,0,0,0,0,0,3,
5,1944,נוף הגליל,1061,4,15,0,578,304,4,300,5,8,22,0,0,0,3,0,0,0,0,0,0,0,1,97,121,0,0,0,3,1,23,0,0,0,1,1,1,13,
5,1945,נוף הגליל,1061,5,77,0,632,391,8,383,6,0,321,0,0,0,0,0,0,5,0,0,0,1,0,3,20,1,0,0,0,0,26,0,0,0,0,0,0,0,
5,1946,נוף הגליל,1061,6,29,0,513,313,0,313,12,8,96,0,0,0,4,0,0,0,0,0,0,0,0,41,89,0,0,0,1,0,48,0,0,0,0,0,0,14,
5,1947,נוף הגליל,1061,8,24,0,687,262,1,261,74,3,54,0,0,0,7,0,0,0,0,0,0,0,0,26,61,0,0,0,0,0,32,0,0,0,0,0,0,4,
5,1948,נוף הגליל,1061,10,38,0,682,369,2,367,7,6,158,0,1,0,2,0,0,0,0,0,0,0,0,47,93,0,0,0,0,0,42,0,0,0,0,0,1,10,
5,1949,נוף הגליל,1061,11,38,0,602,363,8,355,17,12,121,0,0,0,6,0,0,1,0,0,0,0,0,34,120,0,0,0,1,0,27,0,1,0,0,0,0,15,
5,1950,נוף הגליל,1061,13,15,0,654,319,5,314,6,15,59,0,0,0,9,0,0,0,0,0,0,0,1,67,111,0,0,0,0,0,41,0,0,0,0,0,0,5,
5,1951,נוף הגליל,1061,14,24,0,700,282,4,278,1,3,32,1,0,0,3,0,0,0,0,0,0,0,0,90,115,0,0,0,0,0,30,0,0,0,0,0,0,3,
5,1952,נוף הגליל,1061,15,14,0,481,274,2,272,6,2,57,0,0,0,4,0,0,1,0,0,0,0,0,61,91,0,0,0,2,0,46,0,0,0,0,0,1,1,
5,1953,נוף הגליל,1061,16,15,0,712,361,6,355,9,7,10,1,0,0,2,0,0,0,0,1,0,0,0,146,143,0,1,0,1,0,28,1,0,2,0,0,0,3,
5,1954,נוף הגליל,1061,17.1,2,0,674,383,5,378,8,17,122,1,0,0,9,0,0,0,0,0,0,0,0,61,94,0,0,0,1,1,42,0,0,0,0,0,0,22,
5,1955,נוף הגליל,1061,17.2,2,0,674,401,8,393,10,7,175,0,0,0,7,0,0,1,0,0,0,0,0,33,90,0,0,0,0,0,56,1,0,0,0,0,0,13,
5,1956,נוף הגליל,1061,17.3,2,0,672,358,5,353,10,2,137,0,0,0,6,0,0,0,0,0,0,0,0,68,86,0,0,0,0,0,36,0,0,1,0,0,1,6,
5,1957,נוף הגליל,1061,18,18,0,546,224,2,222,4,2,11,0,0,0,5,0,0,0,0,0,0,0,0,60,116,0,0,0,4,0,15,0,0,2,1,0,0,2,
5,1958,נוף הגליל,1061,19,14,0,557,401,19,382,12,37,15,1,0,0,20,0,0,0,0,0,1,0,0,33,148,0,0,0,7,0,88,1,0,0,0,0,0,19,
5,1959,נוף הגליל,1061,20,19,0,502,285,2,283,6,5,42,1,0,0,6,1,0,0,0,0,0,0,0,47,139,0,0,0,2,0,27,0,0,0,0,0,0,7,
5,1960,נוף הגליל,1061,21,32,0,550,268,6,262,5,3,45,0,0,0,11,0,0,0,0,0,0,0,0,61,95,0,0,0,2,0,36,0,0,0,0,0,1,3,
5,1961,נוף הגליל,1061,22,19,0,552,236,3,233,4,1,35,2,0,0,1,1,0,0,0,0,0,0,1,71,79,1,0,0,0,0,30,0,0,1,0,0,1,5,
5,1962,נוף הגליל,1061,23,22,0,601,308,4,304,7,4,33,0,0,0,2,0,0,0,0,1,0,0,0,113,117,0,0,0,0,1,23,0,0,1,0,0,0,2,
5,1963,נוף הגליל,1061,24,32,0,649,326,7,319,3,15,54,0,0,0,1,1,0,0,1,0,0,0,0,79,107,1,0,0,5,0,45,0,0,1,0,0,1,5,
5,1964,נוף הגליל,1061,25,23,0,695,375,1,374,6,1,120,0,0,0,7,0,0,0,0,0,0,0,0,60,122,0,0,0,0,1,44,0,0,1,0,0,0,12,
5,1965,נוף הגליל,1061,26,19,0,539,264,4,260,12,0,34,0,0,0,4,0,0,0,0,0,0,0,0,66,89,0,0,0,4,1,46,0,0,1,0,0,0,3,
5,1966,נוף הגליל,1061,27,27,0,605,305,2,303,8,4,47,0,0,0,3,0,0,0,0,0,0,0,0,93,111,0,0,1,0,0,30,0,0,0,0,0,0,6,
5,1967,נוף הגליל,1061,28,1,0,706,341,4,337,11,2,23,0,0,0,7,0,1,0,0,0,0,0,2,92,150,0,0,0,1,0,41,0,0,0,0,2,1,4,
5,1968,נוף הגליל,1061,29,25,0,596,254,5,249,5,1,22,0,0,0,1,1,0,0,0,0,0,0,0,58,132,0,0,0,0,0,18,0,0,0,1,0,0,10,
5,1969,נוף הגליל,1061,30,1,0,463,285,3,282,5,2,42,0,0,0,3,0,0,0,0,0,1,0,0,56,107,0,0,0,0,0,58,0,0,0,0,0,0,8,
5,1970,נוף הגליל,1061,31,63,0,387,209,4,205,4,2,17,0,0,0,4,0,0,0,0,0,0,0,0,54,86,0,0,0,0,0,32,1,0,0,0,0,0,5,
5,1971,נוף הגליל,1061,32,1,0,632,296,3,293,3,1,14,0,0,0,3,0,1,0,0,0,0,0,1,119,120,1,0,0,0,0,18,1,0,0,0,0,1,10,
5,1972,נוף הגליל,1061,33,14,0,540,272,2,270,8,7,49,0,0,0,15,0,0,0,0,0,0,0,0,42,104,0,0,1,0,0,39,0,0,0,0,0,0,5,
5,1973,נוף הגליל,1061,34,62,0,416,205,7,198,3,1,23,0,0,0,3,0,0,0,0,0,0,1,0,42,105,0,0,0,0,0,14,0,0,0,0,0,0,6,
5,1974,נוף הגליל,1061,35,33,0,385,290,1,289,7,4,196,1,0,0,3,0,0,0,0,0,0,0,0,1,34,0,0,0,2,0,37,0,1,0,0,0,1,2,
5,1975,נוף הגליל,1061,36,67,0,767,485,7,478,8,0,145,0,0,0,5,0,0,0,0,0,0,0,1,108,172,0,0,0,0,0,36,0,0,0,0,0,1,2,
5,1976,נוף הגליל,1061,37,3,0,684,404,6,398,14,0,33,0,0,0,3,0,0,0,0,0,0,0,0,134,175,0,0,0,1,0,31,0,0,0,0,1,0,6,
5,1977,נוף הגליל,1061,38,9,0,588,319,0,319,7,4,29,1,0,0,3,0,0,0,0,0,0,0,0,95,146,0,0,0,0,0,33,0,0,0,0,0,0,1,
5,1978,נוף הגליל,1061,39,33,0,599,418,2,416,11,1,172,0,0,0,10,0,0,0,0,0,0,0,0,29,128,0,0,0,0,0,60,0,0,1,0,0,0,4,
5,1979,נוף הגליל,1061,40,9,0,711,444,3,441,5,5,27,6,0,0,3,0,0,0,1,0,0,0,0,168,171,0,0,0,2,0,48,0,0,1,0,0,2,2,
5,1980,נוף הגליל,1061,41,76,0,530,336,1,335,12,8,34,0,0,0,2,0,0,0,0,0,0,0,0,42,158,0,0,0,0,1,73,0,1,0,0,1,0,3,
5,1981,נוף הגליל,1061,42,10,0,602,421,4,417,6,4,49,2,0,0,8,1,0,0,0,0,1,0,0,62,189,0,0,0,3,0,82,0,0,1,0,0,0,9,
5,1982,נוף הגליל,1061,43,40,0,615,320,6,314,17,9,12,0,0,0,16,0,0,0,0,0,0,0,0,44,156,1,0,0,1,0,42,1,0,0,0,1,1,13,
5,1983,נוף הגליל,1061,44,76,0,680,385,4,381,4,6,16,1,0,0,16,0,0,0,0,0,0,0,0,46,192,0,0,0,5,0,63,0,0,0,0,0,0,32,
5,1984,נוף הגליל,1061,45,76,0,504,264,4,260,4,11,16,0,0,0,8,0,0,0,0,0,0,1,0,37,109,0,0,0,11,0,45,0,0,0,0,0,1,17,
5,1985,נוף הגליל,1061,46,76,0,597,327,2,325,5,6,29,0,0,0,8,0,0,0,0,0,0,0,1,35,151,0,0,0,2,0,83,0,0,0,0,0,0,5,
5,1986,נוף הגליל,1061,47,76,0,473,352,0,352,13,6,144,1,0,0,1,0,0,0,0,0,0,0,0,9,93,0,0,0,1,0,78,0,0,0,0,0,0,6,
5,1987,נוף הגליל,1061,48,22,0,424,192,4,188,3,2,25,0,0,0,1,0,1,0,0,0,0,0,0,44,84,0,0,0,3,0,24,0,0,1,0,0,0,0,
5,1988,נוף הגליל,1061,49,1,0,483,294,5,289,3,4,30,1,0,0,1,0,0,0,0,0,0,0,0,62,135,0,0,0,1,0,46,0,0,0,0,0,0,6,
5,1989,נוף הגליל,1061,50,12,0,548,367,6,361,8,0,85,0,0,0,5,0,0,0,0,0,0,0,0,82,141,0,0,0,1,0,37,0,0,1,0,0,0,1,
5,1990,נוף הגליל,1061,51,12,0,737,392,6,386,7,3,63,0,0,0,6,0,0,0,0,0,0,0,0,97,151,0,0,0,0,0,50,0,0,1,0,0,0,8,
5,1991,נוף הגליל,1061,52,75,0,724,363,7,356,5,8,58,1,0,0,8,0,0,2,0,0,0,0,0,105,133,0,0,0,2,0,27,0,0,2,0,0,0,5,
5,1992,נוף הגליל,1061,55,52,0,656,427,5,422,8,1,102,0,0,0,7,0,0,0,0,0,0,0,0,82,146,0,0,0,1,0,74,0,0,0,0,0,0,1,
5,1993,נוף הגליל,1061,56,51,0,594,369,4,365,5,3,163,0,0,0,12,0,0,0,0,0,0,0,1,47,97,0,0,0,3,0,29,0,0,1,0,0,0,4,
5,1994,נוף הגליל,1061,57,52,0,644,354,6,348,2,1,38,1,0,0,4,1,0,0,0,0,0,0,0,137,133,0,0,0,1,0,23,0,0,3,0,1,0,3,
5,1995,נוף הגליל,1061,58,42,0,669,391,5,386,7,1,127,2,0,0,8,0,0,0,0,0,0,0,1,103,114,0,0,0,1,0,19,0,0,1,0,0,0,2,
5,1996,נוף הגליל,1061,59,25,0,406,227,5,222,3,0,41,0,0,0,1,0,0,0,0,0,0,0,0,42,106,1,0,0,1,0,21,0,0,0,0,0,0,6,
5,1997,נוף הגליל,1061,60,69,0,482,359,7,352,0,252,0,0,0,0,9,0,0,0,0,0,0,0,0,0,4,0,0,0,6,0,0,0,0,0,0,0,0,81,
5,1998,נוף הגליל,1061,70,54,0,612,360,0,360,9,5,85,1,0,0,7,0,0,0,0,0,0,0,0,81,107,0,1,0,0,1,62,0,0,1,0,0,0,0,
5,1999,נוף הגליל,1061,71,74,0,705,448,2,446,13,1,114,1,0,0,0,1,0,0,0,0,0,0,1,137,127,0,1,0,1,0,46,0,0,0,0,0,2,1,
5,2000,נוף הגליל,1061,72,53,0,724,453,4,449,8,1,147,0,0,0,4,0,0,0,0,0,0,0,1,111,127,1,1,0,0,0,47,0,0,0,0,0,0,1,
5,2001,נוף הגליל,1061,73,54,0,722,399,2,397,8,2,67,1,0,0,3,0,0,0,0,0,0,0,0,136,124,0,0,0,0,0,51,0,0,0,0,0,1,4,
5,2002,נוף הגליל,1061,74,60,0,667,395,9,386,7,2,119,1,0,0,3,0,0,1,0,0,0,1,0,102,110,0,0,0,0,0,39,0,0,0,0,0,0,1,
5,2003,נוף הגליל,1061,75,54,0,670,374,4,370,10,0,71,0,0,0,5,0,0,0,0,0,0,0,0,109,137,1,0,0,0,0,35,0,0,0,0,0,0,2,
5,2004,נוף הגליל,1061,76,60,0,666,466,3,463,5,3,189,0,0,0,7,0,0,0,0,0,0,0,0,83,110,0,0,0,0,0,63,0,1,0,0,0,0,2,
5,2005,נוף הגליל,1061,951,53,0,701,492,3,489,7,2,131,0,0,0,5,0,0,0,0,0,0,0,0,100,184,0,0,0,0,0,58,0,0,0,0,0,0,2,
2,720,נחליאל,3767,1,2,0,332,252,0,252,2,63,2,0,0,0,62,0,0,0,0,0,0,0,0,0,49,0,0,0,16,0,0,0,0,0,0,0,0,58,
10,4538,נעורים,186,1,1,0,174,73,0,73,5,0,0,1,0,0,1,0,0,0,0,0,0,0,0,10,16,0,0,0,0,0,39,0,0,0,0,0,0,1,
8,3352,נשר,2500,1,8,0,560,358,4,354,21,0,3,0,0,0,3,0,0,0,0,0,0,0,0,42,114,0,0,0,1,0,153,0,0,0,0,0,0,17,
8,3353,נשר,2500,2,8,0,545,348,2,346,31,0,0,0,0,0,9,0,0,0,0,0,0,0,0,35,109,0,0,0,4,0,151,0,0,0,0,0,0,7,
8,3354,נשר,2500,3,5,0,593,373,2,371,13,3,2,0,0,0,10,0,0,0,0,0,0,0,0,39,179,0,0,0,0,0,75,0,1,0,0,0,0,49,
8,3355,נשר,2500,4,8,0,513,274,1,273,6,3,1,1,0,0,5,0,0,0,0,1,0,0,0,79,84,1,1,0,2,0,81,1,0,0,0,0,0,7,
8,3356,נשר,2500,5,6,0,403,200,0,200,0,2,1,0,0,0,1,0,0,0,0,0,0,0,1,47,109,0,0,0,1,0,10,0,0,0,0,0,2,26,
8,3357,נשר,2500,6,6,0,651,434,2,432,8,3,0,0,0,0,4,0,1,0,0,0,0,0,0,64,222,0,0,0,0,0,62,0,0,0,0,1,0,67,
8,3358,נשר,2500,7,3,0,659,410,2,408,11,16,1,0,0,0,2,0,0,0,0,0,0,0,0,66,185,0,0,0,1,0,62,0,0,0,0,0,0,64,
8,3359,נשר,2500,8,27,0,683,355,4,351,8,3,4,2,0,0,8,0,0,0,0,0,0,0,0,50,164,0,0,0,0,0,72,0,0,0,0,0,0,40,
8,3360,נשר,2500,9,27,0,602,303,1,302,8,5,2,0,0,0,6,0,0,0,0,0,0,0,0,55,127,0,0,0,1,0,57,0,0,0,0,0,0,41,
8,3361,נשר,2500,10,1,0,522,243,1,242,8,0,1,1,0,0,7,0,0,0,0,0,0,0,0,65,102,0,0,0,1,0,46,0,0,0,0,0,0,11,
8,3362,נשר,2500,11,21,0,547,294,5,289,12,7,8,0,0,0,5,0,0,0,0,0,0,0,0,80,103,0,0,0,0,0,69,0,0,1,0,0,0,4,
8,3363,נשר,2500,12,1,1,363,184,1,183,9,1,2,1,0,0,7,0,0,0,0,0,0,0,0,46,72,1,0,0,2,0,31,0,0,0,0,0,0,11,
8,3364,נשר,2500,13,11,0,465,234,5,229,12,0,1,0,0,0,9,0,0,0,0,0,0,0,0,51,78,0,0,0,0,0,75,0,0,0,0,0,0,3,
8,3365,נשר,2500,14,22,0,494,263,2,261,20,4,9,0,0,0,5,0,0,0,0,0,0,0,0,19,108,1,0,0,0,0,84,0,0,0,0,0,0,11,
8,3366,נשר,2500,16,8,0,621,379,7,372,14,3,0,1,0,0,16,0,0,0,0,0,0,0,0,76,167,0,0,0,0,0,81,0,0,0,0,0,0,14,
8,3367,נשר,2500,17,15,0,553,419,0,419,17,2,3,0,0,0,8,0,0,0,0,0,0,1,0,63,129,0,0,0,1,0,188,0,0,0,0,0,0,7,
8,3368,נשר,2500,19,25,0,690,454,5,449,9,1,0,0,0,0,12,0,0,0,0,0,0,0,0,63,217,0,0,0,1,0,126,0,0,0,0,0,0,20,
8,3369,נשר,2500,20,13,0,541,364,1,363,9,1,0,0,0,0,4,0,0,0,0,0,0,0,0,43,162,0,0,0,1,0,126,0,0,0,0,0,0,17,
8,3370,נשר,2500,21,4,0,639,403,3,400,20,1,0,0,0,0,4,0,0,0,0,0,0,0,0,117,157,0,0,0,0,0,95,0,0,0,0,0,0,6,
8,3371,נשר,2500,22,25,0,621,445,3,442,14,3,4,0,0,0,14,0,0,0,0,0,0,0,0,43,230,0,0,0,1,0,112,0,0,0,0,0,0,21,
8,3372,נשר,2500,23,13,0,679,457,2,455,27,3,0,0,0,0,8,0,0,0,0,0,0,0,0,47,177,0,0,0,0,0,171,0,0,0,0,0,0,22,
8,3373,נשר,2500,24,14,0,511,249,0,249,18,0,12,2,0,0,5,0,0,0,0,1,0,0,0,40,72,1,0,0,0,0,96,0,0,0,0,0,0,2,
8,3374,נשר,2500,25,15,0,564,373,1,372,17,3,2,0,0,0,2,0,0,0,0,0,0,0,0,88,149,0,0,0,1,0,105,0,0,0,0,0,0,5,
8,3375,נשר,2500,26,15,0,628,446,2,444,21,1,1,0,0,0,9,0,0,0,0,0,0,0,0,58,152,0,0,0,1,0,196,0,0,0,0,0,1,4,
8,3376,נשר,2500,27,13,0,613,442,2,440,11,5,0,0,0,0,24,0,0,0,0,0,0,0,0,30,175,0,0,0,0,0,180,0,0,0,0,0,0,15,
8,3377,נשר,2500,28,18,0,750,517,2,515,20,2,0,0,0,0,9,0,0,0,0,0,0,0,0,101,237,0,0,0,2,0,137,0,2,0,0,0,0,5,
8,3378,נשר,2500,29,15,0,595,459,1,458,17,0,1,2,0,0,4,0,0,0,0,0,0,0,0,39,188,0,0,0,3,0,185,0,0,0,0,0,0,19,
8,3379,נשר,2500,30,15,0,536,387,2,385,20,1,1,1,0,0,12,0,0,0,0,0,0,0,0,46,146,1,0,0,0,0,147,0,0,0,0,0,0,10,
8,3380,נשר,2500,31,15,0,492,339,2,337,20,1,0,1,0,0,16,0,0,0,0,0,0,0,0,32,99,0,0,0,0,0,160,0,0,0,0,0,0,8,
8,3381,נשר,2500,32,26,0,461,326,7,319,2,5,0,0,0,0,0,0,0,0,0,0,0,0,0,190,87,2,0,0,0,0,27,1,0,1,0,0,0,4,
8,3382,נשר,2500,33,15,0,616,422,0,422,16,1,1,1,0,0,12,0,0,0,0,0,0,0,0,58,157,0,0,0,1,0,166,0,0,0,0,0,1,8,
8,3383,נשר,2500,34,13,0,675,376,6,370,12,0,2,0,0,0,12,0,0,0,0,0,0,0,0,64,165,0,0,0,1,0,93,0,0,0,0,0,0,21,
8,3384,נשר,2500,35,9,0,380,308,1,307,15,0,1,0,0,0,6,0,0,0,0,0,0,0,0,16,79,0,0,0,0,0,190,0,0,0,0,0,0,0,
8,3385,נשר,2500,36,9,0,397,307,0,307,13,0,2,0,0,0,5,0,0,0,0,0,0,0,1,19,55,0,0,0,0,0,212,0,0,0,0,0,0,0,
8,3386,נשר,2500,37,15,0,632,516,3,513,20,2,1,0,0,0,11,0,0,0,0,0,0,0,0,64,196,0,0,0,0,0,213,0,0,0,0,0,0,6,
18,9410,נתיבות,246,1,4,0,690,478,0,478,4,34,0,0,0,0,8,0,0,0,0,0,0,0,0,46,183,1,0,0,6,0,8,0,1,0,0,0,1,186,
18,9411,נתיבות,246,2,1,0,588,467,2,465,8,40,1,0,0,0,18,0,0,0,0,0,0,0,0,11,206,0,0,0,6,0,17,0,0,0,1,0,0,157,
18,9412,נתיבות,246,3,19,0,575,415,4,411,1,26,0,0,0,0,20,0,0,0,0,0,0,0,1,23,215,0,0,0,4,0,11,0,0,0,0,0,0,110,
18,9413,נתיבות,246,4,4,0,552,364,6,358,3,11,0,1,0,0,13,0,0,0,0,0,0,0,0,33,135,0,0,0,2,0,25,0,0,0,0,0,0,135,
18,9414,נתיבות,246,5,1,0,584,416,4,412,2,25,0,0,0,0,15,0,0,0,0,0,0,0,0,34,165,0,0,0,3,0,16,0,0,0,0,0,0,152,
18,9415,נתיבות,246,6,1,0,654,430,3,427,1,26,0,0,0,0,15,0,0,0,0,0,0,0,0,29,174,0,0,1,2,0,13,0,1,0,0,0,0,165,
18,9416,נתיבות,246,7,19,0,456,334,0,334,5,9,0,1,0,0,10,0,0,0,0,0,0,0,0,3,154,0,0,0,1,0,7,0,0,0,0,0,0,144,
18,9417,נתיבות,246,8,13,0,400,332,3,329,3,50,0,0,0,0,9,0,0,0,0,0,0,0,0,0,81,0,0,0,3,0,3,0,0,0,0,0,0,180,
18,9418,נתיבות,246,9,3,0,696,590,1,589,2,225,0,0,0,0,5,0,0,0,0,0,0,0,0,2,25,0,0,0,2,0,3,0,0,0,0,0,0,325,
18,9419,נתיבות,246,10,18,0,369,275,1,274,5,9,0,0,0,0,22,0,0,0,0,0,0,0,0,11,158,0,0,0,1,0,16,0,0,0,0,0,0,52,
18,9420,נתיבות,246,11,22,0,424,245,3,242,6,3,0,0,0,0,10,0,0,0,0,0,0,0,0,29,113,0,0,0,5,0,17,0,1,0,0,0,1,57,
18,9421,נתיבות,246,12,10,0,770,551,4,547,2,14,0,0,0,0,35,0,0,0,0,0,0,0,0,42,270,1,0,0,3,0,28,0,0,0,0,0,0,152,
18,9422,נתיבות,246,13,10,0,666,461,2,459,6,4,0,0,0,0,15,0,0,0,0,0,0,0,0,72,259,0,0,0,4,0,24,0,0,0,0,0,0,75,
18,9423,נתיבות,246,14,29,0,762,578,1,577,1,59,0,0,0,0,10,0,0,0,0,0,0,0,0,64,87,1,0,0,4,0,12,0,0,0,1,0,0,338,
18,9424,נתיבות,246,15,6,0,502,399,2,397,6,24,0,0,0,0,23,0,0,0,0,0,0,0,0,14,164,0,0,0,3,0,10,0,0,0,0,0,0,153,
18,9425,נתיבות,246,16,7,0,624,438,2,436,2,17,0,0,0,0,17,0,0,0,0,0,0,0,0,25,253,0,1,0,4,0,23,0,0,0,0,0,0,94,
18,9426,נתיבות,246,17,25,0,701,574,4,570,4,22,0,0,0,0,45,0,0,0,0,0,0,0,0,5,189,0,0,0,2,0,13,0,0,0,0,0,0,290,
18,9427,נתיבות,246,18,25,0,642,443,5,438,1,13,0,0,0,0,18,0,0,0,0,0,0,0,0,40,134,1,0,0,4,0,11,0,0,0,0,0,0,216,
18,9428,נתיבות,246,19,6,0,568,377,0,377,3,17,0,1,0,0,10,0,0,0,0,0,0,0,1,29,213,0,0,0,3,1,12,0,0,0,0,0,0,87,
18,9429,נתיבות,246,20,8,0,754,580,7,573,1,40,1,1,0,0,8,0,0,0,0,0,0,0,0,97,124,0,0,0,4,0,16,0,0,0,0,0,0,281,
18,9430,נתיבות,246,21.1,26,0,602,473,1,472,5,13,0,0,0,0,31,0,0,0,0,0,0,0,0,10,242,2,0,0,9,0,19,0,0,0,0,0,0,141,
18,9431,נתיבות,246,21.2,26,0,602,494,1,493,3,13,1,0,0,0,32,0,0,0,0,0,0,0,0,25,229,0,0,1,1,0,21,0,0,0,0,0,0,167,
18,9432,נתיבות,246,21.3,26,0,602,462,1,461,8,15,0,0,0,0,33,0,0,0,0,0,0,0,0,10,208,0,0,0,10,0,22,0,0,0,0,0,0,155,
18,9433,נתיבות,246,21.4,26,0,600,477,4,473,3,18,1,0,0,0,35,0,0,0,0,0,0,0,0,20,208,0,0,0,1,0,26,0,0,0,0,0,0,161,
18,9434,נתיבות,246,22,11,0,701,565,3,562,3,30,0,0,0,0,25,0,0,0,0,0,0,0,0,21,121,1,0,0,4,0,11,0,0,0,0,0,0,346,
18,9435,נתיבות,246,23,29,0,740,672,4,668,0,164,0,0,0,0,1,0,0,0,0,0,0,0,0,0,9,0,0,0,0,0,0,0,0,0,0,0,0,494,
18,9436,נתיבות,246,24,3,0,779,660,3,657,6,104,0,0,0,0,19,0,0,0,0,0,0,0,0,1,81,0,0,0,3,1,11,0,0,0,0,0,0,431,
18,9437,נתיבות,246,25,21,0,658,470,2,468,4,6,0,1,0,0,19,0,0,0,0,0,0,0,0,54,288,1,0,0,2,0,17,0,0,0,0,0,0,76,
18,9438,נתיבות,246,26,23,0,734,606,0,606,3,14,1,0,0,0,56,0,0,0,0,0,0,0,0,27,321,0,0,0,6,0,36,0,0,0,0,0,0,142,
18,9439,נתיבות,246,27,17,0,652,524,3,521,5,20,0,0,0,0,34,0,0,0,0,0,0,1,0,22,237,0,0,0,7,0,25,0,0,0,0,0,0,170,
18,9440,נתיבות,246,28,6,0,642,477,1,476,4,14,0,0,0,0,24,0,0,0,0,0,0,0,1,24,196,0,0,1,7,0,27,0,0,0,0,0,2,176,
18,9441,נתיבות,246,30,29,0,768,640,0,640,1,274,1,0,0,0,3,0,0,0,0,0,0,0,0,1,30,1,0,0,3,0,0,0,0,0,0,0,0,326,
18,9442,נתיבות,246,31,10,0,724,466,6,460,2,4,0,0,0,0,14,0,0,0,0,0,0,0,0,164,194,0,0,0,2,0,27,0,1,1,1,0,0,50,
18,9443,נתיבות,246,32,12,0,580,484,1,483,3,12,0,0,0,0,34,0,0,0,0,0,0,0,0,5,130,0,0,0,5,0,10,0,0,0,0,0,0,284,
18,9444,נתיבות,246,34,23,0,624,512,3,509,2,19,0,0,0,0,40,0,0,0,0,0,0,0,0,3,286,0,0,0,1,0,18,0,0,0,0,0,0,140,
18,9445,נתיבות,246,35,23,0,705,551,1,550,7,20,0,0,0,0,48,0,0,0,0,0,0,0,0,14,230,0,0,0,6,0,20,0,0,0,0,0,0,205,
18,9446,נתיבות,246,36,25,0,744,620,0,620,1,29,0,0,0,0,72,0,0,0,0,0,0,0,0,10,172,0,0,0,10,0,17,0,0,0,1,0,0,308,
18,9447,נתיבות,246,38,30,0,329,243,0,243,0,10,0,0,0,0,20,0,0,0,0,0,0,0,0,15,112,2,0,0,1,0,22,0,0,0,0,0,0,61,
18,9971,סייד שבט,1170,1,1,0,239,75,0,75,2,0,59,0,0,0,0,0,0,1,0,0,0,0,0,0,9,0,0,0,0,0,4,0,0,0,0,0,0,0,
18,9972,סייד שבט,1170,2,1,0,323,110,1,109,7,0,94,1,0,0,0,0,0,0,0,0,0,0,0,0,5,0,0,0,0,0,2,0,0,0,0,0,0,0,
18,9973,סייד שבט,1170,3,1,0,336,92,0,92,1,0,80,0,0,0,0,0,0,0,0,0,0,0,0,0,5,0,0,0,1,0,5,0,0,0,0,0,0,0,
13,6387,עיינות,156,1,1,0,115,50,0,50,6,0,1,0,0,0,4,0,0,0,0,0,0,0,0,1,17,0,0,0,0,0,21,0,0,0,0,0,0,0,
11,4905,פתח תקווה,7900,18.1,3,0,672,377,1,376,3,8,1,0,0,0,19,0,0,0,0,0,0,0,1,65,158,1,0,0,2,0,94,0,0,0,0,0,0,24,
11,4906,פתח תקווה,7900,18.2,3,0,672,358,1,357,8,7,0,0,0,0,14,0,0,0,0,0,0,1,0,83,126,0,0,0,2,0,107,0,0,1,1,0,0,7,
11,4907,פתח תקווה,7900,18.3,3,0,672,370,6,364,12,7,0,0,0,0,8,0,0,0,0,0,0,0,0,51,166,0,0,0,1,0,93,0,0,0,2,0,0,24,
11,4908,פתח תקווה,7900,18.4,3,0,672,330,4,326,8,7,0,0,0,0,4,0,0,0,0,0,0,0,0,77,118,0,0,0,2,0,90,0,1,0,0,0,0,19,
11,4909,פתח תקווה,7900,18.5,3,0,672,347,5,342,11,4,0,1,0,0,17,0,0,0,0,0,0,0,0,86,128,2,0,0,1,0,86,0,0,0,0,0,0,6,
11,4910,פתח תקווה,7900,18.6,3,0,668,355,2,353,14,4,1,0,0,0,14,0,0,0,0,0,0,0,0,87,115,0,0,0,0,0,104,0,0,0,0,0,1,13,
11,4911,פתח תקווה,7900,21,21,0,499,277,1,276,12,4,0,1,0,0,18,0,0,0,0,0,0,0,0,41,101,0,0,0,0,0,75,0,1,0,0,0,0,23,
11,4912,פתח תקווה,7900,24,21,0,604,399,2,397,24,4,3,0,0,0,13,0,0,0,0,0,0,0,0,44,167,0,0,0,0,0,128,0,0,0,0,0,0,14,
11,4913,פתח תקווה,7900,26,19,0,618,344,1,343,13,10,0,0,0,0,13,0,0,0,0,0,0,1,0,62,115,0,0,0,2,0,107,0,0,0,0,0,0,20,
11,4914,פתח תקווה,7900,27,19,0,598,351,0,351,14,18,0,0,0,0,26,0,0,0,0,0,1,0,0,50,116,1,0,0,6,0,100,0,0,0,0,0,0,19,
11,4915,פתח תקווה,7900,28,41,0,743,524,2,522,29,3,2,2,0,0,23,0,0,0,0,0,0,0,0,75,209,1,0,0,0,0,153,1,0,1,0,0,0,23,
11,4916,פתח תקווה,7900,30,41,0,671,401,2,399,26,11,2,0,0,0,23,0,0,0,0,0,0,0,0,62,118,0,0,0,0,0,144,0,0,0,0,0,0,13,
11,4917,פתח תקווה,7900,31,31,0,685,414,2,412,6,9,0,0,0,0,16,0,0,0,0,0,0,0,0,14,222,1,0,0,9,0,44,0,0,0,0,0,0,91,
11,4918,פתח תקווה,7900,33,24,0,625,398,2,396,9,8,0,0,0,0,15,0,0,0,0,0,0,0,0,18,235,0,0,0,1,0,60,0,0,0,0,0,0,50,
11,4919,פתח תקווה,7900,34,103,0,620,414,3,411,17,3,1,0,0,0,14,0,0,0,0,0,0,0,0,64,140,0,0,0,0,0,131,0,1,0,0,0,0,40,
11,4920,פתח תקווה,7900,35,103,0,615,396,1,395,11,14,0,0,0,0,22,0,0,0,0,1,0,0,0,57,165,0,0,0,2,0,89,0,0,1,0,0,0,33,
11,4921,פתח תקווה,7900,37,93,0,575,398,1,397,8,2,2,3,0,0,18,0,0,0,0,0,0,0,0,41,176,1,0,0,0,0,119,0,1,0,0,0,0,26,
11,4922,פתח תקווה,7900,38,31,0,692,408,3,405,6,8,0,0,0,0,38,0,0,0,0,0,0,0,0,33,222,0,0,0,1,0,44,0,0,0,0,0,0,53,
11,4923,פתח תקווה,7900,39,42,0,544,377,2,375,21,7,0,0,0,0,17,0,0,0,0,0,0,0,0,4,126,1,0,0,1,0,182,0,0,0,0,0,0,16,
11,4924,פתח תקווה,7900,40,125,0,628,409,5,404,11,4,0,0,0,0,6,0,0,0,0,0,0,0,0,16,260,0,0,0,5,0,63,0,0,0,0,0,1,38,
11,4925,פתח תקווה,7900,43,31,0,726,414,4,410,5,4,0,1,0,0,17,0,0,0,0,0,0,0,0,32,235,0,0,1,2,0,64,0,0,0,0,0,1,48,
11,4926,פתח תקווה,7900,49,4,0,766,636,4,632,7,29,0,1,0,0,308,0,1,0,0,0,0,0,0,4,151,1,0,0,10,0,22,1,0,0,0,0,0,97,
11,4927,פתח תקווה,7900,51,4,0,648,416,2,414,9,61,1,0,0,0,13,0,0,0,0,0,0,0,0,57,163,1,1,0,0,0,50,0,0,0,0,0,0,58,
11,4928,פתח תקווה,7900,52,4,0,731,428,3,425,8,65,1,0,0,0,10,0,0,0,0,0,0,0,0,28,199,0,0,1,4,0,33,1,1,0,0,0,0,74,
11,4929,פתח תקווה,7900,56,46,0,623,468,3,465,5,10,0,0,0,0,20,0,0,0,0,0,0,0,0,5,282,0,0,0,1,0,51,0,0,0,0,0,0,91,
11,4930,פתח תקווה,7900,57,1,0,547,379,1,378,8,10,0,0,0,0,11,0,0,0,0,0,0,0,0,10,243,1,0,0,1,0,42,0,0,0,0,0,0,52,
11,4931,פתח תקווה,7900,58,1,0,597,426,3,423,7,6,0,0,0,0,15,0,0,0,0,0,0,0,0,3,279,0,0,0,4,0,31,0,0,0,0,0,0,78,
11,4932,פתח תקווה,7900,59,102,0,542,355,1,354,8,7,0,0,0,0,7,0,1,0,0,0,0,0,0,13,205,1,1,0,0,0,34,0,0,0,0,0,0,77,
11,4933,פתח תקווה,7900,60,24,0,713,479,1,478,27,4,2,1,0,0,19,0,0,0,0,0,0,1,0,32,212,0,0,0,1,0,150,0,0,1,0,0,0,28,
11,4934,פתח תקווה,7900,66,7,0,550,307,1,306,6,2,1,0,0,0,12,0,0,0,0,0,0,0,0,33,156,1,0,0,2,0,52,0,0,0,0,0,0,41,
11,4935,פתח תקווה,7900,67,7,0,514,378,3,375,12,6,0,0,0,0,15,0,0,0,0,0,0,0,1,10,222,0,0,0,4,0,34,0,0,0,0,0,0,71,
11,4936,פתח תקווה,7900,80,19,0,602,351,1,350,12,24,2,0,0,0,7,0,0,0,0,0,0,0,0,45,125,1,0,0,2,0,112,0,0,0,0,0,0,20,
11,4937,פתח תקווה,7900,114,7,0,536,281,6,275,6,2,0,0,0,0,2,0,0,0,0,0,0,0,1,69,137,0,0,1,2,0,38,0,0,0,0,0,0,17,
11,4938,פתח תקווה,7900,149,102,0,645,382,3,379,10,2,1,0,0,0,10,0,0,0,0,0,0,0,0,66,186,1,0,0,0,0,75,0,0,0,0,0,0,28,
11,4939,פתח תקווה,7900,150,112,0,534,375,1,374,10,5,0,1,0,0,13,0,0,0,0,0,0,0,0,16,161,1,0,0,1,0,137,0,0,0,0,0,1,28,
11,4940,פתח תקווה,7900,151,112,0,743,492,1,491,9,24,1,1,0,0,22,0,0,0,0,0,0,0,0,48,211,0,0,0,3,0,94,0,0,0,0,0,0,78,
11,4941,פתח תקווה,7900,152,24,0,597,327,2,325,13,3,1,2,0,0,1,0,0,0,0,0,0,0,0,28,181,1,0,0,2,0,74,0,0,0,0,0,0,19,
11,4942,פתח תקווה,7900,154.1,14,0,577,403,2,401,20,5,3,0,0,0,16,0,0,0,0,0,0,0,0,26,169,1,0,0,5,0,131,0,0,0,0,0,0,25,
11,4943,פתח תקווה,7900,154.2,14,0,577,406,1,405,19,13,0,1,0,0,16,0,0,0,0,0,0,0,0,53,125,0,0,0,3,0,160,0,0,0,0,0,0,15,
11,4944,פתח תקווה,7900,154.3,14,0,577,400,1,399,18,9,0,0,0,0,10,0,1,0,0,0,0,0,0,29,153,0,0,0,4,0,155,0,0,0,0,0,0,20,
11,4945,פתח תקווה,7900,154.4,14,0,577,379,2,377,24,1,0,0,0,0,15,0,1,0,0,0,1,0,0,37,134,0,0,0,2,0,140,1,1,0,0,0,0,20,
11,4946,פתח תקווה,7900,154.5,14,0,575,409,2,407,21,2,0,1,0,0,18,0,0,0,1,0,0,0,0,52,130,0,0,0,1,0,162,0,1,0,0,0,0,18,
11,4947,פתח תקווה,7900,157,31,0,555,305,3,302,5,3,1,0,1,0,12,0,0,0,0,0,0,0,0,23,168,0,1,0,0,0,31,0,0,0,0,0,0,57,
11,4948,פתח תקווה,7900,160,19,0,539,352,3,349,6,2,2,1,0,0,11,0,0,0,0,0,0,0,0,77,122,0,0,0,2,0,108,0,0,0,0,0,0,18,
11,4949,פתח תקווה,7900,161,41,0,724,504,0,504,28,3,2,0,0,0,16,0,0,0,0,1,0,0,0,41,237,1,0,0,1,0,145,0,0,0,0,0,0,29,
11,4950,פתח תקווה,7900,164,21,0,516,298,6,292,12,5,0,1,1,0,11,0,0,0,0,0,0,0,0,57,102,0,0,0,0,0,89,0,0,1,0,0,0,13,
11,4951,פתח תקווה,7900,166,21,0,697,457,1,456,16,10,0,0,0,0,16,0,0,0,0,0,0,1,0,81,160,0,1,0,2,0,131,0,0,0,0,0,0,38,
11,4952,פתח תקווה,7900,171,21,0,655,433,1,432,17,4,0,0,0,0,13,0,0,0,0,0,0,0,0,58,157,1,0,0,2,0,161,0,0,0,0,0,0,19,
11,4953,פתח תקווה,7900,172,112,0,530,337,1,336,8,2,0,0,0,0,14,0,0,0,0,0,0,0,0,45,174,0,0,0,1,0,62,0,0,0,0,0,0,30,
11,4954,פתח תקווה,7900,176,19,0,586,394,2,392,18,23,1,0,0,0,28,0,0,0,0,0,0,0,0,32,135,0,0,0,2,0,126,0,0,0,0,0,0,27,
11,4955,פתח תקווה,7900,177.1,91,0,680,480,4,476,16,3,0,0,0,0,17,0,0,0,2,0,1,0,0,35,248,0,0,0,0,0,117,0,0,0,0,0,1,36,
11,4956,פתח תקווה,7900,177.2,91,0,680,482,2,480,13,1,0,0,0,0,24,0,0,0,0,0,0,0,0,38,209,2,0,0,3,0,156,1,0,0,0,0,0,33,
11,4957,פתח תקווה,7900,177.3,91,0,680,456,6,450,10,7,0,0,0,0,12,0,0,0,0,0,0,0,0,36,210,0,0,0,1,0,145,0,0,0,0,0,0,29,
11,4958,פתח תקווה,7900,177.4,91,0,680,488,0,488,17,8,0,2,0,0,14,0,0,0,0,0,0,0,0,24,245,1,0,0,2,0,139,0,0,0,0,0,0,36,
11,4959,פתח תקווה,7900,177.5,91,0,680,481,1,480,13,3,1,0,0,0,10,0,0,0,0,0,1,0,0,44,230,0,0,0,2,0,140,0,0,0,0,0,0,36,
11,4960,פתח תקווה,7900,177.6,91,0,680,490,3,487,20,3,0,0,0,0,11,0,0,0,0,0,0,0,0,62,203,0,0,0,0,0,150,1,0,0,0,0,0,37,
11,4961,פתח תקווה,7900,177.7,91,0,677,464,1,463,24,3,0,1,0,0,11,0,0,0,0,0,0,0,0,47,185,1,0,0,3,0,147,0,0,0,0,0,0,41,
11,4962,פתח תקווה,7900,185,93,0,652,448,1,447,24,2,1,1,0,0,24,0,0,0,0,0,0,0,0,25,174,2,0,0,0,0,169,0,0,1,0,0,0,24,
11,4963,פתח תקווה,7900,186,31,0,662,405,3,402,8,4,0,1,0,0,11,0,1,0,0,0,0,0,1,41,200,0,0,0,1,0,73,0,0,0,0,1,0,60,
11,4964,פתח תקווה,7900,188,116,0,602,398,1,397,11,24,1,1,0,0,36,1,1,0,0,0,0,0,0,47,157,0,0,0,0,0,63,0,0,1,0,0,0,54,
11,4965,פתח תקווה,7900,189,116,0,547,367,3,364,18,2,2,1,0,0,17,0,0,0,0,0,0,0,0,66,167,0,0,0,0,0,77,1,0,0,0,0,0,13,
11,4966,פתח תקווה,7900,192,7,0,570,307,5,302,7,3,0,0,0,0,3,0,0,0,0,0,0,0,0,44,137,1,0,0,2,0,70,0,0,0,1,0,0,34,
11,4967,פתח תקווה,7900,193,7,0,480,322,2,320,8,3,1,0,0,0,14,0,0,0,0,0,0,0,0,16,174,0,0,0,0,0,56,0,0,0,0,0,0,48,
11,4968,פתח תקווה,7900,195,4,0,692,513,2,511,11,70,0,0,0,0,69,0,0,0,0,0,0,0,0,9,189,0,0,0,6,0,22,0,0,0,0,0,0,135,
11,4969,פתח תקווה,7900,196,4,0,670,419,2,417,5,23,0,0,1,0,9,0,1,0,0,0,0,0,0,94,162,1,0,0,0,3,39,0,0,0,0,0,0,79,
11,4970,פתח תקווה,7900,197,108,0,619,523,0,523,3,41,0,0,0,0,79,0,0,0,0,0,0,0,0,0,66,0,0,0,2,0,3,0,0,0,0,0,0,329,
11,4971,פתח תקווה,7900,198.1,113,0,625,535,3,532,0,215,0,0,0,0,86,0,0,0,0,0,0,0,0,0,68,0,0,0,5,0,1,0,0,0,0,0,0,157,
11,4972,פתח תקווה,7900,198.2,113,0,625,548,4,544,1,327,0,1,0,0,64,0,0,0,0,0,0,0,0,0,35,0,0,0,2,0,3,0,0,0,0,0,0,111,
11,4973,פתח תקווה,7900,198.3,113,0,625,549,0,549,1,310,0,0,0,0,87,0,0,0,0,0,0,0,0,1,50,0,0,0,6,0,2,0,0,0,0,0,0,92,
11,4974,פתח תקווה,7900,198.4,113,0,625,541,3,538,0,247,0,0,0,0,71,0,0,0,0,0,0,0,0,1,51,0,0,0,3,0,1,0,0,0,0,0,0,164,
11,4975,פתח תקווה,7900,198.5,113,0,625,531,3,528,1,244,0,1,0,0,79,0,0,0,0,0,0,0,0,0,57,0,0,0,5,0,3,0,0,0,0,0,0,138,
11,4976,פתח תקווה,7900,198.6,113,0,625,543,1,542,1,296,0,0,0,0,90,0,0,0,0,0,0,0,0,0,53,0,0,0,5,0,3,0,0,0,0,0,0,94,
11,4977,פתח תקווה,7900,198.7,113,0,625,563,0,563,1,328,0,0,0,0,88,0,0,0,0,0,0,0,1,0,40,0,0,0,5,0,7,0,0,0,0,0,0,93,
11,4978,פתח תקווה,7900,199,108,0,602,454,2,452,3,14,0,0,0,0,39,0,0,0,0,0,0,0,0,87,81,0,0,0,5,0,37,0,0,0,0,0,0,186,
11,4979,פתח תקווה,7900,214,19,0,394,247,1,246,6,8,0,0,0,0,11,0,0,0,0,0,0,0,0,43,94,0,0,0,2,0,71,0,1,0,0,0,0,10,
11,4980,פתח תקווה,7900,223,19,0,529,334,5,329,8,4,0,0,0,0,0,0,0,0,0,0,0,0,0,175,98,0,0,0,0,0,38,0,0,1,0,0,0,5,
11,4981,פתח תקווה,7900,230,24,0,711,499,2,497,14,7,2,0,0,0,9,0,0,0,0,0,0,0,2,10,264,0,0,0,4,0,145,0,0,0,0,0,0,40,
11,4982,פתח תקווה,7900,233,21,0,615,329,3,326,16,3,0,1,0,0,8,0,0,0,1,0,0,0,0,63,100,0,0,0,5,0,103,0,0,0,0,0,1,25,
11,4983,פתח תקווה,7900,238,108,0,651,495,3,492,13,28,0,0,0,0,163,0,0,0,0,0,0,0,0,33,139,1,0,0,1,0,42,0,0,0,0,0,0,72,
11,4984,פתח תקווה,7900,239.1,34,0,627,441,3,438,9,13,0,0,0,0,68,0,0,0,0,0,0,0,0,19,217,2,0,0,3,0,38,1,0,0,0,0,1,67,
11,4985,פתח תקווה,7900,239.2,34,0,627,441,3,438,6,14,1,0,0,0,88,0,0,0,0,0,0,0,0,27,174,0,0,0,1,0,58,0,0,0,0,0,0,69,
11,4986,פתח תקווה,7900,239.3,34,0,627,463,2,461,9,22,0,0,0,0,99,0,0,0,0,0,0,0,0,19,176,0,0,0,4,0,70,0,0,0,0,0,0,62,
11,4987,פתח תקווה,7900,239.4,34,0,627,418,5,413,9,7,0,0,0,0,83,0,0,0,0,0,0,1,0,14,183,0,0,0,7,0,34,0,0,0,1,0,3,71,
11,4988,פתח תקווה,7900,239.5,34,0,627,441,2,439,6,14,0,0,0,0,89,0,0,0,0,0,0,0,0,27,175,0,0,0,2,0,47,0,0,0,0,0,0,79,
11,4989,פתח תקווה,7900,239.6,34,0,627,409,2,407,7,28,0,0,0,0,85,0,0,0,0,0,0,0,0,32,147,1,0,0,5,0,42,0,0,0,0,0,0,60,
11,4990,פתח תקווה,7900,239.7,34,0,624,480,3,477,5,29,0,1,0,0,117,0,0,0,0,0,0,0,0,33,182,0,0,0,3,0,67,0,0,0,0,0,0,40,
11,4991,פתח תקווה,7900,241,108,0,662,531,1,530,5,28,1,0,0,0,157,0,0,0,0,0,0,1,0,9,177,0,0,0,7,0,39,0,0,0,0,0,1,105,
11,4992,פתח תקווה,7900,253.1,35,0,603,412,2,410,22,9,0,0,0,0,17,0,0,0,0,0,0,0,0,11,225,0,0,0,3,0,81,0,0,0,0,0,0,42,
11,4993,פתח תקווה,7900,253.2,35,0,603,417,0,417,7,6,0,0,0,0,14,0,0,0,0,0,0,1,0,23,232,0,0,0,1,0,76,0,0,0,0,1,0,56,
11,4994,פתח תקווה,7900,253.3,35,0,603,415,2,413,14,6,0,0,0,0,9,0,0,0,0,0,0,0,0,20,226,0,0,0,4,0,86,0,0,0,0,0,0,48,
11,4995,פתח תקווה,7900,260,42,0,560,370,0,370,14,5,0,1,0,0,14,0,0,0,0,0,0,0,0,8,164,0,0,0,1,0,137,0,0,0,0,0,0,26,
11,4996,פתח תקווה,7900,261,1,0,659,473,1,472,4,3,0,0,0,0,17,0,0,0,0,0,0,0,0,37,288,0,0,0,3,0,57,0,0,0,0,0,0,63,
11,4997,פתח תקווה,7900,280,103,0,685,501,2,499,24,2,1,1,0,0,25,0,0,0,0,0,0,0,0,53,211,0,0,0,0,0,147,1,0,0,0,0,0,34,
11,4998,פתח תקווה,7900,294,108,0,683,630,2,628,4,23,0,0,0,0,331,0,0,0,0,0,0,0,0,0,176,0,0,0,6,0,17,0,0,0,0,0,0,71,
11,4999,פתח תקווה,7900,297,4,0,731,610,1,609,7,21,0,1,0,0,252,0,0,0,0,0,0,0,0,6,198,0,0,0,4,0,27,0,0,0,0,0,0,93,
11,5000,פתח תקווה,7900,301,108,0,657,562,3,559,2,33,0,0,0,0,287,0,0,0,0,0,0,0,0,0,145,0,0,0,4,0,18,0,0,0,0,0,1,69,
11,5001,פתח תקווה,7900,958,108,0,589,455,2,453,6,24,0,2,0,0,99,0,0,0,0,0,0,0,0,21,170,1,0,0,5,0,54,0,0,0,0,0,0,71,
11,5002,פתח תקווה,7900,13,28,0,659,329,1,328,11,12,0,0,0,0,8,0,0,0,0,0,0,0,0,61,122,0,0,0,0,0,78,0,0,0,0,0,0,36,
11,5003,פתח תקווה,7900,14,28,0,439,167,1,166,4,3,1,0,0,0,2,0,0,0,0,0,1,0,0,56,59,1,0,0,2,0,27,1,0,1,0,0,0,8,
11,5004,פתח תקווה,7900,15,11,0,454,196,0,196,2,10,1,0,0,0,3,0,0,0,0,0,0,0,0,60,78,0,1,0,0,0,27,0,0,0,0,0,0,14,
11,5005,פתח תקווה,7900,16,11,0,517,181,4,177,8,15,1,0,0,0,9,0,0,0,0,0,0,0,0,30,58,0,0,1,0,0,46,0,0,0,0,0,0,9,
11,5006,פתח תקווה,7900,17,11,0,584,232,2,230,7,2,0,0,0,0,6,0,0,0,0,0,0,0,0,63,86,2,0,0,0,0,53,0,0,1,0,0,0,10,
11,5007,פתח תקווה,7900,19,11,0,660,323,3,320,9,67,1,0,0,0,17,0,0,0,0,0,0,0,0,57,82,0,1,0,1,0,56,0,0,0,0,0,0,29,
11,5008,פתח תקווה,7900,23,11,0,595,349,2,347,14,14,1,1,0,0,19,0,0,0,0,0,0,0,1,61,113,0,0,0,1,0,97,0,0,0,0,0,0,25,
11,5009,פתח תקווה,7900,45,11,0,540,238,1,237,12,13,0,2,0,0,3,0,0,0,0,0,0,0,1,60,75,0,0,0,1,0,56,1,0,2,0,0,0,11,
11,5010,פתח תקווה,7900,61,88,0,468,300,2,298,5,7,0,0,0,0,8,0,0,0,0,0,0,0,0,33,171,1,0,0,0,0,31,0,0,0,0,0,0,42,
11,5011,פתח תקווה,7900,62,88,0,656,484,0,484,12,13,0,0,0,0,28,0,0,0,0,0,0,0,0,3,282,0,0,0,1,0,54,0,0,0,0,0,0,91,
11,5012,פתח תקווה,7900,68,65,0,611,377,4,373,16,5,0,1,0,0,10,0,0,0,0,0,0,0,0,62,161,1,0,0,6,1,90,0,0,0,0,0,0,20,
11,5013,פתח תקווה,7900,70,65,0,631,346,7,339,12,3,1,0,0,0,5,0,0,0,0,0,0,0,1,70,138,0,0,1,2,0,58,0,0,0,0,0,0,48,
11,5014,פתח תקווה,7900,71,30,0,657,465,4,461,10,11,0,0,0,0,12,0,0,0,1,0,0,0,0,55,227,1,0,0,2,0,113,0,0,0,0,0,0,29,
11,5015,פתח תקווה,7900,72,118,0,516,366,1,365,12,5,1,0,0,0,9,0,0,0,0,0,0,0,1,20,197,0,0,0,0,0,57,0,0,0,0,0,1,62,
11,5016,פתח תקווה,7900,73,30,0,687,499,2,497,24,9,0,0,0,0,16,0,0,0,0,0,0,0,0,44,243,0,1,0,2,0,112,1,0,0,1,0,0,44,
11,5017,פתח תקווה,7900,74.1,48,0,581,377,1,376,26,12,2,0,0,0,13,0,0,0,0,0,0,0,0,40,148,1,0,0,0,0,111,0,0,0,0,0,0,23,
11,5018,פתח תקווה,7900,74.2,48,0,581,362,3,359,19,3,0,0,0,0,19,0,0,0,0,0,0,0,0,55,129,0,0,0,0,0,108,0,0,0,0,0,0,26,
11,5019,פתח תקווה,7900,74.3,48,0,581,363,0,363,19,1,0,0,0,0,9,0,0,0,0,0,0,0,0,53,152,0,0,0,1,0,106,0,0,0,0,0,0,22,
11,5020,פתח תקווה,7900,74.4,48,0,581,351,1,350,16,5,1,0,0,0,18,0,0,0,0,0,0,0,0,54,121,1,0,0,0,0,112,0,0,0,0,1,1,20,
11,5021,פתח תקווה,7900,74.5,48,0,578,377,2,375,16,2,1,0,0,0,13,0,0,0,0,0,0,0,0,66,116,0,0,0,2,0,143,0,0,0,0,0,1,15,
11,5022,פתח תקווה,7900,75,95,0,673,445,5,440,18,9,0,2,0,0,13,0,0,0,0,0,0,1,0,96,153,0,0,0,1,1,125,0,0,1,0,0,0,20,
11,5023,פתח תקווה,7900,76,95,0,592,404,2,402,15,8,1,0,0,0,20,0,0,0,0,0,0,0,0,85,117,0,0,0,0,0,141,0,0,1,0,0,0,14,
11,5024,פתח תקווה,7900,77,30,0,723,480,1,479,25,4,0,0,1,0,25,0,0,0,0,0,0,0,0,64,191,1,0,0,1,0,133,0,0,0,0,0,0,34,
11,5025,פתח תקווה,7900,78,96,0,626,360,1,359,10,12,3,1,0,0,26,0,0,0,0,0,0,0,0,53,122,2,1,0,0,0,105,0,0,0,0,1,0,23,
11,5026,פתח תקווה,7900,79,96,0,644,407,1,406,15,64,3,0,0,0,18,0,0,0,0,0,0,1,0,40,114,0,0,0,2,0,110,0,0,0,0,0,0,39,
11,5027,פתח תקווה,7900,81,5,0,676,397,3,394,26,29,0,2,0,0,39,0,0,0,0,0,0,0,0,49,108,1,0,0,1,0,119,0,0,0,0,0,0,20,
11,5028,פתח תקווה,7900,85,95,0,600,392,4,388,30,9,0,3,0,0,26,0,0,0,0,0,0,0,0,42,123,0,0,0,3,0,147,0,0,0,0,0,0,5,
11,5029,פתח תקווה,7900,86,5,0,688,414,1,413,29,53,0,0,0,0,38,0,0,0,0,0,0,0,1,48,104,0,0,0,2,0,113,0,0,0,0,0,0,25,
11,5030,פתח תקווה,7900,88,5,0,737,485,0,485,44,18,0,1,0,0,28,0,0,0,0,0,0,0,0,64,133,2,0,0,2,0,176,0,0,0,0,0,0,17,
11,5031,פתח תקווה,7900,94,37,0,752,399,2,397,17,6,2,0,0,0,17,0,0,0,1,0,0,0,0,33,231,1,0,0,1,0,48,0,0,0,0,0,0,40,
11,5032,פתח תקווה,7900,96,68,0,453,290,0,290,16,5,1,1,0,0,10,0,0,0,0,0,0,0,0,36,82,1,0,0,1,0,131,0,0,0,0,0,0,6,
11,5033,פתח תקווה,7900,97,68,0,575,424,1,423,34,3,2,0,0,0,17,0,0,0,0,0,0,0,0,31,117,1,0,0,0,0,204,0,0,0,0,0,0,14,
11,5034,פתח תקווה,7900,101,67,0,484,391,1,390,20,21,2,0,0,0,98,0,0,0,0,0,0,0,0,14,98,0,0,0,1,0,126,0,0,0,0,0,0,10,
11,5035,פתח תקווה,7900,102,121,0,712,575,3,572,32,7,0,0,0,0,123,0,0,0,0,0,0,0,1,14,181,0,0,0,1,0,187,0,0,0,0,0,0,26,
11,5036,פתח תקווה,7900,107,90,0,501,400,2,398,22,15,0,0,0,0,152,0,0,0,0,0,0,0,0,6,96,2,0,0,0,0,90,1,0,0,0,0,0,14,
11,5037,פתח תקווה,7900,108,128,0,532,416,0,416,23,24,0,0,0,0,79,0,0,0,0,0,0,0,0,17,86,0,0,0,1,0,174,0,0,0,0,0,0,12,
11,5038,פתח תקווה,7900,112,5,0,661,387,3,384,16,25,1,0,0,0,10,0,0,0,0,0,0,0,1,47,134,0,0,0,1,0,118,0,0,0,0,1,1,29,
11,5039,פתח תקווה,7900,116,2,0,591,445,11,434,24,15,1,0,0,0,95,0,0,0,0,0,0,0,0,21,125,0,0,0,2,0,127,0,0,0,0,0,0,24,
11,5040,פתח תקווה,7900,118,128,0,508,361,3,358,31,26,0,0,0,0,60,0,0,0,0,0,0,0,0,16,92,1,0,0,0,0,114,0,0,0,0,0,0,18,
11,5041,פתח תקווה,7900,119,5,0,515,342,0,342,11,33,1,0,0,0,56,0,0,0,0,0,0,0,0,7,99,1,2,0,0,0,109,0,0,0,0,0,0,23,
11,5042,פתח תקווה,7900,120,5,0,599,416,3,413,31,3,3,0,0,0,22,0,0,0,0,0,0,0,0,42,121,0,0,0,1,0,177,0,0,0,0,0,0,13,
11,5043,פתח תקווה,7900,123,68,0,696,416,1,415,27,7,3,0,0,0,17,0,0,0,0,0,0,0,0,22,156,0,0,0,3,0,161,0,0,0,0,0,1,18,
11,5044,פתח תקווה,7900,125,6,0,688,502,6,496,10,158,0,0,0,0,66,0,0,0,0,0,0,0,0,29,79,0,0,0,2,0,75,0,0,0,0,0,0,77,
11,5045,פתח תקווה,7900,126,5,0,759,471,4,467,17,20,1,0,0,0,21,0,0,0,0,0,0,1,0,71,146,0,0,0,2,0,165,0,0,0,0,0,0,23,
11,5046,פתח תקווה,7900,127,5,0,645,390,0,390,27,12,1,0,0,0,32,0,0,0,0,0,0,0,1,45,119,0,1,0,2,0,136,0,0,0,0,0,0,14,
11,5047,פתח תקווה,7900,129,90,0,611,500,2,498,8,29,0,0,0,0,191,0,0,0,0,0,0,0,0,6,146,0,0,0,5,0,97,0,0,0,0,0,0,16,
11,5048,פתח תקווה,7900,130,90,0,656,536,1,535,16,11,0,1,0,0,181,0,0,0,0,0,0,0,0,13,174,0,0,0,4,0,118,0,0,0,0,0,0,17,
11,5049,פתח תקווה,7900,139,2,0,557,422,1,421,19,36,1,0,0,0,94,0,0,0,0,0,0,0,0,10,135,0,0,0,3,0,106,1,0,0,0,0,0,16,
11,5050,פתח תקווה,7900,140,67,0,516,388,1,387,24,15,1,1,0,0,78,0,0,0,0,0,0,0,0,14,81,0,0,0,1,0,151,1,0,0,0,0,0,20,
11,5051,פתח תקווה,7900,141,6,0,489,359,4,355,22,47,0,0,0,0,70,0,0,0,0,0,0,0,0,9,90,1,5,0,0,0,81,0,0,0,0,0,0,30,
11,5052,פתח תקווה,7900,143,2,0,573,418,3,415,22,55,1,1,0,0,55,0,0,0,0,0,0,0,0,20,121,0,0,0,4,0,105,1,0,0,0,0,0,30,
11,5053,פתח תקווה,7900,144,5,0,652,409,3,406,10,4,0,0,0,0,6,0,0,0,0,0,0,0,0,59,167,0,0,0,1,0,139,0,0,1,0,0,0,19,
11,5054,פתח תקווה,7900,145,96,0,608,407,3,404,14,46,0,0,1,0,31,0,0,0,0,0,0,0,0,64,98,0,1,0,0,0,119,1,0,0,0,0,1,28,
11,5055,פתח תקווה,7900,146,6,0,691,480,5,475,14,112,0,0,0,0,91,0,0,0,0,0,0,0,0,15,108,0,0,0,2,0,85,0,0,1,0,0,0,47,
11,5056,פתח תקווה,7900,147,6,0,560,427,0,427,15,36,0,0,0,0,66,0,0,0,0,0,0,0,0,14,125,0,0,0,6,0,142,0,0,0,0,0,0,23,
11,5057,פתח תקווה,7900,169,28,0,563,262,2,260,3,21,0,0,0,0,11,0,0,0,0,0,0,0,0,57,85,0,0,0,0,0,59,0,0,0,0,0,0,24,
11,5058,פתח תקווה,7900,175,11,0,440,186,3,183,8,5,2,0,0,0,1,0,0,0,0,0,0,0,0,41,71,0,0,0,3,0,44,0,0,0,0,0,0,8,
11,5059,פתח תקווה,7900,191.1,52,0,616,461,2,459,20,8,1,0,0,0,56,0,0,0,0,0,0,0,0,15,145,0,0,0,2,1,176,0,0,0,0,0,0,35,
11,5060,פתח תקווה,7900,191.2,52,0,616,432,1,431,28,10,0,1,0,0,61,0,0,0,0,0,0,0,0,16,128,1,0,1,3,0,165,0,0,0,0,0,0,17,
11,5061,פתח תקווה,7900,191.3,52,0,616,408,3,405,17,18,2,0,0,0,40,0,0,0,0,0,0,0,0,26,139,0,1,0,0,0,142,0,0,0,0,0,0,20,
11,5062,פתח תקווה,7900,191.4,52,0,616,435,6,429,22,17,3,1,0,0,55,0,0,0,0,0,0,0,0,33,145,0,0,0,3,0,132,0,0,0,0,0,0,18,
11,5063,פתח תקווה,7900,191.5,52,0,614,444,7,437,21,14,2,0,0,0,43,0,0,0,0,0,0,0,0,27,111,0,0,0,8,0,197,0,0,0,0,0,0,14,
11,5064,פתח תקווה,7900,194,88,0,541,366,1,365,12,4,0,0,0,0,13,0,0,0,0,0,0,0,0,29,168,1,0,0,1,0,91,0,0,0,0,0,0,46,
11,5065,פתח תקווה,7900,210,30,0,708,472,2,470,17,8,0,0,0,0,18,0,0,0,0,0,0,0,0,35,224,0,1,0,0,0,120,0,0,0,0,0,0,47,
11,5066,פתח תקווה,7900,212,65,0,552,363,2,361,12,2,1,0,0,0,7,0,0,0,0,0,0,0,1,48,180,0,1,0,1,0,84,1,0,0,0,0,0,23,
11,5067,פתח תקווה,7900,213,90,0,728,594,1,593,6,29,1,0,0,0,254,0,0,0,0,0,0,0,0,14,163,0,0,0,2,0,111,0,0,0,0,0,0,13,
11,5068,פתח תקווה,7900,221,5,0,672,440,2,438,25,5,2,0,0,0,25,0,0,0,0,0,0,0,0,67,124,0,0,0,1,0,175,0,0,0,0,0,0,14,
11,5069,פתח תקווה,7900,225.1,54,0,604,422,0,422,18,4,1,0,0,0,39,0,0,0,0,0,0,1,0,20,171,1,0,0,0,0,139,0,0,0,0,0,0,28,
11,5070,פתח תקווה,7900,225.2,54,0,604,432,1,431,17,7,0,1,0,0,50,0,0,0,0,0,0,0,1,24,171,0,0,0,2,0,140,0,0,0,0,0,0,18,
11,5071,פתח תקווה,7900,225.3,54,0,604,452,0,452,16,5,0,0,0,0,48,0,0,0,0,0,0,0,0,9,175,0,0,0,0,0,172,0,0,0,0,0,0,27,
11,5072,פתח תקווה,7900,225.4,54,0,601,433,3,430,27,5,4,3,0,0,32,0,0,0,0,0,0,0,0,20,147,0,0,0,1,0,180,1,0,0,0,0,0,10,
11,5073,פתח תקווה,7900,227,6,0,485,377,0,377,17,43,0,0,0,0,93,0,1,0,0,0,0,0,0,14,91,0,0,0,0,0,109,0,0,0,0,0,0,9,
11,5074,פתח תקווה,7900,229,30,0,743,535,8,527,20,1,0,2,0,0,14,0,0,0,0,0,0,0,0,35,275,0,0,0,2,0,144,0,1,0,0,1,0,32,
11,5075,פתח תקווה,7900,242,90,0,500,373,0,373,4,30,0,0,0,0,141,0,0,0,0,0,0,0,0,1,112,0,0,0,1,0,67,1,0,0,0,0,0,16,
11,5076,פתח תקווה,7900,251,67,0,533,417,1,416,26,32,0,0,0,0,86,0,0,0,0,0,0,0,0,13,118,0,0,0,2,0,122,1,0,0,0,1,0,15,
11,5077,פתח תקווה,7900,255,11,0,669,289,4,285,4,2,1,0,0,0,7,0,0,0,0,0,0,0,0,80,109,0,0,0,0,0,52,0,1,0,1,0,0,28,
11,5078,פתח תקווה,7900,256,11,0,534,263,1,262,7,10,3,0,0,0,4,0,0,0,0,0,0,0,1,63,98,0,0,0,2,0,49,0,0,0,0,0,0,25,
11,5079,פתח תקווה,7900,263,5,0,546,363,1,362,26,20,0,0,0,0,31,0,0,0,0,0,0,0,0,40,104,2,0,0,1,0,116,0,1,0,0,0,0,21,
11,5080,פתח תקווה,7900,265,118,0,621,423,4,419,5,3,0,1,0,0,10,0,0,0,0,0,0,0,0,89,210,0,0,0,0,0,80,1,0,0,0,0,0,20,
11,5081,פתח תקווה,7900,272,90,0,637,523,0,523,17,19,0,0,0,0,181,0,0,0,0,0,0,0,1,12,169,0,0,0,2,0,107,0,0,0,0,0,0,15,
11,5082,פתח תקווה,7900,273,132,0,660,518,0,518,22,4,0,1,0,0,44,0,0,0,0,0,0,0,0,17,209,0,0,0,1,0,202,0,0,0,0,0,0,18,
11,5083,פתח תקווה,7900,274,128,0,755,603,1,602,42,5,0,1,0,0,29,0,0,0,0,0,0,0,0,11,193,1,0,0,1,0,305,1,0,0,0,0,0,13,
11,5084,פתח תקווה,7900,276,132,0,615,508,2,506,50,0,2,1,0,0,28,0,0,0,0,0,0,0,0,17,161,1,0,0,2,0,236,0,0,0,0,0,0,8,
11,5085,פתח תקווה,7900,283.1,123,0,630,498,3,495,3,17,0,0,0,0,166,0,0,0,0,0,0,0,0,6,162,0,0,0,2,0,127,0,0,0,0,0,0,12,
11,5086,פתח תקווה,7900,283.2,123,0,630,509,0,509,19,16,0,2,0,0,148,0,0,0,0,0,0,0,0,9,144,1,0,0,1,1,161,0,0,0,0,0,0,7,
11,5087,פתח תקווה,7900,283.3,123,0,630,532,3,529,15,12,0,0,0,0,161,0,0,0,0,0,0,0,0,12,177,0,0,0,0,0,140,0,0,0,0,0,0,12,
11,5088,פתח תקווה,7900,284,128,0,547,451,3,448,17,5,0,0,0,0,35,0,0,0,0,0,0,0,0,14,137,0,0,0,2,0,229,0,0,0,0,2,0,7,
11,5090,פתח תקווה,7900,289,105,0,558,460,1,459,20,1,0,0,0,0,44,0,0,0,0,0,0,0,0,11,142,1,0,0,1,0,228,0,0,0,0,0,0,11,
11,5091,פתח תקווה,7900,300,122,0,618,475,5,470,17,18,0,1,0,0,117,0,0,0,0,0,0,0,0,13,134,0,0,0,1,0,160,0,0,0,0,0,0,9,
11,5092,פתח תקווה,7900,307,128,0,578,467,3,464,14,16,1,0,0,0,120,0,0,0,0,0,0,0,1,9,140,0,0,0,5,0,138,0,0,0,0,0,0,20,
11,5093,פתח תקווה,7900,311,132,0,705,590,2,588,40,4,2,0,0,0,50,0,0,0,0,0,0,0,0,29,163,2,0,0,0,0,281,0,0,0,0,0,0,17,
11,5094,פתח תקווה,7900,955,132,1,646,516,2,514,20,6,0,1,0,0,47,0,0,0,0,0,0,0,0,11,180,3,0,0,2,0,228,0,0,0,0,0,0,16,
11,5095,פתח תקווה,7900,959.1,10,0,649,496,0,496,27,3,0,0,0,0,17,0,0,0,0,0,0,0,0,17,172,1,0,0,0,0,240,0,0,0,0,0,0,19,
11,5096,פתח תקווה,7900,959.2,10,0,649,505,1,504,48,2,1,1,0,0,31,0,0,0,0,0,0,0,0,7,144,0,0,0,1,0,262,0,0,0,0,0,0,7,
11,5097,פתח תקווה,7900,959.3,10,0,649,509,0,509,30,3,1,1,0,0,20,0,0,0,0,0,0,0,0,12,175,0,0,0,1,0,249,0,0,0,0,0,0,17,
11,5098,פתח תקווה,7900,959.4,10,0,649,493,0,493,31,4,0,2,0,0,25,0,0,0,0,0,0,0,0,7,166,0,0,0,0,0,243,0,0,0,0,0,0,15,
11,5099,פתח תקווה,7900,959.5,10,0,645,487,3,484,29,6,3,0,0,0,30,0,0,0,0,0,0,0,0,14,129,1,0,0,0,0,267,0,0,0,0,0,0,5,
11,5100,פתח תקווה,7900,960,105,0,758,600,1,599,17,7,1,0,0,0,62,0,0,0,0,0,0,0,0,20,202,0,0,0,1,0,282,0,0,0,0,0,0,7,
11,5101,פתח תקווה,7900,1,117,0,566,341,2,339,9,2,0,0,0,0,12,0,0,0,0,0,0,0,0,47,159,0,0,0,0,0,101,0,0,0,0,0,0,9,
11,5102,פתח תקווה,7900,2.1,27,0,695,406,5,401,10,2,1,0,0,0,2,0,0,0,0,0,0,0,0,65,205,0,0,0,4,0,70,0,0,1,0,0,0,41,
11,5103,פתח תקווה,7900,2.2,27,0,695,368,5,363,12,4,0,0,0,0,9,0,0,0,0,1,0,1,0,78,148,1,0,0,0,0,75,0,0,0,0,0,0,34,
11,5104,פתח תקווה,7900,2.3,27,0,695,389,4,385,12,4,1,2,0,0,12,0,0,0,0,0,1,0,0,100,142,0,0,0,4,0,65,0,2,0,1,0,0,39,
11,5105,פתח תקווה,7900,2.4,27,0,695,377,6,371,5,3,3,0,0,0,11,0,0,0,0,0,0,0,0,81,152,0,1,0,1,0,78,0,0,0,0,0,0,36,
11,5106,פתח תקווה,7900,2.5,27,0,695,329,3,326,7,4,0,0,0,0,7,0,0,0,0,0,0,0,1,62,135,0,0,0,2,0,71,0,0,0,0,0,0,37,
11,5107,פתח תקווה,7900,2.6,27,0,695,332,3,329,8,2,0,2,0,0,5,0,0,0,1,0,0,0,0,113,122,0,0,0,2,0,64,0,0,0,0,0,0,10,
11,5108,פתח תקווה,7900,2.7,27,0,694,367,3,364,16,7,0,0,0,0,13,0,0,0,0,0,0,0,0,104,126,0,0,0,1,0,80,0,0,1,0,1,0,15,
11,5109,פתח תקווה,7900,3,129,0,639,526,0,526,17,1,1,0,0,0,21,0,0,0,0,0,0,0,0,31,202,0,0,0,1,0,228,1,0,0,0,0,0,23,
11,5110,פתח תקווה,7900,4,32,0,606,335,2,333,12,3,2,0,0,0,13,0,0,0,0,0,0,0,0,58,142,0,0,0,1,0,76,0,0,0,0,0,1,25,
11,5111,פתח תקווה,7900,5,127,0,754,490,2,488,17,12,1,0,0,0,34,0,0,0,0,0,0,0,0,44,228,0,0,0,1,0,98,0,0,0,0,0,0,53,
11,5112,פתח תקווה,7900,6,32,0,607,388,8,380,11,6,0,0,0,0,17,0,1,0,0,0,0,0,0,57,160,0,0,0,1,0,96,0,0,0,0,0,0,31,
11,5113,פתח תקווה,7900,7,100,0,587,284,1,283,8,1,1,0,0,0,5,0,0,0,0,0,0,0,0,63,121,0,0,0,2,0,62,0,0,0,0,0,0,20,
11,5114,פתח תקווה,7900,9,100,0,471,189,1,188,5,4,0,1,0,0,4,1,0,0,0,0,0,1,0,46,73,0,0,0,0,0,25,0,1,0,0,0,0,27,
11,5115,פתח תקווה,7900,10,127,0,635,389,5,384,13,2,0,0,0,0,16,0,0,0,0,0,0,0,0,62,155,1,0,0,0,0,102,0,0,0,0,0,0,33,
11,5116,פתח תקווה,7900,11.1,97,0,680,438,2,436,18,45,0,0,0,0,50,0,0,0,0,0,0,0,0,36,138,0,0,0,2,0,96,0,0,0,0,0,0,51,
11,5117,פתח תקווה,7900,11.2,97,0,680,440,1,439,23,52,1,0,0,0,50,0,0,0,1,0,0,0,0,37,131,0,0,0,1,0,73,0,0,0,0,0,0,70,
11,5118,פתח תקווה,7900,11.3,97,0,680,434,4,430,19,40,2,0,0,0,45,0,0,0,0,0,0,0,0,55,123,1,0,0,2,0,92,0,0,1,0,0,0,50,
11,5119,פתח תקווה,7900,11.4,97,0,677,419,1,418,19,81,0,0,0,0,36,0,0,0,0,0,0,0,0,46,119,0,0,0,3,0,85,0,0,0,0,0,0,29,
11,5120,פתח תקווה,7900,12,127,0,535,345,0,345,17,4,2,0,0,0,16,0,0,0,1,0,0,0,0,43,164,0,0,0,6,0,74,0,0,0,0,0,0,18,
11,5121,פתח תקווה,7900,82,15,0,607,418,1,417,16,58,0,1,0,0,51,0,0,0,0,0,0,0,0,24,96,0,0,0,2,0,138,0,0,0,0,1,0,30,
11,5122,פתח תקווה,7900,84,15,0,541,342,2,340,6,85,0,0,0,0,20,0,0,0,0,0,0,0,1,25,72,0,0,0,1,0,76,1,0,0,0,0,0,53,
11,5123,פתח תקווה,7900,87,15,0,544,332,2,330,15,52,0,0,0,0,25,0,0,0,0,0,0,0,0,38,83,1,0,1,0,0,88,0,0,0,0,0,0,27,
11,5124,פתח תקווה,7900,89,15,0,480,281,0,281,17,23,0,1,0,0,14,0,0,0,0,0,0,0,0,29,97,0,0,0,2,0,62,0,0,0,0,0,0,36,
11,5125,פתח תקווה,7900,91,26,0,598,329,5,324,8,7,0,1,0,0,3,0,0,0,0,0,0,0,0,37,170,2,0,0,1,0,62,0,0,0,0,0,0,33,
11,5126,פתח תקווה,7900,92,26,0,679,418,3,415,23,6,0,0,0,0,4,0,0,0,0,0,0,0,0,48,204,0,0,0,3,0,105,1,0,0,0,0,0,21,
11,5127,פתח תקווה,7900,93,26,0,719,433,2,431,16,35,3,1,0,0,18,0,0,0,0,0,0,0,0,99,112,0,0,0,2,0,118,1,0,0,0,0,0,26,
11,5128,פתח תקווה,7900,95,29,0,587,389,1,388,23,2,1,0,0,0,22,0,0,0,0,0,0,0,1,34,157,0,0,0,6,0,119,0,0,0,0,0,0,23,
11,5129,פתח תקווה,7900,98,29,0,653,318,1,317,10,5,0,1,0,0,7,0,0,0,0,0,0,0,1,47,143,0,0,0,2,0,75,0,0,0,0,0,0,26,
11,5130,פתח תקווה,7900,99,29,0,669,489,2,487,18,108,1,1,0,0,43,0,0,0,0,0,0,0,0,36,104,0,0,0,7,0,115,0,0,0,0,0,0,54,
11,5131,פתח תקווה,7900,100,17,0,446,278,0,278,11,1,2,0,0,0,7,0,0,0,0,0,0,1,0,45,106,0,0,0,0,0,91,0,0,0,0,0,2,12,
11,5132,פתח תקווה,7900,103,50,0,644,440,1,439,16,3,0,0,0,0,11,0,0,0,0,0,0,0,0,7,230,0,0,0,1,0,144,0,0,0,0,0,0,27,
11,5133,פתח תקווה,7900,104,114,0,628,418,1,417,26,0,1,0,0,0,16,0,0,0,0,0,0,0,0,14,205,0,1,0,1,0,113,0,0,0,0,0,0,40,
11,5134,פתח תקווה,7900,111,29,0,631,347,1,346,21,2,2,0,0,0,26,0,0,0,0,0,0,0,0,32,136,0,0,0,3,0,112,0,0,0,0,1,0,11,
11,5135,פתח תקווה,7900,113,36,0,723,503,7,496,16,148,1,0,0,0,50,0,0,0,0,0,0,0,0,32,81,1,2,0,3,0,78,0,0,0,0,0,1,83,
11,5136,פתח תקווה,7900,115,36,0,666,458,3,455,20,80,1,0,0,0,51,0,0,0,0,0,0,0,0,40,98,1,0,0,1,0,117,0,1,0,0,0,0,45,
11,5137,פתח תקווה,7900,117,17,0,686,430,4,426,28,6,0,2,0,0,13,0,0,0,0,0,0,0,0,38,161,0,1,0,4,0,162,0,0,0,0,0,0,11,
11,5138,פתח תקווה,7900,121,17,0,488,279,1,278,17,1,0,1,0,0,15,1,0,0,0,0,0,0,0,36,92,2,0,0,1,0,106,0,0,0,0,0,0,6,
11,5139,פתח תקווה,7900,122,17,0,558,355,3,352,17,2,0,0,0,0,9,0,0,0,0,0,0,0,0,38,137,1,0,1,0,0,137,0,0,0,0,0,0,10,
11,5140,פתח תקווה,7900,128,26,0,541,381,3,378,15,98,0,0,0,0,23,0,0,0,0,0,0,1,0,42,93,0,0,0,4,0,57,0,1,0,0,0,0,44,
11,5141,פתח תקווה,7900,131,15,0,687,408,1,407,18,57,0,0,0,0,14,0,0,0,0,0,0,0,0,68,122,0,0,0,0,0,72,0,0,1,0,0,0,55,
11,5142,פתח תקווה,7900,132,15,0,687,409,4,405,26,50,1,0,0,0,16,0,0,0,0,0,0,0,0,62,116,0,0,0,2,0,86,0,0,0,0,0,0,46,
11,5143,פתח תקווה,7900,133,15,0,440,240,2,238,12,2,2,0,0,0,3,0,0,0,0,0,0,0,0,47,81,0,1,0,2,0,65,0,0,0,0,0,0,23,
11,5144,פתח תקווה,7900,135,100,0,680,403,3,400,17,6,0,0,0,0,8,0,0,0,0,0,0,0,0,100,156,1,0,0,2,0,83,0,0,0,0,0,0,27,
11,5145,פתח תקווה,7900,136,100,0,508,241,0,241,8,0,1,0,0,0,5,0,0,0,0,0,0,0,0,65,102,0,1,0,1,0,45,0,0,0,0,0,0,13,
11,5146,פתח תקווה,7900,162,36,0,565,373,0,373,16,45,1,0,0,0,34,0,0,0,0,0,0,0,0,69,90,0,0,0,0,0,92,0,0,0,0,0,0,26,
11,5147,פתח תקווה,7900,170,32,0,634,447,2,445,21,4,2,0,0,0,13,0,0,1,0,0,0,0,0,60,222,0,0,0,1,0,103,1,0,0,0,0,0,17,
11,5148,פתח תקווה,7900,173,36,0,722,450,3,447,20,44,0,0,0,0,23,0,1,0,0,0,0,0,0,59,131,0,0,0,2,0,131,2,0,0,1,0,1,32,
11,5149,פתח תקווה,7900,200,55,0,768,619,2,617,38,3,0,1,0,0,14,0,0,0,0,0,0,0,0,35,194,0,0,0,0,0,319,0,0,0,0,0,1,12,
11,5150,פתח תקווה,7900,201,32,0,659,502,2,500,26,7,1,2,0,0,26,0,0,0,0,0,0,0,0,33,202,0,0,0,2,0,186,0,0,0,0,0,0,15,
11,5151,פתח תקווה,7900,202,63,0,540,419,0,419,36,4,2,0,0,0,13,0,0,0,0,0,0,0,0,23,134,0,0,0,0,0,199,0,0,0,0,0,0,8,
11,5152,פתח תקווה,7900,203,101,0,606,515,0,515,28,2,1,0,0,0,19,0,0,0,0,0,0,0,0,34,156,0,0,0,0,0,271,0,0,0,0,0,0,4,
11,5153,פתח תקווה,7900,204,55,0,639,521,1,520,32,5,0,1,0,0,13,0,0,0,0,0,0,0,0,16,167,1,0,0,0,0,282,0,0,0,0,0,0,3,
11,5154,פתח תקווה,7900,205,127,0,505,327,0,327,12,11,1,0,0,0,14,0,0,0,0,0,0,0,0,35,149,0,0,0,2,0,83,0,0,0,0,0,0,20,
11,5155,פתח תקווה,7900,207,120,0,761,572,0,572,34,5,1,1,0,0,15,0,0,0,0,0,0,0,0,15,233,0,0,0,2,0,245,1,0,0,0,0,0,20,
11,5156,פתח תקווה,7900,208,32,0,646,376,3,373,15,10,0,0,0,0,14,0,0,0,0,0,0,0,0,61,156,0,0,0,2,0,90,0,0,0,0,0,0,25,
11,5157,פתח תקווה,7900,209,85,0,623,464,2,462,35,2,0,1,0,0,16,0,0,0,0,0,0,0,0,29,169,1,0,0,0,0,196,0,0,0,0,0,0,13,
11,5158,פתח תקווה,7900,211,55,0,636,480,3,477,32,3,1,0,0,0,19,0,0,0,0,0,0,0,0,16,131,3,0,0,0,1,249,0,0,0,0,0,0,22,
11,5159,פתח תקווה,7900,215,107,0,494,317,1,316,9,8,0,3,0,0,7,0,0,0,0,0,0,0,2,64,124,1,0,0,0,0,77,0,0,0,0,0,0,21,
11,5160,פתח תקווה,7900,216,26,0,530,287,1,286,11,1,0,0,0,0,2,0,0,0,0,0,0,0,0,51,149,0,0,0,0,0,40,0,0,0,0,0,1,31,
11,5161,פתח תקווה,7900,217,15,0,681,427,2,425,12,8,2,1,0,0,26,0,0,0,0,0,0,0,0,52,168,1,0,0,1,0,106,1,0,0,0,0,0,47,
11,5162,פתח תקווה,7900,219,131,0,515,308,2,306,11,2,0,0,0,0,14,0,0,0,0,0,0,0,0,34,121,0,0,0,2,0,102,0,0,0,0,0,0,20,
11,5163,פתח תקווה,7900,222,36,0,555,352,1,351,14,85,0,0,0,0,20,0,0,0,0,0,0,0,0,48,67,0,0,0,1,0,63,0,0,0,0,0,0,53,
11,5164,פתח תקווה,7900,228,50,0,669,432,1,431,15,5,1,0,0,0,10,1,0,0,0,0,0,0,0,15,230,0,1,1,1,0,124,0,1,0,0,0,0,26,
11,5165,פתח תקווה,7900,234,107,0,549,448,1,447,21,2,0,0,0,0,41,0,0,0,0,0,0,0,0,32,139,2,0,0,0,0,199,0,0,0,0,0,0,11,
11,5166,פתח תקווה,7900,235,107,0,590,450,2,448,22,0,0,0,0,0,17,0,0,0,0,0,0,0,0,38,180,0,0,0,0,0,165,0,0,0,0,0,0,26,
11,5167,פתח תקווה,7900,240.1,94,0,697,451,8,443,9,9,1,1,0,0,49,0,0,0,0,0,0,0,0,52,180,0,0,0,7,0,98,0,0,0,0,0,1,36,
11,5168,פתח תקווה,7900,240.2,94,0,697,454,4,450,18,9,0,0,0,0,35,0,0,0,0,0,0,0,0,51,173,0,0,0,3,0,116,0,0,0,0,0,1,44,
11,5169,פתח תקווה,7900,240.3,94,0,697,451,0,451,17,9,0,1,0,0,29,0,0,0,0,0,0,0,0,75,191,1,0,0,6,0,84,0,0,0,0,0,0,38,
11,5170,פתח תקווה,7900,240.4,94,0,697,439,3,436,16,11,0,1,0,0,30,0,0,0,0,0,0,0,0,92,155,0,0,0,1,0,111,0,0,0,0,0,0,19,
11,5171,פתח תקווה,7900,244,109,0,742,609,0,609,37,2,0,1,0,0,20,0,0,0,0,0,0,0,0,23,171,1,0,0,2,0,348,0,0,0,0,0,0,4,
11,5172,פתח תקווה,7900,245,55,0,659,511,2,509,34,2,0,0,0,0,13,0,0,0,0,0,0,0,0,31,171,0,0,0,2,0,248,0,0,0,0,0,0,8,
11,5173,פתח תקווה,7900,246,115,0,556,465,1,464,15,1,0,2,0,0,24,0,0,0,0,0,0,0,0,15,147,0,1,0,1,0,245,0,0,0,0,0,0,13,
11,5174,פתח תקווה,7900,247,106,0,649,561,2,559,22,2,2,1,0,0,14,0,0,0,0,0,0,0,0,24,182,0,0,0,2,0,297,0,0,0,0,0,0,13,
11,5175,פתח תקווה,7900,248,101,0,616,508,4,504,35,1,0,0,0,0,10,0,0,0,0,0,0,0,0,22,136,0,0,0,0,0,285,0,0,0,0,0,1,14,
11,5176,פתח תקווה,7900,249,101,0,718,592,2,590,33,0,1,0,0,0,19,0,0,0,0,0,0,0,0,34,156,0,0,0,0,0,336,0,0,0,0,0,0,11,
11,5177,פתח תקווה,7900,257,107,0,715,566,1,565,18,10,0,0,0,0,106,0,0,0,0,0,0,0,0,30,237,0,0,1,3,0,133,0,0,0,0,0,0,27,
11,5178,פתח תקווה,7900,258,63,0,552,432,0,432,38,1,2,0,0,0,12,0,0,0,0,0,0,0,0,23,115,1,0,0,0,0,234,0,0,1,0,0,0,5,
11,5179,פתח תקווה,7900,259,131,0,548,427,1,426,8,1,0,0,0,0,13,0,0,0,0,0,0,0,0,39,198,0,0,0,0,0,154,0,0,0,0,0,0,13,
11,5180,פתח תקווה,7900,267,101,0,590,492,1,491,24,2,0,0,0,0,21,0,0,0,0,0,0,0,0,32,135,0,0,0,2,0,268,0,0,0,0,0,0,7,
11,5181,פתח תקווה,7900,268,107,0,658,502,2,500,32,6,0,0,0,0,29,0,0,0,1,0,0,0,0,24,212,0,0,0,0,0,167,0,0,0,0,0,0,29,
11,5182,פתח תקווה,7900,269,115,0,756,614,5,609,35,1,2,2,0,0,25,0,0,0,0,0,0,0,0,36,199,0,0,0,0,0,297,0,0,0,0,0,0,12,
11,5183,פתח תקווה,7900,270.1,22,0,628,475,2,473,1,22,0,0,0,0,117,0,0,0,0,0,0,0,0,13,149,0,0,0,5,0,33,0,0,0,0,0,0,133,
11,5184,פתח תקווה,7900,270.2,22,0,628,472,2,470,6,28,0,1,0,0,133,0,0,0,0,0,0,0,0,6,137,0,0,0,13,0,23,0,0,0,0,0,0,123,
11,5185,פתח תקווה,7900,270.3,22,0,628,515,0,515,3,25,1,2,0,0,155,0,0,0,1,0,0,0,0,7,162,0,0,0,8,0,23,0,0,0,0,0,0,128,
11,5186,פתח תקווה,7900,270.4,22,0,628,528,1,527,6,48,1,1,0,0,118,0,0,0,0,0,0,0,0,2,146,0,0,0,5,0,29,0,0,0,0,0,0,171,
11,5187,פתח תקווה,7900,270.5,22,0,628,497,3,494,7,21,0,1,0,0,126,0,0,0,0,0,0,0,0,4,144,0,0,0,0,0,25,0,0,0,0,0,0,166,
11,5188,פתח תקווה,7900,270.6,22,0,628,504,10,494,3,41,0,0,0,0,158,0,0,0,0,0,0,0,0,5,128,0,0,0,1,0,13,0,0,0,0,0,0,145,
11,5189,פתח תקווה,7900,270.7,22,0,624,486,3,483,5,21,0,0,0,0,148,0,0,0,0,0,0,0,0,10,142,0,0,0,7,1,40,0,0,0,0,0,0,109,
11,5190,פתח תקווה,7900,271,106,0,733,605,1,604,34,0,2,0,0,0,18,0,0,0,0,0,0,0,0,38,187,0,0,0,0,0,307,0,0,0,0,0,0,18,
11,5191,פתח תקווה,7900,277,117,0,747,520,2,518,33,0,1,0,0,0,8,0,0,0,0,0,0,0,1,31,187,0,0,0,0,0,235,0,0,0,0,0,0,22,
11,5192,פתח תקווה,7900,278,106,0,532,406,2,404,26,2,1,0,0,0,9,0,0,0,0,0,0,0,0,24,112,1,1,0,0,0,221,0,1,0,0,0,0,6,
11,5193,פתח תקווה,7900,279,131,0,665,490,6,484,22,3,0,0,0,0,12,0,0,0,0,0,0,0,0,96,176,1,0,0,3,0,156,0,0,0,0,0,0,15,
11,5194,פתח תקווה,7900,281,107,0,577,441,0,441,25,2,2,1,0,0,8,0,0,0,0,0,0,0,0,20,167,0,0,1,2,0,197,0,0,0,0,0,0,16,
11,5195,פתח תקווה,7900,282,120,0,706,576,1,575,18,1,2,1,0,0,23,0,0,0,0,0,0,0,0,30,225,0,0,0,2,0,266,0,0,0,0,0,0,7,
11,5196,פתח תקווה,7900,285,32,0,705,565,2,563,30,3,2,0,0,0,49,0,0,0,0,0,0,0,0,36,231,0,0,0,2,0,200,0,0,0,0,0,0,10,
11,5197,פתח תקווה,7900,287,117,0,711,587,0,587,38,3,0,0,0,0,15,0,0,0,0,0,0,0,0,37,166,0,0,0,1,0,315,0,1,0,0,0,0,11,
11,5198,פתח תקווה,7900,288,106,0,645,512,1,511,22,2,2,0,0,0,13,0,0,0,0,0,0,0,0,37,153,1,0,0,0,0,276,0,0,0,0,0,0,5,
11,5199,פתח תקווה,7900,290,107,0,535,427,1,426,10,5,0,1,0,0,51,0,0,0,0,0,0,0,0,24,163,1,0,0,3,0,136,0,0,0,0,0,0,32,
11,5200,פתח תקווה,7900,291,129,0,575,455,0,455,17,3,0,0,0,0,38,0,0,0,0,0,0,0,0,38,155,1,0,0,0,0,186,0,0,0,0,0,0,17,
11,5201,פתח תקווה,7900,292,107,0,669,497,0,497,18,1,2,3,0,0,24,0,0,0,0,0,0,0,0,28,195,0,2,0,2,0,199,0,0,0,0,0,0,23,
11,5202,פתח תקווה,7900,295,117,0,731,579,0,579,32,2,1,0,0,0,21,0,0,0,0,0,0,0,0,37,201,0,0,0,1,0,269,0,1,0,0,0,0,14,
11,5203,פתח תקווה,7900,298,101,0,716,569,2,567,25,3,1,0,0,0,19,0,0,0,0,0,0,0,0,40,155,1,0,0,1,0,315,0,0,0,0,0,0,7,
11,5204,פתח תקווה,7900,299,107,0,679,531,1,530,23,4,1,0,0,0,17,0,0,0,0,0,0,1,0,44,191,2,0,0,0,0,226,0,0,0,0,0,0,21,
11,5205,פתח תקווה,7900,302,115,0,693,558,2,556,33,1,0,0,0,0,19,0,0,0,0,0,0,0,0,26,180,0,0,0,0,0,281,1,0,0,0,0,0,15,
11,5206,פתח תקווה,7900,304,115,0,537,442,0,442,18,0,0,0,0,0,8,0,0,0,1,0,0,0,0,17,131,0,0,0,0,0,263,0,0,0,0,0,0,4,
11,5207,פתח תקווה,7900,305,106,0,674,526,2,524,21,0,0,0,0,0,5,0,0,0,0,0,0,0,0,25,179,0,0,0,0,0,284,0,0,0,0,0,0,10,
11,5208,פתח תקווה,7900,306,107,0,746,632,2,630,26,5,1,1,0,0,47,0,0,0,0,0,0,0,0,45,243,1,0,0,3,0,209,0,0,0,0,0,0,49,
11,5209,פתח תקווה,7900,308,129,0,661,520,2,518,15,1,2,2,0,0,20,0,0,0,0,0,0,0,0,24,209,0,0,0,2,0,229,0,0,0,0,1,0,13,
11,5210,פתח תקווה,7900,312,107,0,630,506,0,506,16,4,1,0,0,0,42,0,0,0,0,0,0,0,1,33,214,0,0,0,0,0,182,0,0,0,0,0,0,13,
11,5211,פתח תקווה,7900,313,131,0,669,508,2,506,22,2,0,0,0,0,13,0,0,0,0,0,0,0,0,49,200,0,0,0,0,0,199,1,0,0,0,0,0,20,
11,5212,פתח תקווה,7900,962,106,0,599,489,0,489,24,1,0,0,0,0,9,0,0,0,1,0,0,0,0,30,135,0,0,0,0,0,277,0,0,0,0,0,0,12,
10,4540,צוקי ים,1102,1,2,0,165,119,0,119,24,1,0,0,0,0,2,0,0,0,0,0,0,0,0,1,20,0,0,0,0,0,69,0,0,0,0,0,0,2,
2,952,צפרירים,1079,1,1,0,307,207,2,205,32,2,6,0,0,0,5,0,0,0,0,0,0,0,0,4,80,0,0,0,0,0,61,0,0,0,0,0,0,15,
18,9993,קוואעין שבט,972,1,1,0,489,118,1,117,0,0,93,0,0,0,0,0,0,0,0,1,0,0,0,0,21,0,0,0,0,0,2,0,0,0,0,0,0,0,
2,1116,קליה,3601,1,1,0,318,222,0,222,12,1,1,0,0,0,14,0,0,0,0,0,0,0,0,17,49,0,0,0,0,0,127,1,0,0,0,0,0,0,
8,3493,קרית אתא,6800,1,38,0,512,278,3,275,2,3,0,2,0,0,1,0,0,0,0,0,0,0,0,36,162,0,0,0,0,0,34,0,0,3,0,0,0,32,
8,3494,קרית אתא,6800,3,6,0,567,240,2,238,6,4,0,0,0,0,0,1,0,0,0,0,0,0,2,46,125,0,0,0,0,0,36,0,0,1,0,0,0,17,
8,3495,קרית אתא,6800,4,8,0,539,289,4,285,4,1,0,0,0,0,2,0,0,0,0,0,0,0,0,34,183,0,0,0,1,0,32,1,0,1,0,0,0,26,
8,3496,קרית אתא,6800,5,50,0,600,295,1,294,7,3,3,0,0,0,4,0,0,0,0,0,0,0,0,83,127,0,0,0,1,0,46,0,0,1,1,0,0,18,
8,3497,קרית אתא,6800,6,4,0,575,235,7,228,3,5,0,0,0,0,2,0,0,0,0,0,0,1,0,39,139,0,0,0,0,0,21,1,0,0,1,0,0,16,
8,3498,קרית אתא,6800,7,38,0,550,236,7,229,8,4,1,1,0,0,2,0,0,0,0,0,0,0,0,63,113,0,0,0,1,0,27,0,0,0,0,0,1,8,
8,3499,קרית אתא,6800,8,37,0,709,433,5,428,6,1,0,0,0,0,24,0,0,0,0,0,0,0,0,72,221,0,0,0,6,0,64,0,0,0,0,1,0,33,
8,3500,קרית אתא,6800,9,4,0,647,346,4,342,7,5,0,1,0,0,3,0,0,0,0,0,0,0,0,55,204,1,0,0,1,0,40,0,0,0,0,0,0,25,
8,3501,קרית אתא,6800,10,11,0,454,292,0,292,10,3,0,0,0,0,6,0,0,0,0,0,0,0,0,26,149,0,0,0,1,0,32,0,0,0,0,0,0,65,
8,3502,קרית אתא,6800,11,32,0,687,513,2,511,15,32,1,0,0,0,72,0,0,0,0,0,0,0,0,16,208,1,0,0,6,0,102,0,0,0,0,0,0,58,
8,3503,קרית אתא,6800,12,11,0,642,292,4,288,5,1,2,0,0,0,1,0,0,0,0,0,0,0,0,69,143,1,0,1,0,0,40,0,0,2,0,0,0,23,
8,3504,קרית אתא,6800,13,13,0,656,445,2,443,18,2,1,0,0,0,13,0,1,0,0,0,0,0,0,33,264,1,0,0,3,0,63,0,0,1,0,1,0,42,
8,3505,קרית אתא,6800,14,10,0,589,308,5,303,7,4,2,0,0,0,10,0,0,0,0,0,0,0,0,57,156,1,0,0,0,0,48,1,0,1,0,0,0,16,
8,3506,קרית אתא,6800,15,37,0,676,410,1,409,21,21,3,0,0,0,11,0,0,0,0,0,0,0,0,46,199,0,0,0,1,0,49,0,0,0,0,0,0,58,
8,3507,קרית אתא,6800,16,1,0,675,416,5,411,12,13,1,0,0,0,15,0,0,0,0,0,1,0,0,27,235,0,0,0,1,0,80,0,0,0,0,0,0,26,
8,3508,קרית אתא,6800,17,2,0,649,409,1,408,15,5,0,0,0,0,22,0,0,0,0,0,0,0,0,21,203,0,0,0,1,0,84,0,0,0,0,0,0,57,
8,3509,קרית אתא,6800,18,57,0,643,340,6,334,3,4,0,0,0,0,1,0,0,0,0,0,0,0,0,98,161,1,0,0,2,0,37,0,0,0,0,0,0,27,
8,3510,קרית אתא,6800,19,17,0,463,253,2,251,7,2,0,0,0,0,7,0,0,0,0,0,0,0,0,20,158,0,0,0,2,0,44,0,0,1,2,0,0,8,
8,3511,קרית אתא,6800,20,7,0,614,335,7,328,13,2,0,0,0,0,2,0,0,0,0,0,0,0,1,104,136,0,1,0,0,0,53,0,0,0,0,0,0,16,
8,3512,קרית אתא,6800,21,1,0,548,264,3,261,8,1,0,0,0,0,5,0,0,0,0,0,0,0,0,55,139,0,1,0,0,0,42,0,0,0,0,0,0,10,
8,3513,קרית אתא,6800,22,19,0,733,512,2,510,13,24,0,0,0,0,19,0,0,0,0,0,0,1,0,29,261,0,1,0,2,0,84,0,0,0,0,0,0,76,
8,3514,קרית אתא,6800,23,5,0,605,437,2,435,13,21,0,0,0,0,15,0,0,0,0,0,0,0,1,23,195,0,0,0,4,0,84,0,0,0,0,1,0,78,
8,3515,קרית אתא,6800,24,62,0,625,476,2,474,10,7,1,0,0,0,24,0,0,0,0,0,0,0,0,11,291,0,0,0,0,0,117,0,0,0,0,0,0,13,
8,3516,קרית אתא,6800,25,3,0,639,456,3,453,14,9,0,0,1,0,40,0,0,0,0,0,0,0,0,23,224,1,0,0,5,0,87,0,0,0,0,0,0,49,
8,3517,קרית אתא,6800,26,19,0,689,447,7,440,12,10,0,1,0,0,9,0,0,0,0,0,0,0,0,93,196,1,1,0,5,0,55,0,0,0,0,1,0,56,
8,3518,קרית אתא,6800,27,1,0,686,372,3,369,5,4,0,0,1,1,9,0,0,0,1,1,0,0,0,90,178,1,0,0,0,0,57,0,0,0,0,0,0,21,
8,3519,קרית אתא,6800,28,14,0,542,418,0,418,5,55,1,0,0,0,61,0,0,0,0,0,0,0,0,10,163,0,0,0,2,0,47,0,0,0,0,0,0,74,
8,3520,קרית אתא,6800,29,43,0,619,459,3,456,20,5,0,1,0,0,27,0,0,0,0,0,0,0,0,14,250,0,0,0,0,0,122,0,0,0,0,0,0,17,
8,3521,קרית אתא,6800,30,3,0,661,432,4,428,5,47,0,0,0,0,27,0,0,0,0,0,0,0,0,29,185,0,0,0,2,0,56,0,0,0,0,0,0,77,
8,3522,קרית אתא,6800,31,26,0,553,373,3,370,11,2,0,0,0,0,12,0,0,0,0,0,0,0,0,19,198,1,0,0,1,0,109,0,0,0,0,0,0,17,
8,3523,קרית אתא,6800,32,67,0,512,331,1,330,4,1,0,1,0,0,8,0,0,0,0,0,0,0,0,22,214,0,0,0,0,0,55,0,0,0,0,0,0,25,
8,3524,קרית אתא,6800,33,25,0,752,484,3,481,17,1,1,0,0,0,16,0,0,0,0,0,0,0,0,20,280,0,0,0,1,0,125,0,0,0,0,0,0,20,
8,3525,קרית אתא,6800,34,26,0,750,550,1,549,17,7,0,0,0,0,15,0,0,0,0,0,0,0,0,21,317,0,0,0,3,0,144,0,0,0,0,0,0,25,
8,3526,קרית אתא,6800,35,26,0,754,486,2,484,4,6,0,0,0,0,11,0,0,0,0,0,0,0,0,102,256,0,0,0,1,0,60,0,0,0,0,1,0,43,
8,3527,קרית אתא,6800,36,19,0,646,480,2,478,12,11,0,0,0,0,9,0,0,0,0,0,0,0,0,8,307,0,0,0,1,0,90,0,0,0,0,0,0,40,
8,3528,קרית אתא,6800,37,60,0,703,498,3,495,7,6,0,0,0,0,13,0,0,0,0,0,0,0,0,9,351,0,0,0,3,0,67,0,0,0,0,0,1,38,
8,3529,קרית אתא,6800,38,26,0,578,325,2,323,8,2,0,0,0,0,5,0,0,0,0,0,0,0,0,46,184,0,0,0,1,1,54,0,0,0,0,0,0,22,
8,3530,קרית אתא,6800,39,49,0,580,434,2,432,6,4,0,0,0,0,21,0,0,0,0,0,0,0,0,27,236,2,0,0,1,0,94,0,0,0,0,1,0,40,
8,3531,קרית אתא,6800,40,23,0,517,280,2,278,2,3,2,0,0,0,5,0,0,0,0,0,0,0,0,73,147,0,0,0,1,0,27,0,0,1,0,0,1,16,
8,3532,קרית אתא,6800,41,23,0,547,269,3,266,6,0,0,0,0,0,4,0,0,0,0,0,0,0,0,75,143,0,0,0,0,0,29,0,0,0,0,2,0,7,
8,3533,קרית אתא,6800,42,66,0,564,349,3,346,12,2,1,0,0,0,2,0,0,0,0,0,0,0,0,53,192,0,0,0,1,0,59,0,0,0,0,0,0,24,
8,3534,קרית אתא,6800,43,3,0,730,476,2,474,9,6,0,0,0,0,18,0,0,0,0,0,0,0,0,25,281,0,0,0,3,0,81,0,0,0,0,0,0,51,
8,3535,קרית אתא,6800,44,62,0,689,471,1,470,14,6,0,1,0,0,16,0,0,0,0,0,0,0,0,33,258,0,0,0,1,0,116,0,0,1,0,0,0,24,
8,3536,קרית אתא,6800,45,62,0,693,506,4,502,14,5,1,0,0,0,22,0,0,0,0,0,0,0,0,18,273,0,0,0,1,0,137,0,0,0,0,0,0,31,
8,3537,קרית אתא,6800,46,51,0,607,469,0,469,15,2,0,0,0,0,30,0,0,0,0,0,0,0,0,28,271,0,0,0,2,0,90,0,0,0,0,0,0,31,
8,3538,קרית אתא,6800,47,25,1,742,497,4,493,10,3,1,0,0,0,12,0,0,0,0,0,0,0,0,19,301,0,0,0,2,0,98,0,0,0,0,0,0,47,
8,3539,קרית אתא,6800,48,69,0,556,431,1,430,13,7,0,0,0,0,28,0,0,0,0,0,0,0,0,20,239,0,0,0,2,0,88,0,0,0,0,0,0,33,
8,3540,קרית אתא,6800,49,5,0,547,379,0,379,8,60,0,0,0,0,41,0,0,0,0,0,0,0,0,5,124,2,1,0,3,0,20,0,0,0,0,0,0,115,
8,3541,קרית אתא,6800,50,8,0,636,325,3,322,7,1,1,0,0,0,3,0,0,0,0,0,0,0,0,62,186,0,0,0,1,0,37,0,0,0,0,0,0,24,
8,3542,קרית אתא,6800,51,65,0,529,296,2,294,1,5,0,0,0,0,12,0,0,0,0,0,0,0,0,77,137,0,0,0,1,0,44,0,0,0,0,0,0,17,
8,3543,קרית אתא,6800,52,11,0,548,326,7,319,3,3,0,0,0,0,8,0,0,0,0,0,1,0,0,30,181,1,0,0,2,0,48,0,0,0,0,0,0,42,
8,3544,קרית אתא,6800,53,19,0,624,443,4,439,8,3,0,0,0,0,16,0,0,0,0,0,0,0,0,18,285,0,0,0,0,0,72,0,0,0,0,0,0,37,
8,3545,קרית אתא,6800,54,61,0,534,375,1,374,15,7,0,0,0,0,13,0,0,0,0,0,0,0,0,19,218,0,0,0,1,0,47,0,0,0,0,0,0,54,
8,3546,קרית אתא,6800,55,61,0,639,474,0,474,11,39,0,3,0,0,12,0,0,0,0,0,0,0,0,27,243,0,0,0,4,0,74,0,0,0,0,0,0,61,
8,3547,קרית אתא,6800,56,3,0,583,370,1,369,10,26,0,0,0,0,14,0,0,0,0,0,0,0,0,31,200,0,0,0,3,0,36,0,0,1,0,0,0,48,
8,3548,קרית אתא,6800,57,3,0,522,362,3,359,2,15,0,0,0,0,27,0,0,0,0,0,0,0,0,34,164,0,0,0,2,0,68,0,0,0,0,0,0,47,
8,3549,קרית אתא,6800,58,1,0,641,409,4,405,12,7,1,0,0,0,11,0,0,0,0,0,1,0,0,67,199,0,0,0,1,0,92,0,0,0,0,0,0,14,
8,3551,קרית אתא,6800,61,62,0,707,533,1,532,12,3,0,0,0,0,34,0,0,0,0,0,0,0,0,18,295,0,0,0,0,0,138,1,0,0,0,0,0,31,
8,3552,קרית אתא,6800,62,39,0,566,412,0,412,8,31,0,0,0,0,30,0,0,0,0,0,0,0,0,18,183,0,0,0,3,0,62,0,0,0,0,0,1,76,
8,3553,קרית אתא,6800,63,2,0,603,399,0,399,13,15,0,0,0,0,23,0,0,0,0,0,0,0,0,16,193,0,0,0,2,0,74,0,0,0,0,0,0,63,
8,3554,קרית אתא,6800,64,2,1,608,435,0,435,17,13,0,0,0,0,46,0,0,0,0,0,0,0,0,24,165,1,0,0,3,0,110,0,0,0,0,0,0,56,
8,3555,קרית אתא,6800,65,40,0,657,504,1,503,21,1,0,1,0,0,15,1,0,0,0,0,0,0,0,22,252,0,0,0,2,0,184,0,0,0,0,0,0,4,
8,3556,קרית אתא,6800,66,53,0,662,477,5,472,18,1,1,0,2,0,13,0,0,0,0,0,0,0,0,27,184,0,0,0,0,0,216,0,0,0,0,0,1,9,
8,3557,קרית אתא,6800,67,55,0,495,383,1,382,15,3,0,3,0,0,11,0,0,0,0,0,0,0,0,20,154,0,0,0,0,0,173,0,0,0,0,0,0,3,
8,3558,קרית אתא,6800,68,61,0,671,484,1,483,20,11,0,0,0,0,23,0,0,0,0,0,0,0,0,20,261,1,0,0,2,0,99,0,0,0,0,0,0,46,
8,3559,קרית אתא,6800,69,68,0,586,456,1,455,15,2,0,0,0,0,15,0,0,0,0,0,0,0,0,23,165,1,0,0,0,0,223,0,0,0,0,0,0,11,
8,3560,קרית אתא,6800,70,40,0,536,408,1,407,15,4,0,0,0,0,20,0,0,0,0,0,0,0,0,18,167,0,0,0,1,0,176,0,0,0,0,0,0,6,
8,3561,קרית אתא,6800,71,40,0,577,448,0,448,16,1,0,0,0,0,20,0,0,0,0,0,0,0,0,8,206,0,0,0,0,0,196,0,0,0,0,0,0,1,
8,3562,קרית אתא,6800,72,5,0,568,412,2,410,13,24,0,1,0,0,40,0,0,0,0,0,0,0,0,16,165,0,0,0,0,0,60,0,0,0,0,0,0,91,
8,3563,קרית אתא,6800,73,40,0,634,511,1,510,36,2,0,0,0,0,20,0,0,0,0,0,0,0,0,18,172,0,0,0,0,0,256,0,0,0,0,0,0,6,
8,3564,קרית אתא,6800,74,40,0,566,445,1,444,11,0,0,1,0,0,20,0,0,0,0,0,0,0,0,21,160,0,0,0,0,0,228,0,0,1,0,0,0,2,
8,3565,קרית אתא,6800,75,8,0,587,411,3,408,3,1,1,0,0,0,13,0,0,0,0,0,0,0,0,74,201,0,0,0,0,0,94,0,0,1,0,0,0,20,
8,3566,קרית אתא,6800,76,71,0,616,440,0,440,10,67,0,0,0,0,50,0,0,0,0,0,0,0,0,22,159,0,0,0,6,0,43,0,0,0,0,0,0,83,
8,3567,קרית אתא,6800,77,70,0,400,350,3,347,6,0,0,0,0,0,14,0,0,0,0,0,0,0,0,13,120,0,0,0,0,0,188,0,0,0,0,0,0,6,
8,3568,קרית אתא,6800,78,62,0,532,384,0,384,10,3,1,0,0,0,28,0,0,0,0,0,0,0,0,17,198,0,0,0,1,0,94,0,0,0,0,0,0,32,
8,3569,קרית אתא,6800,79,19,0,581,433,1,432,9,4,0,0,0,0,14,0,0,0,0,0,0,0,0,17,233,0,0,0,6,0,105,0,0,0,0,0,1,43,
8,3570,קרית אתא,6800,80,70,0,429,363,1,362,10,2,0,0,0,0,26,0,0,0,0,0,0,0,0,23,131,1,0,0,3,0,163,0,0,0,0,0,0,3,
17,8982,קרית גת,2630,1,10,0,410,219,4,215,3,2,0,0,0,0,12,0,0,0,0,0,0,0,2,2,123,0,0,0,1,0,37,0,0,0,0,0,0,33,
17,8983,קרית גת,2630,2,22,0,633,390,5,385,6,3,0,0,0,0,8,0,0,0,0,0,0,0,0,30,205,1,0,0,3,0,38,0,0,0,0,0,0,91,
17,8984,קרית גת,2630,3,6,0,435,261,3,258,7,6,0,0,0,0,10,0,0,0,0,0,0,0,0,29,133,0,0,0,4,0,23,0,0,0,0,0,0,46,
17,8985,קרית גת,2630,4,22,0,621,323,4,319,6,1,1,0,0,0,2,0,0,0,0,2,0,0,0,71,166,0,1,0,1,0,29,0,0,0,0,0,1,38,
17,8986,קרית גת,2630,5,12,1,604,344,16,328,5,9,0,0,0,0,2,0,0,0,0,0,0,0,0,96,143,0,1,0,0,0,23,0,0,0,0,0,0,49,
17,8987,קרית גת,2630,6,7,0,711,501,5,496,8,11,1,0,0,0,20,0,0,1,0,0,0,0,0,47,262,0,0,1,2,0,79,0,0,0,0,1,1,62,
17,8988,קרית גת,2630,8,7,0,617,410,2,408,9,8,1,0,0,0,12,0,0,0,0,0,0,0,0,8,263,0,0,0,2,0,30,0,0,0,0,0,1,74,
17,8989,קרית גת,2630,9,2,0,538,378,3,375,9,2,0,0,0,0,21,0,0,0,0,0,0,0,0,11,197,1,0,0,2,0,69,0,0,0,0,0,0,63,
17,8990,קרית גת,2630,10,7,0,520,381,0,381,8,1,0,0,0,0,27,0,0,0,0,0,0,0,0,8,232,1,0,1,2,0,20,0,0,0,0,0,0,81,
17,8991,קרית גת,2630,11,2,0,546,403,3,400,19,3,0,0,0,0,18,0,0,0,0,0,0,0,0,12,215,0,0,0,2,0,93,0,0,0,0,1,0,37,
17,8992,קרית גת,2630,12,2,0,650,471,2,469,8,6,0,0,0,0,30,0,0,0,0,0,0,0,0,33,245,0,0,0,4,0,68,0,0,0,0,0,0,75,
17,8993,קרית גת,2630,13,2,0,681,410,2,408,8,7,0,0,0,0,12,0,0,0,0,0,0,0,0,28,201,0,1,0,3,0,46,0,0,1,1,1,1,98,
17,8994,קרית גת,2630,14,1,0,742,491,3,488,10,4,1,1,0,0,3,0,0,0,0,1,0,0,0,33,274,0,0,0,3,1,40,0,0,0,1,0,0,116,
17,8995,קרית גת,2630,15,15,0,592,381,9,372,10,0,0,0,0,0,16,0,0,1,0,0,0,0,0,38,180,0,0,0,2,0,45,0,0,0,0,0,0,80,
17,8996,קרית גת,2630,16,8,0,609,384,6,378,3,10,0,0,0,0,11,0,0,0,0,0,0,1,0,29,199,0,0,0,4,0,52,0,0,0,0,0,0,69,
17,8997,קרית גת,2630,17,18,0,508,365,1,364,5,1,0,0,0,0,15,0,0,0,0,0,0,0,0,22,215,0,0,0,3,0,45,0,0,0,0,0,0,58,
17,8998,קרית גת,2630,18,8,0,473,296,3,293,3,9,0,1,0,0,13,0,0,0,0,0,0,0,0,38,145,0,0,1,0,0,31,0,0,0,0,0,0,52,
17,8999,קרית גת,2630,19,6,0,525,315,8,307,3,4,0,1,0,0,5,0,0,0,0,0,0,0,0,63,165,0,0,0,1,0,30,1,0,0,0,0,0,34,
17,9000,קרית גת,2630,20,22,0,468,260,5,255,4,2,0,1,0,0,5,0,0,0,0,0,0,0,0,35,111,2,0,1,1,0,32,0,0,0,0,0,0,61,
17,9001,קרית גת,2630,21,29,0,414,272,5,267,5,30,0,0,0,0,11,0,0,0,0,0,0,0,0,24,104,0,0,0,0,0,22,0,0,1,0,0,0,70,
17,9002,קרית גת,2630,22,29,0,590,408,4,404,17,4,0,0,0,0,13,0,0,0,0,0,0,0,0,30,176,0,0,0,4,0,89,0,0,0,0,1,0,70,
17,9003,קרית גת,2630,23,6,0,485,286,3,283,6,3,0,0,0,0,12,0,0,0,0,0,0,0,0,30,141,1,0,0,1,0,43,0,0,0,0,0,0,46,
17,9004,קרית גת,2630,24,18,0,554,402,3,399,12,2,0,0,0,0,21,0,0,0,0,0,0,0,0,2,215,0,0,0,1,0,86,0,0,0,0,0,0,60,
17,9005,קרית גת,2630,25,7,0,620,487,4,483,12,2,0,0,0,0,28,0,0,0,0,0,0,0,0,35,270,0,0,0,0,0,62,0,0,0,0,0,0,74,
17,9006,קרית גת,2630,26,24,0,621,361,5,356,8,6,1,0,0,0,16,0,0,0,0,0,0,0,0,38,190,0,1,0,1,0,39,0,0,0,0,0,0,56,
17,9007,קרית גת,2630,27,28,0,662,518,1,517,16,5,0,0,0,0,36,0,0,0,0,0,0,0,0,41,249,1,0,0,2,0,112,0,0,0,0,0,0,55,
17,9008,קרית גת,2630,28,8,0,645,402,1,401,5,9,0,0,0,0,9,0,0,0,1,0,0,0,2,36,237,0,0,0,1,0,45,0,0,0,0,0,0,56,
17,9009,קרית גת,2630,29,11,0,426,291,3,288,4,3,0,0,0,0,6,0,0,0,0,1,0,0,0,36,161,1,0,0,1,0,50,0,0,0,0,0,0,25,
17,9010,קרית גת,2630,30,11,0,591,438,1,437,18,14,0,0,0,0,29,0,0,0,0,0,0,0,0,38,198,1,0,0,2,0,69,0,0,0,0,0,0,68,
17,9011,קרית גת,2630,31,3,0,606,356,9,347,3,6,0,1,0,0,6,0,0,0,0,0,0,0,1,55,184,0,0,0,3,0,36,0,0,0,0,0,0,52,
17,9012,קרית גת,2630,32.1,4,0,663,458,3,455,8,5,0,1,0,0,21,0,0,0,0,0,0,0,1,35,273,0,0,0,3,0,49,0,0,1,0,0,0,58,
17,9013,קרית גת,2630,32.2,4,0,663,496,8,488,6,2,0,0,0,0,22,0,0,0,0,0,0,0,0,56,247,0,0,1,2,0,81,1,0,0,0,0,0,70,
17,9014,קרית גת,2630,32.3,4,0,663,457,4,453,9,6,0,0,0,0,25,0,0,0,0,0,0,0,0,47,219,1,0,0,2,0,78,0,0,0,2,0,0,64,
17,9015,קרית גת,2630,32.4,4,0,663,471,1,470,8,5,0,0,0,0,24,0,0,0,0,0,0,0,1,45,251,0,0,0,1,0,62,1,0,0,0,0,0,72,
17,9016,קרית גת,2630,32.5,4,0,663,446,4,442,6,7,0,0,0,0,13,0,0,0,0,0,0,0,0,78,227,0,0,0,3,0,66,0,0,0,0,1,0,41,
17,9017,קרית גת,2630,33,3,0,489,316,2,314,7,6,0,0,0,0,9,0,0,0,0,0,0,0,0,23,187,0,0,0,1,0,42,0,0,0,0,0,0,39,
17,9018,קרית גת,2630,34,3,0,549,348,8,340,8,8,0,0,0,0,13,0,0,0,0,0,0,0,1,41,164,0,0,0,3,0,58,0,0,0,0,0,0,44,
17,9019,קרית גת,2630,35,3,0,486,325,2,323,18,12,0,0,0,0,18,0,0,0,0,0,0,0,0,13,132,0,0,0,2,0,80,0,0,0,0,0,0,48,
17,9020,קרית גת,2630,36,11,0,506,293,3,290,4,13,0,0,0,0,2,0,0,0,0,0,0,0,0,29,150,0,0,0,2,0,37,0,0,0,0,0,0,53,
17,9021,קרית גת,2630,38,11,0,453,276,8,268,5,1,0,0,0,0,6,0,0,2,0,0,0,0,0,31,141,0,0,0,1,0,43,0,0,0,0,0,0,38,
17,9022,קרית גת,2630,39,11,0,457,339,0,339,14,23,0,0,0,0,28,0,0,0,0,0,0,0,0,16,145,0,0,0,4,0,59,0,0,0,0,0,0,50,
17,9023,קרית גת,2630,41,5,0,654,362,7,355,9,39,0,0,0,0,6,0,0,0,0,0,0,0,0,90,136,1,0,0,2,0,35,0,0,0,0,0,0,37,
17,9024,קרית גת,2630,42,5,0,526,323,4,319,6,9,0,1,0,0,8,0,0,0,0,0,0,1,0,54,145,0,0,0,0,0,65,0,0,0,2,0,0,28,
17,9025,קרית גת,2630,45,18,0,597,443,1,442,8,2,0,0,0,0,18,0,0,0,0,0,0,0,0,6,265,0,0,0,2,0,72,1,0,0,0,1,0,67,
17,9026,קרית גת,2630,46,28,0,749,545,2,543,10,2,0,1,0,0,33,0,0,0,0,0,0,0,0,26,293,0,0,0,1,0,99,0,0,0,0,0,0,78,
17,9027,קרית גת,2630,49,14,0,520,313,2,311,5,4,0,0,0,0,5,0,0,0,0,0,0,0,0,109,106,0,0,0,2,0,53,1,0,1,0,0,0,25,
17,9028,קרית גת,2630,51,13,0,556,352,7,345,6,2,0,2,0,0,2,0,0,0,0,0,0,1,0,151,104,1,0,0,0,0,65,0,0,0,0,0,0,11,
17,9029,קרית גת,2630,52,13,0,617,425,1,424,9,4,0,1,0,0,15,0,0,0,0,0,0,0,0,68,228,1,0,0,2,0,42,0,0,0,0,0,0,54,
17,9030,קרית גת,2630,55,17,0,727,534,0,534,1,242,0,1,0,0,11,0,0,0,0,0,0,0,0,58,74,0,0,0,3,0,32,0,1,0,0,0,0,111,
17,9031,קרית גת,2630,56,17,0,637,508,3,505,2,140,0,0,0,0,5,0,0,0,0,0,0,0,1,31,63,0,0,0,2,0,16,0,0,0,0,0,0,245,
17,9032,קרית גת,2630,57,17,0,670,508,3,505,6,12,0,0,0,0,32,0,1,0,0,0,0,0,0,13,241,0,0,0,3,0,70,0,0,0,0,0,0,127,
17,9033,קרית גת,2630,58,14,0,744,488,8,480,6,4,0,0,0,0,11,0,0,0,0,0,0,0,0,122,228,0,0,0,0,0,48,0,0,1,0,0,0,60,
17,9034,קרית גת,2630,59,14,0,625,411,5,406,4,9,0,0,0,0,7,0,0,0,0,0,0,0,0,129,170,0,1,0,2,0,55,0,0,1,0,0,0,28,
17,9035,קרית גת,2630,60,14,0,620,359,8,351,1,0,0,0,0,0,3,0,0,0,0,0,0,0,0,113,165,0,0,0,0,0,36,0,0,0,0,0,0,33,
17,9036,קרית גת,2630,61,19,0,638,422,3,419,5,2,0,0,0,0,16,0,0,0,0,0,0,0,0,123,193,0,0,0,0,0,56,0,0,0,0,0,0,24,
17,9037,קרית גת,2630,63,17,0,778,601,1,600,12,10,0,0,0,0,36,0,0,0,0,0,0,0,0,56,319,0,0,0,0,0,78,0,0,0,0,0,0,89,
17,9038,קרית גת,2630,64,19,0,554,367,7,360,7,1,0,0,0,0,13,0,0,0,0,0,0,0,0,94,162,1,1,0,0,0,45,0,0,0,0,0,0,36,
17,9039,קרית גת,2630,65,17,0,576,384,3,381,2,72,0,0,0,0,3,0,0,0,0,1,0,1,0,98,77,1,0,2,0,0,18,0,1,0,0,1,0,104,
17,9040,קרית גת,2630,66,14,0,692,490,2,488,8,9,0,0,0,0,12,0,0,0,0,0,0,0,0,102,221,2,4,0,0,0,68,0,0,0,0,0,0,62,
17,9041,קרית גת,2630,67,19,0,572,344,3,341,5,4,1,0,0,0,7,0,0,0,0,0,0,0,0,72,145,0,0,0,0,0,39,0,1,0,1,1,0,65,
17,9042,קרית גת,2630,68,17,0,590,458,1,457,17,39,0,0,0,0,17,0,0,0,0,0,0,0,0,12,230,0,0,0,3,0,92,0,0,0,0,0,0,47,
17,9043,קרית גת,2630,69,19,0,504,288,0,288,3,3,1,0,0,0,6,0,0,0,0,0,0,0,0,58,134,0,0,0,2,0,42,0,0,0,0,0,1,38,
17,9044,קרית גת,2630,70.1,23,0,692,496,3,493,10,1,0,0,0,0,12,0,0,0,0,0,1,0,0,49,296,0,0,2,2,0,76,0,0,0,0,0,0,44,
17,9045,קרית גת,2630,70.2,23,0,692,453,2,451,4,4,1,0,0,0,17,0,0,0,0,0,0,0,0,85,196,0,0,0,3,0,75,0,0,0,0,0,0,66,
17,9046,קרית גת,2630,70.3,23,0,692,492,7,485,8,3,0,0,0,0,18,0,1,0,0,0,0,0,0,66,253,0,0,1,6,0,66,0,0,0,1,0,0,62,
17,9047,קרית גת,2630,70.4,23,0,690,478,3,475,8,3,2,0,0,0,17,0,0,0,0,0,0,0,0,88,224,0,1,0,4,0,99,0,0,0,0,0,0,29,
17,9048,קרית גת,2630,71,13,0,459,264,2,262,4,2,0,0,0,0,2,0,0,0,0,0,0,0,0,95,105,1,0,0,0,0,37,0,0,2,0,0,0,14,
17,9049,קרית גת,2630,72,25,0,750,675,2,673,1,434,0,2,0,0,20,0,0,0,0,0,0,0,0,0,31,0,0,0,2,0,0,0,0,0,0,0,0,183,
17,9050,קרית גת,2630,73,17,0,654,532,2,530,5,225,0,0,0,0,23,0,0,0,0,0,0,0,0,7,136,0,0,0,1,0,51,0,0,0,0,0,0,82,
17,9051,קרית גת,2630,74,25,0,786,722,7,715,0,623,1,0,0,0,14,0,0,0,0,0,0,0,0,0,9,0,0,0,2,0,0,0,0,0,0,0,0,66,
17,9052,קרית גת,2630,75,28,0,726,574,8,566,10,8,0,1,0,0,37,0,0,0,0,0,0,0,1,43,275,0,0,0,3,1,124,0,0,0,0,0,0,63,
8,3573,קרית ים,9600,1,1,0,647,396,3,393,19,2,0,1,0,0,10,0,0,0,0,0,0,0,0,32,192,0,0,0,0,0,123,0,0,0,0,0,1,13,
8,3574,קרית ים,9600,2,9,0,647,407,0,407,21,2,0,0,0,0,4,0,0,0,0,0,0,0,0,49,218,1,0,0,0,0,96,1,1,0,0,0,0,14,
8,3575,קרית ים,9600,3,5,0,659,372,4,368,8,4,0,1,0,0,1,0,0,0,0,0,0,0,1,86,165,0,0,0,3,0,65,0,0,1,0,0,0,33,
8,3576,קרית ים,9600,4,5,0,666,410,1,409,5,13,0,1,0,0,19,0,0,0,0,0,0,0,0,25,189,0,0,0,3,0,121,0,0,0,0,0,0,33,
8,3577,קרית ים,9600,5,5,0,560,293,13,280,5,1,0,2,0,0,8,0,0,0,0,0,0,0,0,51,141,0,0,0,1,0,36,0,0,0,0,0,0,35,
8,3578,קרית ים,9600,6,18,0,705,310,2,308,3,0,0,1,0,0,9,0,0,0,0,0,0,0,0,39,194,0,0,1,1,0,41,0,0,0,0,0,0,19,
8,3579,קרית ים,9600,7,27,0,501,243,3,240,5,1,0,0,0,0,5,0,0,0,0,0,1,0,1,47,138,0,0,0,1,0,22,0,0,0,0,0,1,18,
8,3580,קרית ים,9600,8,27,0,648,313,7,306,7,2,2,0,0,0,17,0,0,0,0,0,0,0,1,28,168,0,0,0,2,0,50,0,0,1,0,0,0,28,
8,3581,קרית ים,9600,9,2,0,674,330,5,325,8,0,0,0,0,0,2,0,0,0,0,0,0,0,0,96,156,0,0,0,0,0,51,0,0,0,0,0,0,12,
8,3582,קרית ים,9600,10,27,0,576,284,2,282,6,4,0,0,0,0,4,0,0,0,0,2,0,0,0,44,152,1,1,0,5,0,38,0,1,0,0,0,0,24,
8,3583,קרית ים,9600,11,27,0,677,340,1,339,5,6,0,0,0,0,7,1,0,0,0,0,0,0,0,44,200,0,0,0,1,0,39,0,0,0,0,0,1,35,
8,3584,קרית ים,9600,12,3,0,701,344,5,339,4,4,0,1,0,0,9,0,0,0,0,0,1,0,0,40,230,0,0,0,3,0,36,0,0,0,0,0,0,11,
8,3585,קרית ים,9600,13,3,0,594,274,4,270,4,3,0,1,0,0,3,0,0,0,0,0,0,0,1,78,127,0,0,0,1,0,44,0,0,0,0,0,0,8,
8,3586,קרית ים,9600,14,4,0,661,315,5,310,11,2,1,0,0,0,4,0,0,0,0,0,0,0,0,78,136,0,0,0,0,0,60,0,0,0,0,0,0,18,
8,3587,קרית ים,9600,15,3,0,669,367,3,364,4,4,1,0,0,0,0,0,0,1,0,0,0,0,0,180,120,0,0,2,1,1,39,0,0,3,1,0,0,7,
8,3588,קרית ים,9600,16,4,0,618,359,5,354,9,4,1,0,0,0,5,0,0,0,0,1,0,0,0,68,181,0,0,0,3,0,60,0,0,0,0,0,0,22,
8,3589,קרית ים,9600,17,27,0,631,332,4,328,7,4,0,0,0,0,14,0,0,0,0,0,0,0,0,49,196,0,0,0,0,0,38,0,0,2,0,1,1,16,
8,3590,קרית ים,9600,18,3,0,582,257,2,255,7,6,0,1,1,0,4,0,0,0,0,0,0,0,0,75,115,0,0,0,0,0,34,0,0,1,0,0,0,11,
8,3591,קרית ים,9600,19,18,0,633,315,8,307,2,1,1,0,0,0,5,0,1,0,0,0,0,0,0,126,124,1,0,0,1,0,25,0,0,1,0,0,0,19,
8,3592,קרית ים,9600,20,9,1,737,445,3,442,19,0,1,1,0,0,5,0,0,0,0,0,0,0,0,109,205,0,0,0,1,0,84,0,0,0,0,0,0,17,
8,3593,קרית ים,9600,21,8,0,599,229,5,224,4,10,0,0,0,0,4,0,0,0,0,0,0,0,0,62,105,0,0,0,0,1,31,0,0,0,0,1,0,6,
8,3594,קרית ים,9600,22,31,0,687,314,1,313,4,0,0,1,0,0,8,0,0,0,0,0,1,0,0,90,144,0,0,0,1,0,54,0,0,1,0,0,0,9,
8,3595,קרית ים,9600,23,1,0,682,475,1,474,22,1,1,1,0,0,10,0,0,0,0,0,0,0,0,56,264,0,4,0,0,0,102,0,0,0,0,0,0,13,
8,3596,קרית ים,9600,24,8,0,741,368,7,361,14,3,1,0,0,0,5,0,0,0,0,0,0,0,0,92,157,1,0,0,3,0,64,0,0,0,0,0,0,21,
8,3597,קרית ים,9600,25,15,0,656,486,3,483,12,1,0,0,0,0,20,0,0,0,0,0,0,0,0,37,229,0,0,0,3,0,157,0,0,0,0,0,0,24,
8,3598,קרית ים,9600,26,29,0,664,351,2,349,8,2,0,0,0,0,5,0,0,0,0,0,0,0,2,98,168,0,0,0,1,0,51,0,0,0,0,0,0,14,
8,3599,קרית ים,9600,27,2,0,531,232,4,228,1,0,0,0,0,0,3,0,0,0,0,0,0,0,0,68,107,0,0,0,1,0,37,0,0,0,0,0,0,11,
8,3600,קרית ים,9600,28,7,0,468,219,1,218,1,1,0,0,0,0,5,0,0,0,0,0,0,0,0,78,102,0,0,0,0,1,23,0,1,2,1,0,0,3,
8,3601,קרית ים,9600,29,2,0,697,339,0,339,3,0,1,1,0,0,1,0,0,0,0,1,0,0,0,74,175,0,0,0,1,0,57,0,0,0,0,0,0,25,
8,3602,קרית ים,9600,30,38,0,544,240,3,237,5,1,0,0,0,0,5,0,0,0,0,1,1,1,0,58,121,1,0,0,3,0,25,0,0,1,0,0,0,14,
8,3603,קרית ים,9600,31,2,0,568,258,3,255,3,3,0,1,0,0,3,0,0,0,0,0,0,0,0,88,116,1,0,0,0,0,27,0,0,0,0,0,0,13,
8,3604,קרית ים,9600,32,6,1,575,406,2,404,12,2,0,1,0,0,6,0,0,0,0,0,0,0,0,39,187,0,0,0,1,0,147,0,0,0,0,0,0,9,
8,3605,קרית ים,9600,33,15,0,674,414,4,410,11,1,0,0,0,0,11,0,0,0,0,0,0,1,0,52,212,0,0,0,1,0,108,0,0,0,2,0,1,10,
8,3606,קרית ים,9600,34,15,0,567,274,1,273,6,2,0,1,0,0,2,0,0,0,0,0,0,0,1,86,116,0,0,0,0,0,52,0,0,0,0,0,0,7,
8,3607,קרית ים,9600,35,30,0,491,280,5,275,3,2,0,0,0,0,3,0,0,0,1,0,0,1,0,73,126,1,0,0,2,0,50,0,0,0,0,0,0,13,
8,3608,קרית ים,9600,36,21,0,538,357,3,354,10,1,0,1,0,0,6,0,0,1,0,0,0,0,0,97,167,0,0,0,1,0,60,0,0,0,0,0,0,10,
8,3609,קרית ים,9600,37,30,0,547,329,5,324,4,0,0,1,0,0,4,0,0,0,0,0,0,0,0,116,141,0,0,0,5,0,41,0,0,0,0,0,0,12,
8,3610,קרית ים,9600,38,30,0,631,355,2,353,3,1,1,0,0,0,5,0,0,0,1,1,0,0,0,98,164,0,0,0,1,0,65,1,0,1,0,0,0,11,
8,3611,קרית ים,9600,39,21,0,523,345,4,341,5,1,0,0,0,0,5,0,0,0,0,0,0,0,0,106,166,2,0,0,0,0,50,0,0,1,0,0,0,5,
8,3612,קרית ים,9600,40,1,0,564,331,2,329,10,10,1,0,0,0,15,0,0,0,0,0,0,0,0,49,161,0,0,0,0,0,67,0,0,0,0,1,0,15,
8,3613,קרית ים,9600,41,1,0,620,365,3,362,14,2,0,0,0,0,7,0,0,0,0,0,0,0,0,69,156,1,0,0,3,0,96,0,0,0,0,0,1,13,
8,3614,קרית ים,9600,42,1,0,698,428,3,425,8,1,0,0,0,0,10,0,0,0,0,0,0,0,1,73,191,1,0,0,0,0,111,0,0,1,0,0,1,27,
8,3615,קרית ים,9600,43,1,0,714,465,1,464,23,2,0,0,0,0,23,0,0,0,0,0,0,0,1,48,214,0,0,0,3,0,131,0,0,0,0,0,0,19,
8,3616,קרית ים,9600,44,31,0,618,361,6,355,16,4,0,0,0,0,7,0,0,0,0,0,0,0,0,59,176,0,0,1,0,0,77,0,0,1,0,0,0,14,
8,3617,קרית ים,9600,45,31,0,642,290,2,288,6,4,0,0,0,0,1,0,0,0,0,0,0,1,0,91,120,1,0,0,0,0,45,0,0,0,0,0,0,19,
8,3618,קרית ים,9600,46,9,0,645,381,4,377,6,1,0,0,0,0,7,0,0,0,0,0,0,0,0,69,184,1,0,0,0,0,83,0,0,0,0,0,0,26,
8,3619,קרית ים,9600,47,27,0,477,289,2,287,7,4,0,0,0,0,14,0,0,0,0,0,1,0,0,23,189,0,0,0,1,0,32,0,0,0,0,0,0,16,
8,3620,קרית ים,9600,48,9,0,693,494,3,491,14,3,0,1,0,0,18,0,1,0,0,0,0,1,0,56,212,0,0,0,2,0,165,0,0,1,0,0,1,16,
8,3621,קרית ים,9600,49,5,0,656,362,4,358,14,1,0,0,0,0,6,0,1,0,0,0,0,0,0,74,171,0,0,0,0,0,78,0,0,0,0,0,0,13,
8,3622,קרית ים,9600,50,31,0,728,434,2,432,10,1,0,1,0,0,8,0,0,0,0,0,0,0,1,123,190,0,0,0,1,0,85,0,0,0,0,0,0,12,
8,3623,קרית ים,9600,51,21,0,543,320,0,320,6,3,0,0,0,0,2,0,0,0,0,0,0,0,0,118,131,0,0,0,0,0,57,0,0,0,0,0,0,3,
8,3624,קרית ים,9600,52,21,0,588,372,2,370,15,2,0,0,0,0,9,0,0,0,0,0,0,0,0,70,182,0,0,0,2,1,78,0,0,0,0,1,0,10,
8,3625,קרית ים,9600,53,15,0,547,364,3,361,9,4,0,0,0,0,9,0,0,0,0,0,0,0,0,53,173,0,0,0,1,0,101,0,0,0,0,0,0,11,
8,3626,קרית ים,9600,60,38,0,640,522,7,515,10,0,0,0,0,0,7,0,0,0,0,0,0,0,0,59,246,0,0,0,2,0,176,0,0,0,0,0,0,15,
8,3627,קרית ים,9600,61,38,0,548,429,0,429,15,1,0,0,0,0,20,0,0,0,0,0,0,0,0,35,193,0,0,0,0,0,150,0,0,0,0,0,0,15,
8,3628,קרית ים,9600,62,38,0,680,532,3,529,10,6,0,0,0,0,10,0,0,0,0,0,0,0,0,78,245,1,1,0,0,0,167,0,0,0,0,0,0,11,
8,3629,קרית ים,9600,63,38,0,703,544,2,542,13,6,0,1,0,0,13,0,0,0,0,0,0,0,0,62,250,0,0,0,2,0,181,1,0,0,0,0,0,13,
8,3630,קרית ים,9600,64,15,0,463,317,0,317,7,5,0,0,0,0,7,0,0,0,0,0,0,0,0,63,129,0,0,0,1,0,95,0,0,0,0,0,0,10,
8,3631,קרית ים,9600,950,38,0,599,439,3,436,10,1,0,1,1,0,17,0,0,0,0,0,0,0,0,32,202,0,0,0,0,0,154,0,0,0,0,0,0,18,
13,5807,ראשון לציון,8300,13,31,0,709,443,3,440,21,0,0,0,0,0,13,0,0,0,0,0,0,0,0,69,167,0,0,0,1,0,159,0,0,0,0,0,1,9,
13,5808,ראשון לציון,8300,26,10,0,734,347,5,342,15,4,0,0,0,0,8,0,1,0,0,0,0,0,1,41,120,0,0,0,0,0,140,0,1,1,0,0,0,10,
13,5809,ראשון לציון,8300,27,10,0,464,233,0,233,8,1,0,0,0,0,10,0,0,0,0,0,0,0,0,37,75,0,0,0,0,0,97,0,0,0,0,0,0,5,
13,5810,ראשון לציון,8300,28,10,0,656,378,0,378,29,0,0,0,0,0,4,0,0,0,0,0,0,0,0,61,106,0,0,0,0,0,163,0,0,0,0,0,0,15,
13,5811,ראשון לציון,8300,30,36,0,497,244,0,244,16,6,0,0,0,0,4,0,0,0,0,0,0,0,0,44,87,0,0,0,1,0,80,0,0,0,0,0,0,6,
13,5812,ראשון לציון,8300,31,10,0,573,289,2,287,13,6,0,0,2,0,16,0,0,0,0,0,0,0,0,53,97,1,0,0,2,0,80,0,0,0,0,0,0,17,
13,5813,ראשון לציון,8300,32,36,0,572,358,5,353,17,1,0,2,0,0,6,0,0,0,0,0,0,0,0,69,124,0,0,0,2,0,116,1,0,0,0,0,1,14,
13,5814,ראשון לציון,8300,33,10,0,556,337,3,334,17,6,1,2,0,0,9,0,0,0,0,0,0,0,0,68,103,0,0,0,5,0,101,0,0,0,0,0,0,22,
13,5815,ראשון לציון,8300,34,22,0,588,371,0,371,16,12,1,0,0,0,13,0,0,0,0,0,0,0,0,48,144,1,0,0,1,0,113,0,0,0,0,0,0,22,
13,5816,ראשון לציון,8300,35,63,0,556,337,1,336,6,10,0,0,0,0,10,0,0,0,0,0,0,0,0,39,151,0,0,0,1,0,106,0,0,0,0,0,0,13,
13,5817,ראשון לציון,8300,36,51,0,607,351,0,351,1,2,0,0,0,0,20,0,0,0,0,0,0,0,0,19,206,0,0,0,1,0,74,0,0,0,0,0,0,28,
13,5818,ראשון לציון,8300,37,10,0,441,168,1,167,4,1,0,0,0,0,4,0,0,0,0,0,1,0,0,34,65,0,0,0,0,0,55,0,0,0,0,0,0,3,
13,5819,ראשון לציון,8300,39,51,0,782,532,2,530,21,9,1,1,0,0,13,0,0,0,0,0,0,0,0,81,221,1,0,0,4,0,148,0,0,0,0,0,0,30,
13,5820,ראשון לציון,8300,42,55,0,596,362,1,361,19,4,1,0,0,0,19,0,0,0,0,0,0,0,0,84,100,0,0,0,0,0,109,0,0,0,0,0,0,25,
13,5821,ראשון לציון,8300,43,7,0,714,434,4,430,26,8,3,1,0,0,8,0,0,0,0,0,0,0,0,69,177,0,0,1,2,0,116,0,0,0,0,0,1,18,
13,5822,ראשון לציון,8300,44,55,0,478,302,1,301,19,3,0,0,0,0,9,0,0,0,0,0,0,0,1,49,89,0,0,0,1,0,119,0,0,0,0,0,0,11,
13,5823,ראשון לציון,8300,45,36,0,512,311,3,308,23,1,2,1,0,0,6,0,0,0,0,0,0,0,0,50,109,1,0,0,1,0,99,0,0,0,0,0,0,15,
13,5824,ראשון לציון,8300,47,120,0,558,440,2,438,18,2,0,0,0,0,10,0,0,0,0,0,0,0,0,20,193,0,0,0,0,0,186,0,0,0,0,0,0,9,
13,5825,ראשון לציון,8300,61,20,0,450,287,6,281,9,12,0,3,0,0,18,0,0,0,0,0,0,0,0,59,82,0,0,0,0,0,74,0,2,0,0,0,0,22,
13,5826,ראשון לציון,8300,62,20,0,628,365,3,362,10,10,0,0,0,0,18,0,0,0,0,0,0,0,1,77,146,0,0,0,0,0,78,0,0,0,0,0,0,22,
13,5827,ראשון לציון,8300,63.1,100,0,620,385,5,380,12,4,2,0,0,0,17,0,1,0,0,0,0,0,0,57,164,1,0,0,0,0,95,0,0,0,0,1,1,25,
13,5828,ראשון לציון,8300,63.2,100,0,620,360,5,355,9,4,1,1,0,0,9,0,0,0,0,0,0,0,0,86,133,0,0,0,1,0,94,0,0,1,0,0,0,16,
13,5829,ראשון לציון,8300,63.3,100,0,620,399,0,399,6,8,1,0,0,0,10,0,0,0,0,0,0,0,0,65,168,0,0,0,1,0,111,0,0,0,0,0,0,29,
13,5830,ראשון לציון,8300,63.4,100,0,620,371,2,369,12,1,0,2,0,0,13,0,0,0,0,0,0,0,0,99,134,0,1,0,0,1,85,0,0,1,0,0,0,20,
13,5831,ראשון לציון,8300,63.5,100,0,616,345,5,340,13,7,1,1,0,0,5,0,0,0,0,0,0,0,0,87,116,0,0,0,0,0,98,0,0,0,0,0,0,12,
13,5832,ראשון לציון,8300,67,55,0,565,363,6,357,9,15,0,1,0,0,10,0,0,0,0,0,0,0,0,64,143,0,0,0,2,0,95,0,0,0,0,0,0,18,
13,5833,ראשון לציון,8300,109,7,0,625,423,2,421,27,3,0,0,0,0,5,0,0,0,0,0,0,0,0,80,141,0,0,0,1,0,147,0,0,0,0,0,1,16,
13,5834,ראשון לציון,8300,120,55,0,697,368,2,366,13,4,1,2,0,0,6,0,0,0,1,0,0,0,0,86,133,1,0,0,1,1,109,0,0,0,0,0,0,8,
13,5835,ראשון לציון,8300,121,55,0,492,245,4,241,5,6,0,0,0,0,3,0,0,0,0,0,0,0,0,56,91,0,0,0,1,0,73,0,0,0,0,0,0,6,
13,5836,ראשון לציון,8300,122,55,0,576,311,5,306,8,2,0,0,0,0,9,0,0,0,0,0,0,0,0,57,115,0,0,0,0,0,99,0,0,0,0,0,0,16,
13,5837,ראשון לציון,8300,123,55,0,465,252,1,251,11,6,1,0,0,0,5,0,0,0,0,0,0,0,0,40,85,0,0,0,0,0,94,0,0,0,0,0,0,9,
13,5838,ראשון לציון,8300,124,7,0,751,535,3,532,22,5,0,0,0,0,17,0,0,0,0,0,0,0,0,46,214,1,0,0,1,0,200,0,0,0,0,1,0,25,
13,5839,ראשון לציון,8300,125,36,0,518,300,1,299,10,7,0,0,0,0,9,0,0,0,0,0,0,0,0,61,106,0,0,0,0,0,84,0,0,0,0,0,0,22,
13,5840,ראשון לציון,8300,126,10,0,748,354,0,354,18,3,0,0,0,0,6,0,0,0,0,0,0,0,0,57,143,1,0,0,1,0,117,0,0,0,0,0,0,8,
13,5841,ראשון לציון,8300,127,7,0,608,364,1,363,38,1,0,1,0,0,8,0,0,0,0,0,0,0,1,90,121,1,0,0,2,0,86,0,0,0,0,0,0,14,
13,5842,ראשון לציון,8300,128,10,0,691,366,1,365,18,3,1,2,0,0,7,0,0,0,0,0,0,0,0,83,110,0,0,0,0,0,120,1,0,0,0,0,1,19,
13,5843,ראשון לציון,8300,129,10,0,604,331,0,331,11,11,0,0,0,0,7,0,0,0,0,0,0,0,0,62,143,0,0,0,3,0,68,0,0,1,0,0,0,25,
13,5844,ראשון לציון,8300,130,16,0,514,369,2,367,8,10,0,0,0,0,12,0,0,0,0,0,0,0,0,33,192,0,0,0,2,0,91,0,0,0,0,0,0,19,
13,5845,ראשון לציון,8300,136,16,0,615,387,1,386,12,2,0,0,0,0,8,0,0,0,0,0,0,0,0,47,166,0,0,0,0,0,126,0,0,1,0,0,0,24,
13,5846,ראשון לציון,8300,137,51,0,735,438,2,436,13,9,0,0,0,0,9,0,0,0,0,0,0,0,0,66,198,0,0,0,3,0,115,0,0,0,0,0,1,22,
13,5847,ראשון לציון,8300,140,52,0,505,375,2,373,28,2,0,0,0,0,17,0,0,0,0,0,0,0,0,44,129,0,1,0,1,0,140,0,0,0,0,0,0,11,
13,5848,ראשון לציון,8300,142,10,0,561,247,1,246,11,7,0,0,0,0,4,0,0,0,0,0,0,0,0,48,90,0,0,0,0,0,67,0,0,3,0,0,0,16,
13,5849,ראשון לציון,8300,143,10,0,640,390,4,386,11,22,1,0,0,0,28,0,0,0,0,0,0,0,0,60,114,0,0,0,2,0,100,0,0,0,0,0,0,48,
13,5850,ראשון לציון,8300,144,63,0,691,384,7,377,10,4,1,0,0,0,2,0,0,1,0,0,0,0,0,109,160,0,0,0,0,0,69,2,0,0,0,0,0,19,
13,5851,ראשון לציון,8300,146,22,0,623,464,1,463,22,3,0,0,0,0,14,0,0,0,0,0,0,0,0,60,184,0,0,0,0,0,172,0,0,0,0,0,0,8,
13,5852,ראשון לציון,8300,147,117,0,523,364,2,362,8,3,0,3,0,0,6,0,0,0,0,0,0,0,0,82,142,0,0,0,0,0,106,0,0,0,0,0,1,11,
13,5853,ראשון לציון,8300,161,16,0,457,307,2,305,8,10,1,1,0,0,11,0,0,0,0,0,0,0,0,54,124,0,0,0,0,0,86,0,0,0,0,0,0,10,
13,5854,ראשון לציון,8300,162,52,0,627,427,3,424,15,5,1,0,0,0,19,0,0,0,0,0,0,0,1,60,177,0,0,0,1,0,128,0,0,0,0,1,0,16,
13,5855,ראשון לציון,8300,163,7,0,514,314,4,310,17,3,0,0,0,0,6,0,0,0,0,0,0,0,0,64,107,1,0,0,0,0,98,0,0,0,0,0,0,14,
13,5856,ראשון לציון,8300,165,51,0,627,396,0,396,18,7,0,0,0,0,7,0,0,0,0,0,0,0,0,72,160,0,0,0,0,0,108,0,0,0,0,0,0,24,
13,5857,ראשון לציון,8300,166,117,0,513,331,3,328,13,1,1,0,0,0,14,0,0,0,0,0,0,0,0,57,99,0,0,0,2,0,124,0,0,0,0,0,1,16,
13,5858,ראשון לציון,8300,167,52,0,604,440,0,440,19,4,0,1,0,0,23,0,0,0,0,0,0,0,0,47,152,0,0,0,1,0,174,0,0,0,0,0,0,19,
13,5859,ראשון לציון,8300,169,63,0,704,438,0,438,17,13,1,1,0,0,8,1,0,0,0,0,0,0,0,57,192,0,0,0,5,0,110,0,0,0,0,0,0,33,
13,5860,ראשון לציון,8300,170,7,0,521,355,2,353,20,2,0,0,0,0,10,0,0,0,0,0,0,0,0,49,145,0,0,0,1,0,108,0,0,0,1,0,0,17,
13,5861,ראשון לציון,8300,177,120,0,530,451,3,448,11,2,0,1,0,0,13,0,0,0,0,0,0,0,1,37,162,0,0,0,2,0,207,0,0,0,0,0,0,12,
13,5862,ראשון לציון,8300,178,7,0,659,478,3,475,23,0,1,0,0,0,15,0,0,0,0,0,0,0,0,51,184,1,0,0,1,0,186,0,0,0,0,0,0,13,
13,5863,ראשון לציון,8300,179,7,0,439,282,2,280,20,0,0,1,0,0,2,0,0,0,0,0,0,0,1,58,96,0,0,0,2,0,92,0,0,1,0,0,0,7,
13,5864,ראשון לציון,8300,223,55,0,487,279,0,279,12,0,0,0,0,0,10,0,0,1,0,0,0,0,0,33,93,0,0,0,0,0,116,0,0,0,0,0,0,14,
13,5865,ראשון לציון,8300,228,55,0,459,282,1,281,19,1,0,0,0,0,8,0,0,0,0,0,0,0,0,36,110,0,0,0,1,0,97,0,0,0,0,0,0,9,
13,5866,ראשון לציון,8300,229,7,0,742,536,2,534,22,1,0,1,0,0,12,0,0,0,0,0,0,0,1,96,174,2,0,0,1,0,212,0,0,0,0,0,0,12,
13,5867,ראשון לציון,8300,232,10,0,474,293,3,290,21,1,0,0,0,0,9,0,0,0,0,0,0,0,0,53,103,1,0,0,0,0,92,0,0,0,0,0,0,10,
13,5868,ראשון לציון,8300,233,16,0,573,378,1,377,14,7,2,0,0,0,3,0,0,0,0,0,0,0,0,109,117,2,1,0,0,0,115,0,0,1,0,0,0,6,
13,5869,ראשון לציון,8300,242,63,0,714,431,4,427,13,6,2,0,0,0,10,0,0,0,0,0,0,0,0,93,180,0,0,0,2,0,103,1,0,0,0,0,1,16,
13,5870,ראשון לציון,8300,246,7,0,502,288,1,287,6,2,0,0,0,0,6,0,0,0,0,0,0,0,0,54,110,0,0,0,0,0,95,0,0,0,0,0,0,14,
13,5871,ראשון לציון,8300,251,7,0,509,319,1,318,17,3,3,0,0,0,5,0,0,0,0,0,0,0,0,61,119,0,0,1,0,0,100,1,0,0,0,0,0,8,
13,5872,ראשון לציון,8300,257,55,0,461,255,0,255,4,1,0,1,0,0,1,0,0,0,0,0,0,0,0,108,87,0,0,0,0,0,51,0,0,0,0,0,0,2,
13,5873,ראשון לציון,8300,300,63,0,490,273,2,271,7,1,0,0,0,0,5,0,0,0,0,0,0,0,0,57,112,0,0,0,0,0,72,0,0,0,0,0,0,17,
13,5874,ראשון לציון,8300,303,22,0,601,381,3,378,14,0,1,0,0,0,11,0,0,0,0,0,0,0,0,66,165,0,0,0,1,0,107,0,0,0,0,0,0,13,
13,5875,ראשון לציון,8300,304,22,0,606,383,6,377,6,6,0,0,0,0,7,0,0,0,0,0,0,0,0,78,144,0,0,0,0,0,115,0,0,0,0,0,0,21,
13,5876,ראשון לציון,8300,336,52,0,574,405,1,404,15,1,2,0,0,0,7,0,0,0,0,0,0,0,0,71,178,0,0,0,0,0,114,0,0,1,0,2,0,13,
13,5877,ראשון לציון,8300,339,120,0,585,481,0,481,23,2,0,0,0,0,15,0,0,0,0,0,0,0,0,36,167,1,0,0,0,0,234,0,0,0,0,0,0,3,
13,5878,ראשון לציון,8300,950,7,0,521,332,4,328,4,3,0,0,0,0,0,0,0,0,0,0,0,0,0,222,65,0,0,1,0,0,31,0,0,2,0,0,0,0,
13,5879,ראשון לציון,8300,956,7,0,193,116,2,114,19,0,0,0,0,0,3,0,1,0,0,0,2,0,0,27,34,0,0,0,0,0,27,0,0,0,0,0,0,1,
13,5880,ראשון לציון,8300,46.1,17,0,657,480,0,480,15,2,1,1,0,0,24,0,0,0,0,0,0,0,0,15,228,0,0,0,5,0,157,0,0,0,1,0,0,31,
13,5881,ראשון לציון,8300,46.2,17,0,657,492,2,490,20,8,1,2,0,0,27,0,0,0,0,0,0,0,1,18,226,0,0,0,7,0,153,0,0,0,0,0,0,27,
13,5882,ראשון לציון,8300,46.3,17,0,657,467,1,466,12,3,0,0,0,0,15,0,0,0,0,0,0,0,0,14,243,1,0,0,5,0,118,0,0,0,0,0,0,55,
13,5883,ראשון לציון,8300,46.4,17,0,657,468,2,466,21,6,1,0,0,0,12,0,0,0,0,0,0,0,0,11,233,0,1,0,6,0,141,0,0,0,0,0,0,34,
13,5884,ראשון לציון,8300,46.5,17,0,657,471,4,467,12,3,2,1,0,0,13,0,0,0,0,0,0,0,0,31,227,0,0,0,0,0,144,1,0,0,0,0,0,33,
13,5885,ראשון לציון,8300,50.1,38,0,684,502,0,502,17,2,2,0,0,0,18,0,0,0,0,0,0,0,0,19,201,0,0,0,0,0,218,0,0,1,0,0,0,24,
13,5886,ראשון לציון,8300,50.2,38,0,684,517,1,516,27,1,0,2,0,0,19,0,0,0,0,0,0,0,0,25,149,1,0,0,1,0,280,0,0,0,0,0,0,11,
13,5887,ראשון לציון,8300,50.3,38,0,684,496,1,495,23,5,0,0,0,0,6,0,0,0,0,0,0,0,0,35,167,0,0,0,1,0,245,0,0,0,0,0,0,13,
13,5888,ראשון לציון,8300,50.4,38,0,684,498,1,497,28,4,1,0,0,0,14,0,1,0,0,0,0,0,0,27,160,0,0,0,1,0,242,0,0,0,0,0,0,19,
13,5889,ראשון לציון,8300,50.5,38,0,684,515,4,511,33,5,2,2,0,0,10,0,0,0,0,0,0,0,0,26,151,0,0,0,1,0,261,0,0,0,0,1,0,19,
13,5890,ראשון לציון,8300,50.6,38,0,682,486,1,485,29,1,2,1,0,0,17,0,0,0,0,0,0,0,1,32,135,0,0,0,0,0,247,0,0,1,0,0,0,19,
13,5891,ראשון לציון,8300,51,64,0,734,550,4,546,25,2,0,0,0,0,17,0,0,0,0,0,0,0,0,22,244,0,0,0,0,0,217,0,0,0,0,0,0,19,
13,5892,ראשון לציון,8300,52,102,0,661,431,8,423,9,4,0,2,0,0,8,0,0,0,0,0,0,0,0,42,248,3,0,0,0,0,68,0,0,0,0,2,1,36,
13,5893,ראשון לציון,8300,55,127,0,563,413,2,411,12,5,0,1,0,0,17,0,0,0,0,0,0,0,0,7,250,0,0,0,3,0,58,0,0,0,0,0,0,58,
13,5894,ראשון לציון,8300,56,127,0,582,385,3,382,17,6,0,0,0,0,7,0,0,0,0,0,0,0,0,0,229,1,0,0,4,0,62,0,0,0,0,0,0,56,
13,5895,ראשון לציון,8300,59,102,0,718,500,1,499,11,3,1,2,0,0,17,0,0,0,0,0,0,0,0,34,249,0,0,0,2,0,150,0,0,0,0,0,0,30,
13,5896,ראשון לציון,8300,60.1,13,0,587,429,1,428,18,4,1,0,0,0,12,0,0,0,0,0,0,0,0,7,188,0,0,0,4,0,156,0,0,0,0,0,0,38,
13,5897,ראשון לציון,8300,60.2,13,0,587,425,2,423,17,8,0,0,0,0,7,0,0,0,0,0,0,0,0,6,234,0,0,0,3,0,123,0,0,0,1,0,0,24,
13,5898,ראשון לציון,8300,60.3,13,0,587,445,0,445,16,3,1,0,0,0,22,0,0,0,0,0,0,0,0,6,228,0,0,0,3,0,130,0,0,0,0,0,1,35,
13,5899,ראשון לציון,8300,60.4,13,0,584,437,1,436,24,9,0,0,0,0,15,0,0,0,0,0,0,0,0,35,168,0,0,0,2,0,164,0,0,0,0,0,0,19,
13,5900,ראשון לציון,8300,65,44,0,590,337,1,336,15,5,0,1,0,0,24,0,0,0,0,0,0,0,0,40,113,1,0,0,1,0,124,0,0,0,0,0,0,12,
13,5901,ראשון לציון,8300,66,28,0,635,360,1,359,17,3,0,1,0,0,15,0,0,0,0,0,0,0,0,60,125,0,0,0,1,0,133,0,0,0,0,0,0,4,
13,5902,ראשון לציון,8300,69,103,0,655,412,0,412,24,5,0,0,0,0,13,0,0,0,0,0,0,0,0,70,163,0,0,0,0,0,119,0,0,0,0,0,0,18,
13,5903,ראשון לציון,8300,70,41,0,591,410,1,409,15,8,0,0,0,0,28,0,0,0,0,0,0,0,0,51,139,0,0,0,2,0,154,0,0,0,0,0,0,12,
13,5904,ראשון לציון,8300,71,44,0,606,401,1,400,16,2,1,0,0,0,39,0,0,0,0,0,0,0,0,46,111,0,0,0,3,0,166,0,0,0,0,0,0,16,
13,5905,ראשון לציון,8300,72,41,0,776,551,1,550,27,8,1,0,0,0,54,2,0,0,0,0,0,0,0,9,245,0,0,0,4,0,175,0,0,1,0,0,0,24,
13,5906,ראשון לציון,8300,73,129,0,572,427,3,424,29,2,3,2,0,0,29,0,0,0,0,1,0,0,1,17,114,1,0,0,0,0,218,0,1,0,0,0,1,5,
13,5907,ראשון לציון,8300,131,28,0,518,345,1,344,35,2,0,0,0,0,2,0,0,0,0,0,0,0,0,40,82,0,0,0,0,0,179,0,0,0,0,0,0,4,
13,5908,ראשון לציון,8300,134,41,0,611,402,1,401,15,11,0,0,0,0,36,0,0,0,0,1,0,0,0,31,160,1,0,0,2,0,116,0,1,0,0,0,0,27,
13,5909,ראשון לציון,8300,135,103,0,627,341,2,339,17,2,0,0,0,0,11,0,0,0,0,0,0,0,0,59,145,0,0,0,1,0,90,0,0,0,0,0,0,14,
13,5910,ראשון לציון,8300,139,33,0,474,290,4,286,20,3,0,0,0,0,5,0,0,0,0,0,0,1,0,35,100,0,0,0,1,0,106,0,0,0,0,0,0,15,
13,5911,ראשון לציון,8300,141,1,0,621,414,2,412,18,3,0,0,0,0,7,0,0,0,0,0,1,0,0,45,163,0,0,0,2,1,150,1,0,0,0,1,0,20,
13,5912,ראשון לציון,8300,168,1,0,588,414,4,410,12,44,0,1,0,0,12,0,0,0,0,0,0,0,0,30,123,0,0,0,4,0,76,0,0,1,0,0,0,107,
13,5913,ראשון לציון,8300,202,103,0,716,514,4,510,37,5,3,1,0,0,23,0,0,0,0,0,0,0,0,46,166,0,0,0,1,0,218,0,1,0,0,0,0,9,
13,5914,ראשון לציון,8300,204,44,0,552,375,1,374,17,6,1,1,0,0,25,0,0,0,0,0,0,0,0,49,94,0,0,0,2,0,169,0,0,0,0,0,0,10,
13,5915,ראשון לציון,8300,205,45,0,743,539,0,539,43,1,0,0,0,0,15,0,0,0,0,0,0,0,0,57,173,1,0,0,1,0,233,0,0,0,0,0,0,15,
13,5916,ראשון לציון,8300,206,64,0,633,444,2,442,23,4,0,0,0,0,17,0,0,0,0,0,0,0,0,37,161,1,1,0,3,0,181,1,0,0,0,0,0,13,
13,5917,ראשון לציון,8300,215,33,0,541,338,1,337,24,4,1,0,0,0,26,0,0,0,0,0,0,0,0,48,97,0,0,0,0,0,130,0,0,0,0,0,0,7,
13,5918,ראשון לציון,8300,216,103,0,627,420,2,418,17,4,0,0,0,0,20,0,0,0,0,0,0,0,0,53,163,0,0,0,6,0,138,0,0,1,0,0,0,16,
13,5919,ראשון לציון,8300,217,43,0,482,346,2,344,27,5,1,1,0,0,11,0,0,0,0,0,0,0,0,19,114,0,0,0,2,0,160,0,0,0,0,0,0,4,
13,5920,ראשון לציון,8300,218,28,0,581,302,1,301,9,2,0,1,0,0,12,0,0,0,0,0,0,0,0,61,92,0,0,0,0,0,113,0,1,0,0,0,0,10,
13,5921,ראשון לציון,8300,224,64,0,540,417,0,417,28,1,1,0,0,0,16,0,0,0,0,0,0,0,0,26,136,1,0,0,1,0,197,0,0,0,0,0,0,10,
13,5922,ראשון לציון,8300,231,126,0,731,510,0,510,20,5,0,1,0,0,24,0,0,0,0,0,0,0,0,18,258,0,0,0,3,0,123,0,0,0,0,0,0,58,
13,5923,ראשון לציון,8300,234.1,14,0,686,460,1,459,23,10,0,0,0,0,26,0,0,0,0,0,0,0,0,29,182,1,0,0,3,0,161,0,0,0,0,0,0,24,
13,5924,ראשון לציון,8300,234.2,14,0,686,449,2,447,26,7,1,1,0,0,32,0,0,0,0,0,0,0,0,47,137,1,0,0,3,0,176,0,0,0,0,0,2,14,
13,5925,ראשון לציון,8300,234.3,14,0,686,496,5,491,19,7,0,0,0,0,48,0,0,0,0,0,0,0,0,31,198,0,0,0,1,0,169,0,0,0,0,0,0,18,
13,5926,ראשון לציון,8300,234.4,14,0,686,442,5,437,28,7,0,0,0,0,30,0,0,0,1,0,0,0,1,46,144,0,0,0,3,0,155,0,0,0,0,0,0,22,
13,5927,ראשון לציון,8300,234.5,14,0,686,441,1,440,36,10,2,0,0,0,38,0,0,0,0,1,0,0,0,45,144,0,0,0,4,0,142,0,0,0,0,0,0,18,
13,5928,ראשון לציון,8300,234.6,14,0,682,443,5,438,22,5,1,0,0,0,26,1,0,0,0,0,0,0,0,48,142,1,0,0,3,0,179,1,0,0,0,0,0,9,
13,5929,ראשון לציון,8300,299.1,39,0,700,500,0,500,11,11,0,0,0,0,15,0,0,0,0,0,0,0,0,18,300,0,0,0,2,0,97,0,0,0,0,0,0,46,
13,5930,ראשון לציון,8300,299.2,39,0,700,501,2,499,14,10,0,0,0,0,18,0,0,0,0,0,0,0,0,16,308,1,0,0,4,0,80,0,0,0,0,0,0,48,
13,5931,ראשון לציון,8300,299.3,39,0,700,527,0,527,5,8,0,0,0,0,24,0,0,0,0,0,0,0,0,14,322,0,0,0,4,0,82,0,0,0,0,0,0,68,
13,5932,ראשון לציון,8300,299.4,39,0,700,501,5,496,8,11,0,0,0,0,25,0,0,0,0,0,0,0,1,11,282,1,0,1,1,0,82,0,0,0,0,0,0,73,
13,5933,ראשון לציון,8300,299.5,39,0,699,490,1,489,19,7,1,0,0,0,24,0,0,0,0,0,0,0,0,28,243,0,0,0,2,0,133,0,0,0,0,0,0,32,
13,5934,ראשון לציון,8300,309,126,0,782,552,1,551,13,12,0,1,0,0,28,0,0,0,0,0,0,0,0,13,314,0,0,0,5,0,85,0,0,0,0,0,0,80,
13,5935,ראשון לציון,8300,311,1,0,671,404,6,398,7,0,1,0,0,0,14,1,0,0,0,0,0,0,0,67,185,0,0,0,2,0,101,0,0,0,0,0,0,20,
13,5936,ראשון לציון,8300,312,1,0,604,425,0,425,19,11,1,0,0,0,12,0,0,0,0,0,0,0,0,37,182,0,0,0,0,0,141,0,0,1,0,0,0,21,
13,5937,ראשון לציון,8300,314,1,0,516,378,1,377,13,7,0,1,0,0,19,0,0,0,0,0,0,0,0,27,157,0,0,0,1,0,142,0,0,0,0,0,0,10,
13,5938,ראשון לציון,8300,317,1,0,575,377,1,376,12,5,0,0,0,0,14,0,0,0,0,0,0,0,0,34,162,0,0,0,0,0,131,0,0,0,0,0,0,18,
13,5939,ראשון לציון,8300,322,43,0,542,412,2,410,16,1,0,0,0,0,8,0,0,0,0,0,0,0,0,32,135,0,0,0,0,0,213,0,0,0,0,0,0,5,
13,5940,ראשון לציון,8300,323,64,0,506,404,0,404,15,3,0,0,0,0,22,0,0,0,0,0,0,0,0,26,141,1,0,0,2,0,191,0,0,0,0,0,0,3,
13,5941,ראשון לציון,8300,335,44,0,628,433,1,432,12,7,0,0,0,0,23,0,0,0,0,0,1,0,0,38,169,1,0,0,4,0,170,0,0,0,0,0,0,7,
13,5942,ראשון לציון,8300,14,6,0,687,414,5,409,28,4,1,0,0,0,18,0,0,0,0,1,0,0,0,61,117,0,0,0,6,0,164,0,0,0,0,0,0,9,
13,5943,ראשון לציון,8300,15.1,11,0,645,414,0,414,22,0,1,1,0,0,9,0,0,0,0,0,0,0,0,38,160,0,0,0,1,0,173,0,0,0,0,0,0,9,
13,5944,ראשון לציון,8300,15.2,11,0,645,432,0,432,31,1,0,0,0,0,14,0,0,0,0,0,0,0,1,34,149,0,2,0,4,0,182,0,0,0,0,0,0,14,
13,5945,ראשון לציון,8300,15.3,11,0,645,403,3,400,24,1,0,0,0,0,5,0,0,0,0,0,0,0,0,36,131,1,0,0,0,0,198,0,0,0,0,0,0,4,
13,5946,ראשון לציון,8300,15.4,11,0,645,414,0,414,23,1,2,0,0,0,8,2,1,0,0,0,0,0,1,61,119,0,0,0,1,0,191,0,0,0,0,0,0,4,
13,5947,ראשון לציון,8300,15.5,11,0,645,407,4,403,33,2,0,0,0,0,15,0,0,0,0,0,0,0,0,22,113,1,0,0,0,0,209,0,0,0,0,0,0,8,
13,5948,ראשון לציון,8300,15.6,11,0,645,402,1,401,26,0,2,1,0,0,13,0,0,0,0,0,0,0,0,45,118,1,0,0,1,0,188,0,0,0,0,0,0,6,
13,5949,ראשון לציון,8300,15.7,11,0,645,375,3,372,24,0,2,0,0,0,11,1,0,0,0,0,0,0,0,49,107,0,0,0,1,0,167,0,0,2,0,0,0,8,
13,5950,ראשון לציון,8300,15.8,11,0,645,388,0,388,31,2,0,1,0,0,8,0,0,0,0,0,0,0,0,51,119,1,0,0,3,1,166,0,0,0,0,0,0,5,
13,5951,ראשון לציון,8300,15.9,11,0,639,399,0,399,22,0,1,1,0,0,14,0,0,0,0,0,0,0,0,31,121,1,0,0,4,0,193,0,0,0,0,0,0,11,
13,5952,ראשון לציון,8300,16,50,0,701,530,0,530,45,2,1,0,0,0,11,0,0,0,0,0,0,0,0,25,140,0,0,0,0,0,298,0,0,0,0,0,0,8,
13,5953,ראשון לציון,8300,17,2,0,541,334,1,333,19,0,0,0,0,0,6,0,0,0,0,0,0,0,0,34,108,0,0,0,0,0,158,0,0,0,0,0,0,8,
13,5954,ראשון לציון,8300,18,23,0,603,322,2,320,16,4,1,0,0,0,13,0,0,0,0,0,0,0,0,48,99,0,0,0,0,0,134,0,0,0,0,0,0,5,
13,5955,ראשון לציון,8300,20,6,0,583,372,0,372,21,3,0,0,0,0,7,0,0,0,0,0,0,0,0,28,109,0,0,0,1,0,197,0,0,0,0,0,0,6,
13,5956,ראשון לציון,8300,21,6,0,580,405,0,405,24,3,2,0,0,0,14,0,0,0,0,0,0,0,0,43,119,0,0,0,0,0,192,0,0,0,0,0,1,7,
13,5957,ראשון לציון,8300,22,23,0,708,449,4,445,33,0,3,0,0,0,14,0,0,0,0,0,0,0,0,55,107,0,0,0,0,0,227,0,0,0,0,0,0,6,
13,5958,ראשון לציון,8300,23,18,0,507,226,1,225,17,1,1,0,0,0,5,0,0,0,0,0,0,0,0,54,76,0,0,0,0,0,66,0,0,0,0,0,0,5,
13,5959,ראשון לציון,8300,24,76,0,672,356,0,356,16,2,0,0,0,0,8,0,0,0,0,0,0,0,0,63,144,0,0,0,1,0,111,0,0,0,0,0,0,11,
13,5960,ראשון לציון,8300,25,76,0,697,327,0,327,11,3,0,0,0,0,5,0,0,0,0,0,0,0,1,79,120,0,0,0,0,0,104,0,0,0,0,0,0,4,
13,5961,ראשון לציון,8300,29,12,0,604,359,1,358,18,4,3,0,0,0,9,0,0,0,0,0,0,0,0,42,121,0,0,0,1,0,146,1,0,0,0,0,0,13,
13,5962,ראשון לציון,8300,38,18,0,707,363,1,362,24,4,1,0,0,0,12,0,0,0,0,0,0,0,0,50,105,0,0,0,1,0,156,0,0,1,0,0,0,8,
13,5963,ראשון לציון,8300,40,23,0,757,430,3,427,28,2,2,0,0,0,7,0,0,0,0,0,0,0,0,44,140,0,0,0,0,0,194,0,0,0,0,0,1,9,
13,5964,ראשון לציון,8300,41,76,0,667,403,3,400,27,1,0,0,0,0,8,0,0,0,0,0,0,0,0,74,132,0,0,0,3,0,146,0,0,0,0,0,0,9,
13,5965,ראשון לציון,8300,48,23,0,551,279,0,279,17,4,1,0,0,0,4,0,0,0,0,0,0,0,0,39,96,0,0,0,0,0,114,1,0,0,0,0,0,3,
13,5966,ראשון לציון,8300,74,12,0,615,433,1,432,28,3,1,0,0,0,10,0,0,0,0,0,0,0,0,28,148,0,0,0,0,0,197,1,0,0,0,0,0,16,
13,5967,ראשון לציון,8300,75,18,0,539,339,0,339,19,2,0,0,0,0,12,0,0,0,0,0,0,0,0,42,107,0,0,0,1,0,150,0,0,0,0,0,0,6,
13,5968,ראשון לציון,8300,76,12,0,534,306,6,300,21,1,1,0,0,0,3,0,0,0,0,0,0,0,0,46,85,0,0,0,0,0,139,0,0,0,0,0,0,4,
13,5969,ראשון לציון,8300,77,105,0,565,340,0,340,16,5,0,0,0,0,7,0,0,0,0,0,0,0,0,43,124,0,0,0,0,0,136,0,0,0,0,0,0,9,
13,5970,ראשון לציון,8300,78,2,0,712,484,3,481,47,1,0,0,0,0,9,0,1,0,0,0,0,0,0,21,125,0,0,0,2,0,267,0,0,0,0,0,0,8,
13,5971,ראשון לציון,8300,79,2,0,651,381,1,380,33,3,2,0,0,0,13,0,0,0,0,0,0,0,0,37,97,0,0,0,1,0,190,0,0,0,0,0,0,4,
13,5972,ראשון לציון,8300,80,76,0,681,367,0,367,21,3,0,2,0,0,13,0,0,0,0,0,0,1,0,63,112,1,0,0,0,0,142,0,0,0,0,0,0,9,
13,5973,ראשון לציון,8300,81,15,0,527,327,2,325,17,5,1,0,0,0,1,0,0,0,0,0,1,0,0,42,86,0,0,0,1,0,157,0,0,0,0,0,0,14,
13,5974,ראשון לציון,8300,84,15,0,711,451,3,448,30,3,1,0,0,0,13,0,0,0,0,0,0,0,0,46,130,0,0,0,1,0,219,0,0,1,0,0,0,4,
13,5975,ראשון לציון,8300,85,5,0,556,360,1,359,30,2,0,0,0,0,12,0,0,0,0,0,0,0,0,38,115,0,0,0,1,0,155,0,0,0,0,0,1,5,
13,5976,ראשון לציון,8300,86,15,0,569,348,2,346,17,2,1,0,0,0,9,0,0,0,0,1,0,0,0,60,119,0,1,0,1,0,123,0,0,0,0,0,0,12,
13,5977,ראשון לציון,8300,87,23,0,575,360,1,359,21,0,3,0,0,0,13,0,0,0,0,0,0,0,0,40,106,1,0,0,1,0,168,0,0,0,0,0,0,6,
13,5978,ראשון לציון,8300,88,5,0,482,312,1,311,20,0,1,0,0,0,14,0,0,0,0,0,0,0,0,26,89,0,0,0,0,0,152,0,0,0,0,0,1,8,
13,5979,ראשון לציון,8300,89,5,0,593,373,0,373,14,0,0,1,0,0,12,0,0,0,0,0,0,0,0,41,106,0,0,0,0,0,189,0,0,0,0,0,0,10,
13,5980,ראשון לציון,8300,91,130,0,625,435,2,433,35,1,0,0,0,0,20,0,0,0,0,0,0,0,1,15,139,0,0,0,0,0,219,0,0,0,0,0,0,3,
13,5981,ראשון לציון,8300,93,76,0,605,340,3,337,18,2,1,2,0,0,16,0,0,0,0,0,0,0,0,53,73,0,0,0,1,0,154,0,2,0,0,0,0,15,
13,5982,ראשון לציון,8300,99,15,0,575,375,3,372,11,2,0,1,0,0,11,0,0,0,0,0,0,0,0,52,114,0,0,0,0,0,177,1,0,0,0,0,0,3,
13,5983,ראשון לציון,8300,100,5,0,552,349,2,347,17,4,0,0,0,0,8,0,0,0,0,0,0,0,0,44,116,0,0,0,2,0,149,0,0,0,0,0,0,7,
13,5984,ראשון לציון,8300,101,2,0,561,321,2,319,19,1,1,1,0,0,8,0,0,0,0,0,0,0,0,42,97,0,0,0,0,0,140,0,0,0,0,0,0,10,
13,5985,ראשון לציון,8300,102,6,0,595,358,1,357,16,0,1,0,0,0,10,0,0,0,0,0,0,0,0,41,116,0,0,0,4,0,159,0,0,0,0,0,0,10,
13,5986,ראשון לציון,8300,104,23,0,627,444,0,444,25,5,1,0,0,0,12,0,0,0,0,0,0,1,0,49,135,0,0,0,1,0,204,0,0,0,0,0,0,11,
13,5987,ראשון לציון,8300,105,6,0,600,389,3,386,24,4,1,0,0,0,9,0,0,0,0,0,0,0,0,41,115,0,1,0,1,1,183,0,0,1,0,0,0,5,
13,5988,ראשון לציון,8300,110,50,0,582,426,0,426,44,8,1,0,0,0,12,0,0,0,0,0,0,0,0,19,103,0,0,0,0,0,238,0,0,0,0,0,0,1,
13,5989,ראשון לציון,8300,111,50,0,554,365,3,362,22,4,0,0,0,0,13,0,0,0,0,0,0,1,0,22,106,0,0,0,1,0,186,0,0,0,0,0,0,7,
13,5990,ראשון לציון,8300,112,105,0,713,429,1,428,24,1,0,1,0,0,8,0,0,0,0,0,1,0,0,63,143,0,0,0,0,0,179,0,0,0,0,0,0,8,
13,5991,ראשון לציון,8300,113,105,0,523,341,2,339,22,0,1,1,0,0,14,0,0,0,0,0,0,0,0,32,92,1,0,0,0,0,161,0,1,0,0,0,0,14,
13,5992,ראשון לציון,8300,114,18,0,556,289,0,289,12,3,0,1,0,0,10,0,0,0,0,0,0,0,0,57,97,0,0,0,1,0,102,0,0,0,0,1,0,5,
13,5993,ראשון לציון,8300,115,105,0,562,349,1,348,23,2,1,0,0,0,12,0,0,0,0,0,0,0,0,45,107,0,0,0,0,0,145,0,0,0,0,0,0,13,
13,5994,ראשון לציון,8300,116,105,0,573,261,1,260,8,5,0,0,0,0,9,0,0,0,0,0,0,0,0,49,98,1,0,0,0,0,87,0,0,0,0,0,0,3,
13,5995,ראשון לציון,8300,117,18,0,561,359,0,359,22,1,2,1,0,0,8,0,0,0,0,0,0,0,0,35,111,0,0,0,0,0,166,0,0,0,0,0,0,13,
13,5996,ראשון לציון,8300,118,12,0,581,330,1,329,12,2,0,0,0,0,10,0,0,0,0,1,0,0,0,65,100,2,0,0,1,0,124,1,0,0,0,0,0,11,
13,5997,ראשון לציון,8300,119,18,0,600,372,1,371,25,4,1,0,0,0,12,0,0,0,0,0,0,0,0,41,129,0,0,0,2,0,144,0,0,0,0,0,0,13,
13,5998,ראשון לציון,8300,203,23,0,692,297,1,296,18,1,0,0,0,0,6,0,0,0,0,0,0,0,0,46,97,0,0,0,0,0,123,0,0,0,0,0,0,5,
13,5999,ראשון לציון,8300,211,5,0,604,459,1,458,36,0,0,0,0,0,20,0,0,0,0,0,0,0,0,42,121,2,0,0,1,0,229,0,0,0,0,0,0,7,
13,6000,ראשון לציון,8300,214,15,0,501,297,1,296,14,0,1,0,0,0,16,0,0,0,0,0,0,0,0,37,100,0,0,0,0,0,126,0,0,0,0,0,0,2,
13,6001,ראשון לציון,8300,225,2,0,497,389,0,389,27,0,2,0,0,0,10,0,0,0,0,0,0,0,0,24,109,0,0,0,2,0,212,0,0,0,0,0,1,2,
13,6002,ראשון לציון,8300,226,50,0,597,455,0,455,37,2,4,1,0,0,10,0,0,0,0,0,0,0,0,24,110,1,0,0,1,0,263,0,0,0,0,0,0,2,
13,6003,ראשון לציון,8300,227,6,0,569,364,0,364,21,2,0,0,0,0,9,0,0,0,0,0,0,0,0,55,118,0,0,0,0,0,153,0,0,0,0,0,0,6,
13,6004,ראשון לציון,8300,237,18,0,494,278,4,274,11,3,0,1,0,0,8,0,0,0,0,0,0,0,0,32,84,0,0,0,0,0,127,0,0,0,0,0,0,8,
13,6005,ראשון לציון,8300,247.1,42,0,630,446,0,446,25,1,1,0,0,0,15,0,0,0,0,0,0,0,0,23,141,0,0,0,2,0,227,0,0,0,0,0,0,11,
13,6006,ראשון לציון,8300,247.2,42,0,630,482,1,481,30,4,1,1,0,0,13,0,0,0,0,0,0,0,0,20,142,0,0,0,1,0,245,0,0,1,0,0,1,22,
13,6007,ראשון לציון,8300,247.3,42,0,630,473,0,473,50,1,0,0,0,0,12,0,0,0,0,0,0,0,0,19,133,0,0,0,0,0,244,1,0,0,0,0,0,13,
13,6008,ראשון לציון,8300,247.4,42,0,629,459,1,458,36,3,0,0,0,0,12,0,0,0,0,0,0,0,0,31,123,0,0,0,1,0,247,0,1,0,0,0,0,4,
13,6009,ראשון לציון,8300,256,121,0,663,473,5,468,11,8,0,1,0,0,12,0,0,0,0,0,0,1,0,4,273,1,0,0,1,0,85,0,0,0,0,0,0,71,
13,6010,ראשון לציון,8300,294,50,0,558,446,1,445,24,2,1,0,0,0,11,0,0,0,0,0,0,0,0,23,151,4,0,0,0,0,222,0,0,0,0,0,0,7,
13,6011,ראשון לציון,8300,295,50,0,683,489,0,489,24,1,0,0,0,0,12,0,0,0,0,0,0,0,0,16,175,0,0,0,0,0,245,0,0,0,0,0,0,16,
13,6012,ראשון לציון,8300,320,18,0,569,352,0,352,20,1,0,1,0,0,5,0,0,0,0,0,0,0,0,43,114,1,0,0,2,0,154,0,0,0,0,0,0,11,
13,6013,ראשון לציון,8300,321,18,0,465,274,0,274,14,0,1,0,0,0,7,0,1,0,0,0,0,0,0,42,87,0,0,0,0,0,117,0,0,0,0,0,0,5,
13,6014,ראשון לציון,8300,501,26,0,712,532,3,529,30,4,1,0,0,0,9,0,0,0,0,0,0,0,0,28,199,0,0,0,0,0,242,0,0,0,0,0,0,16,
13,6015,ראשון לציון,8300,502,26,0,739,559,1,558,20,2,0,0,0,0,21,0,0,0,0,0,0,0,0,20,267,0,0,0,2,0,175,0,0,0,0,0,0,51,
13,6016,ראשון לציון,8300,503,26,0,675,427,1,426,2,3,0,0,0,0,12,0,0,0,0,0,0,0,0,37,238,1,0,0,0,0,65,0,0,0,0,2,0,66,
13,6017,ראשון לציון,8300,505,26,0,610,470,0,470,18,1,0,0,0,0,14,0,0,0,0,0,0,0,0,13,212,1,0,0,0,0,195,0,0,0,0,0,0,16,
13,6018,ראשון לציון,8300,507.1,122,0,622,470,4,466,16,2,0,0,0,0,9,0,0,0,0,0,0,0,0,15,225,0,0,0,0,0,181,0,1,0,0,0,0,17,
13,6019,ראשון לציון,8300,507.2,122,0,622,499,1,498,17,3,0,0,0,0,14,0,0,0,0,0,0,0,0,30,172,0,0,0,2,0,246,0,0,0,0,0,0,14,
13,6020,ראשון לציון,8300,507.3,122,0,622,488,1,487,13,2,1,0,0,0,15,0,0,0,0,0,0,0,0,20,217,1,0,0,0,0,205,0,0,0,0,0,0,13,
13,6021,ראשון לציון,8300,507.4,122,0,622,491,3,488,24,1,2,0,0,0,18,1,0,0,0,0,0,0,0,15,212,1,0,0,1,0,205,0,0,0,0,0,0,8,
13,6022,ראשון לציון,8300,507.5,122,0,621,485,2,483,18,0,0,0,0,0,11,0,0,0,0,0,0,0,0,15,178,0,0,0,1,0,248,0,1,0,0,0,0,11,
13,6023,ראשון לציון,8300,2,40,0,549,358,1,357,7,3,0,0,0,0,6,0,0,0,0,0,0,0,1,22,203,0,0,0,4,0,55,2,0,0,0,1,0,53,
13,6024,ראשון לציון,8300,3,3,0,554,279,1,278,11,1,0,1,0,0,10,0,0,0,0,0,0,0,0,19,160,0,0,0,0,0,50,0,0,0,0,0,0,26,
13,6025,ראשון לציון,8300,4,40,0,564,340,4,336,13,1,0,0,0,0,12,0,0,0,0,0,0,0,0,28,172,1,0,0,3,1,82,0,0,0,0,0,1,22,
13,6026,ראשון לציון,8300,5,3,0,542,347,1,346,15,5,0,0,0,0,13,0,0,0,0,0,0,0,0,17,192,1,0,0,7,0,60,0,0,0,0,0,0,36,
13,6027,ראשון לציון,8300,6,3,0,617,318,3,315,12,0,1,0,0,0,12,0,0,0,0,0,0,0,1,21,201,0,0,0,0,0,34,0,0,0,0,0,1,32,
13,6028,ראשון לציון,8300,7,40,0,625,375,4,371,13,2,0,0,0,0,9,0,0,0,0,0,0,0,0,30,189,0,0,0,2,0,80,0,0,0,0,0,0,46,
13,6029,ראשון לציון,8300,8,40,0,630,389,6,383,7,7,0,0,0,0,17,0,0,0,0,0,0,0,0,53,212,0,0,0,1,0,54,0,0,0,0,0,0,32,
13,6030,ראשון לציון,8300,9,3,0,607,348,5,343,9,2,0,0,0,0,8,0,0,0,0,0,0,0,0,17,212,0,0,0,1,0,57,0,1,0,1,0,0,35,
13,6031,ראשון לציון,8300,10,4,0,529,295,6,289,4,1,0,0,0,0,3,0,0,0,0,0,0,0,1,39,169,0,0,0,1,0,44,0,0,0,0,0,0,27,
13,6032,ראשון לציון,8300,12,40,0,587,308,4,304,5,2,0,0,0,0,10,0,0,0,0,0,0,0,0,27,180,0,0,0,2,0,59,0,0,0,0,0,0,19,
13,6033,ראשון לציון,8300,90,25,0,701,429,1,428,8,3,0,2,0,0,6,0,0,0,0,0,0,0,0,18,264,0,0,0,3,0,107,0,0,0,0,0,0,17,
13,6034,ראשון לציון,8300,95,3,0,639,347,2,345,13,5,0,0,0,0,22,0,0,0,0,0,0,0,0,17,207,0,0,1,0,0,40,0,0,0,0,0,0,40,
13,6035,ראשון לציון,8300,96,3,0,596,341,7,334,10,6,0,0,0,0,13,0,0,0,0,0,0,0,0,31,200,0,0,0,1,0,50,0,0,0,0,0,0,23,
13,6036,ראשון לציון,8300,98,3,0,647,332,3,329,6,2,1,0,0,0,13,0,0,0,0,0,0,0,0,22,211,0,0,0,0,0,44,0,0,0,0,0,0,30,
13,6037,ראשון לציון,8300,148,25,0,642,400,3,397,20,2,4,0,0,0,8,0,0,0,0,0,0,0,0,48,176,2,0,0,0,0,126,0,0,0,0,0,0,11,
13,6038,ראשון לציון,8300,150,124,0,505,377,1,376,15,1,1,1,0,0,16,0,0,0,0,0,0,0,0,27,144,0,0,0,1,0,163,0,0,0,0,0,0,7,
13,6039,ראשון לציון,8300,151,124,0,670,453,3,450,22,4,0,1,0,0,5,0,0,0,0,0,0,0,0,29,184,0,0,0,3,0,175,1,0,1,0,0,0,25,
13,6040,ראשון לציון,8300,152,124,0,734,533,3,530,29,3,1,1,0,0,28,0,0,0,0,0,0,0,0,30,238,1,0,0,0,0,174,0,0,0,0,0,0,25,
13,6041,ראשון לציון,8300,153,125,0,682,460,2,458,34,1,0,6,0,0,15,0,0,0,0,0,0,0,0,38,153,0,0,0,3,0,184,0,0,0,0,0,0,24,
13,6042,ראשון לציון,8300,154,125,0,534,370,4,366,13,6,0,0,0,0,7,0,0,0,0,0,0,0,0,39,148,0,0,0,1,0,128,0,0,0,0,0,0,24,
13,6043,ראשון לציון,8300,155,119,0,697,514,1,513,21,0,0,0,0,0,21,0,0,0,0,0,0,0,0,25,244,0,0,0,4,0,177,0,0,0,0,0,0,21,
13,6044,ראשון לציון,8300,157,30,0,739,547,3,544,26,0,1,0,0,0,11,0,0,0,0,0,0,0,0,18,219,0,0,0,2,0,249,0,0,0,0,0,0,18,
13,6045,ראשון לציון,8300,158,30,0,521,411,1,410,22,1,0,0,0,0,12,0,0,0,0,0,0,0,0,25,144,0,0,0,1,0,196,1,0,0,0,0,0,8,
13,6046,ראשון לציון,8300,159,32,0,645,488,3,485,20,5,0,0,0,0,15,0,0,0,0,0,0,0,0,10,305,0,0,0,0,0,111,0,0,0,0,0,0,19,
13,6047,ראשון לציון,8300,160,25,0,509,329,3,326,15,1,0,0,0,0,10,0,0,0,0,0,0,0,0,33,117,0,0,0,0,0,134,0,0,0,0,0,0,16,
13,6048,ראשון לציון,8300,171,90,0,620,460,1,459,8,3,0,1,0,0,18,0,0,0,0,0,0,0,0,24,213,0,0,0,3,0,164,1,0,0,0,0,0,24,
13,6049,ראשון לציון,8300,172,90,0,635,466,2,464,20,1,0,0,0,0,16,0,0,0,0,0,0,0,0,12,180,0,0,0,1,0,222,2,0,0,0,0,0,10,
13,6050,ראשון לציון,8300,173,21,0,564,403,1,402,24,1,0,0,0,0,13,0,0,0,0,0,0,0,0,35,144,0,0,0,0,0,149,0,0,0,0,0,0,36,
13,6051,ראשון לציון,8300,175,90,0,605,435,1,434,18,1,0,0,0,0,14,0,0,0,0,0,0,0,0,15,173,2,0,0,1,0,192,0,0,0,0,0,0,18,
13,6052,ראשון לציון,8300,176,118,0,636,472,2,470,46,0,1,1,0,0,12,0,0,0,0,0,0,1,0,9,145,0,0,0,0,0,249,0,1,0,0,0,0,5,
13,6053,ראשון לציון,8300,181,21,0,760,574,2,572,20,1,1,0,0,0,28,0,0,0,0,0,0,0,0,28,218,0,0,0,2,0,254,0,0,0,0,0,0,20,
13,6054,ראשון לציון,8300,182.1,91,0,618,462,1,461,16,1,0,0,0,0,15,0,0,0,0,0,0,0,0,10,206,1,0,0,3,0,182,0,0,0,0,0,0,27,
13,6055,ראשון לציון,8300,182.2,91,0,618,469,1,468,17,3,2,0,0,0,14,0,0,0,1,0,0,0,0,25,228,0,0,0,1,0,162,0,0,0,0,0,0,15,
13,6056,ראשון לציון,8300,182.3,91,0,618,488,0,488,15,1,1,0,0,0,16,0,0,0,0,0,0,0,0,16,228,0,0,0,4,0,188,1,0,0,0,0,0,18,
13,6057,ראשון לציון,8300,182.4,91,0,618,450,2,448,18,3,0,0,0,0,24,0,0,0,0,0,0,0,0,15,175,0,0,0,1,0,196,0,0,0,0,0,0,16,
13,6058,ראשון לציון,8300,182.5,91,0,618,448,3,445,12,4,1,0,0,0,15,0,0,0,0,0,0,0,0,10,183,0,0,0,1,0,204,0,0,0,0,0,0,15,
13,6059,ראשון לציון,8300,182.6,91,0,613,460,1,459,24,3,0,0,0,0,15,0,0,0,0,0,0,0,0,22,146,0,0,0,1,0,241,1,0,0,0,0,0,6,
13,6060,ראשון לציון,8300,183,21,0,739,550,3,547,8,2,1,0,0,0,10,0,0,0,0,0,0,0,0,30,260,1,0,0,2,0,215,0,0,0,0,0,0,18,
13,6061,ראשון לציון,8300,184,4,0,634,343,3,340,9,2,0,0,0,0,16,0,0,0,0,0,0,0,1,30,207,0,0,0,0,0,37,0,0,0,1,1,0,36,
13,6062,ראשון לציון,8300,185,119,0,530,352,1,351,17,0,2,0,0,0,9,0,0,0,0,0,0,0,0,24,149,0,0,0,2,0,137,1,0,0,0,0,1,9,
13,6063,ראשון לציון,8300,186,27,0,623,463,3,460,25,6,0,0,0,0,10,0,0,0,0,0,0,0,1,39,173,1,0,0,0,0,182,1,0,0,0,0,0,22,
13,6064,ראשון לציון,8300,187,27,0,518,391,0,391,18,1,0,0,0,0,17,0,0,0,0,0,0,0,0,16,161,0,0,0,0,0,148,0,0,1,0,0,0,29,
13,6065,ראשון לציון,8300,188,119,0,719,522,2,520,26,2,4,0,0,0,8,0,0,0,0,0,0,0,0,24,206,0,0,0,3,0,223,0,0,0,0,0,0,24,
13,6066,ראשון לציון,8300,189,119,0,573,400,2,398,21,1,0,0,0,0,13,0,0,0,0,0,0,0,0,21,191,0,0,0,2,0,118,0,0,0,0,0,0,31,
13,6067,ראשון לציון,8300,190,27,0,740,543,2,541,23,2,1,1,0,0,18,0,0,0,0,0,1,0,0,30,249,0,0,0,0,0,193,0,0,0,0,0,0,23,
13,6068,ראשון לציון,8300,191,99,0,522,371,0,371,27,0,0,0,0,0,9,0,0,0,0,0,0,0,0,19,146,0,0,0,0,0,155,1,0,0,0,0,0,14,
13,6069,ראשון לציון,8300,192,99,0,528,368,1,367,18,1,0,0,0,0,15,0,0,0,0,0,0,0,0,26,154,0,0,0,1,0,139,0,0,0,0,0,0,13,
13,6070,ראשון לציון,8300,193,124,0,726,495,1,494,25,1,0,1,0,0,12,0,0,0,0,0,0,0,0,63,186,0,0,0,2,0,190,0,0,1,0,0,0,13,
13,6071,ראשון לציון,8300,194,124,0,513,358,0,358,17,1,1,1,0,0,18,0,0,0,0,0,0,0,0,33,116,0,1,0,2,0,148,0,0,0,0,0,0,20,
13,6072,ראשון לציון,8300,195,30,0,554,409,4,405,11,7,1,0,0,0,15,0,0,0,0,0,0,0,0,10,187,0,0,0,3,0,148,0,0,0,0,0,0,23,
13,6073,ראשון לציון,8300,196,32,0,585,419,1,418,30,4,0,0,0,0,12,0,0,0,0,0,0,0,0,9,140,1,0,0,1,0,201,0,0,0,0,0,0,20,
13,6074,ראשון לציון,8300,197,32,0,619,461,1,460,28,3,0,0,0,0,6,0,0,0,0,0,0,0,0,23,167,0,0,0,0,0,223,0,0,0,1,0,0,9,
13,6075,ראשון לציון,8300,198,32,0,517,391,1,390,26,2,1,1,0,0,17,0,0,0,0,0,0,0,0,12,110,0,0,0,1,0,212,0,0,0,0,0,0,8,
13,6076,ראשון לציון,8300,220,25,0,734,475,2,473,24,5,0,1,0,0,12,0,0,0,0,0,0,0,2,54,220,1,0,0,0,0,127,0,0,0,0,1,0,26,
13,6077,ראשון לציון,8300,221,123,0,704,506,0,506,42,3,0,1,0,0,5,0,0,0,0,0,0,0,0,17,187,0,0,0,4,0,237,0,0,0,0,0,0,10,
13,6078,ראשון לציון,8300,222,25,0,664,439,2,437,10,3,3,0,0,0,12,0,0,0,0,0,0,2,1,17,215,0,0,0,0,0,147,0,0,0,0,0,0,27,
13,6079,ראשון לציון,8300,230,40,0,584,368,1,367,7,2,0,1,0,0,5,0,0,0,0,0,0,0,0,21,225,0,0,0,0,0,55,0,0,0,0,0,1,50,
13,6080,ראשון לציון,8300,236,108,0,540,405,1,404,11,4,1,0,0,0,9,0,0,0,0,0,0,0,0,17,192,1,0,0,0,0,137,0,0,0,0,0,0,32,
13,6081,ראשון לציון,8300,238,80,0,631,439,2,437,12,5,0,1,0,0,14,0,0,0,0,0,0,0,0,33,179,0,0,0,0,0,182,0,0,0,0,0,0,11,
13,6082,ראשון לציון,8300,241.1,53,0,593,405,1,404,7,5,0,0,0,0,11,0,0,0,0,0,0,0,0,21,217,1,0,0,1,0,122,0,0,0,0,0,0,19,
13,6083,ראשון לציון,8300,241.2,53,0,593,400,0,400,11,3,0,1,0,0,5,0,0,0,0,0,0,0,0,28,216,0,0,0,2,0,105,0,0,1,0,0,0,28,
13,6084,ראשון לציון,8300,241.3,53,0,593,365,1,364,11,3,0,0,0,0,8,0,0,0,0,0,0,0,0,21,187,0,0,0,0,0,105,1,0,0,0,0,0,28,
13,6085,ראשון לציון,8300,241.4,53,0,593,364,1,363,10,3,1,1,0,0,12,0,0,0,0,0,0,0,0,12,185,1,0,0,0,0,120,1,0,0,0,0,0,17,
13,6086,ראשון לציון,8300,241.5,53,0,593,390,1,389,11,2,2,0,0,0,6,0,0,0,0,0,0,0,0,23,207,2,0,0,0,1,119,0,0,0,0,0,0,16,
13,6087,ראשון לציון,8300,241.6,53,0,589,404,0,404,13,2,0,0,0,0,5,0,0,0,0,0,0,0,0,29,217,0,0,0,1,0,118,0,0,0,0,0,0,19,
13,6088,ראשון לציון,8300,243,125,0,575,391,1,390,14,2,0,0,0,0,14,0,0,0,0,0,0,0,0,48,174,0,0,0,0,0,116,0,0,1,0,0,0,21,
13,6089,ראשון לציון,8300,244,4,0,630,349,4,345,7,4,1,0,0,0,7,0,0,0,0,0,0,1,0,37,186,0,0,1,2,0,69,0,0,0,0,0,0,30,
13,6090,ראשון לציון,8300,248,110,0,600,447,3,444,12,1,0,0,0,0,21,0,0,0,0,0,0,0,0,17,197,0,0,0,0,0,178,0,1,0,0,0,0,17,
13,6091,ראשון לציון,8300,249,110,0,607,420,1,419,12,3,0,0,0,0,15,0,0,0,0,0,0,0,0,22,179,0,0,0,5,0,169,0,0,0,0,0,0,14,
13,6092,ראשון לציון,8300,253,32,0,449,340,1,339,15,1,0,0,0,0,5,0,0,0,0,0,0,0,0,11,130,0,0,0,0,0,169,0,0,0,0,0,0,8,
13,6093,ראשון לציון,8300,254,32,0,445,331,0,331,15,2,0,0,0,0,8,0,0,0,0,0,0,0,0,13,107,0,0,0,0,0,178,0,0,0,0,0,0,8,
13,6094,ראשון לציון,8300,255,80,0,573,419,2,417,8,20,2,0,0,0,33,0,0,0,0,0,0,0,0,15,178,0,0,0,1,0,58,0,0,0,0,0,0,102,
13,6095,ראשון לציון,8300,258,80,0,588,419,1,418,12,11,0,0,0,0,34,0,0,0,0,0,0,0,0,18,178,0,0,0,1,0,103,0,0,0,0,0,0,61,
13,6096,ראשון לציון,8300,259,110,0,640,437,3,434,28,1,0,0,0,0,13,0,0,0,0,0,0,0,0,37,161,0,0,0,0,0,181,0,0,0,0,0,0,13,
13,6097,ראשון לציון,8300,260,80,0,586,437,1,436,25,0,0,0,0,0,17,0,0,0,0,0,0,0,0,29,165,1,0,0,1,1,178,0,0,0,0,0,0,19,
13,6098,ראשון לציון,8300,261,80,0,683,522,0,522,28,1,0,0,0,0,9,0,0,0,0,0,0,0,0,21,233,0,0,0,0,0,213,0,0,0,0,0,0,17,
13,6099,ראשון לציון,8300,262,80,0,658,470,0,470,12,1,0,1,0,0,12,0,0,0,0,0,0,0,0,23,190,0,0,0,0,0,200,0,0,0,0,0,1,30,
13,6100,ראשון לציון,8300,263,110,0,554,412,1,411,24,1,0,0,0,0,8,0,0,0,0,0,0,0,0,18,168,1,0,0,0,0,172,0,0,0,0,0,0,19,
13,6101,ראשון לציון,8300,264,110,0,540,398,1,397,13,0,0,0,0,0,12,0,0,0,0,0,0,0,0,41,174,0,0,0,1,0,147,0,0,0,0,0,0,9,
13,6102,ראשון לציון,8300,265,80,0,634,452,1,451,19,1,0,0,0,0,12,0,0,0,0,0,0,0,0,31,171,0,0,0,2,0,208,0,0,0,0,0,0,7,
13,6103,ראשון לציון,8300,266,80,0,653,435,0,435,11,1,0,0,0,0,16,0,0,0,0,0,0,0,0,38,222,0,0,0,2,0,126,0,0,0,0,0,0,19,
13,6104,ראשון לציון,8300,267,111,0,564,431,0,431,11,1,1,0,0,0,7,0,0,0,0,0,0,0,0,16,229,0,0,0,0,0,152,0,0,0,0,1,0,13,
13,6105,ראשון לציון,8300,268,80,0,531,366,2,364,12,3,0,0,0,0,14,0,0,0,0,0,0,0,0,29,171,1,0,0,0,0,115,0,0,0,0,0,0,19,
13,6106,ראשון לציון,8300,269,111,0,610,441,4,437,23,4,0,0,0,0,19,0,0,0,0,0,0,0,0,23,199,1,0,0,3,0,149,0,0,0,0,0,0,16,
13,6107,ראשון לציון,8300,270,81,0,617,469,2,467,11,1,0,1,0,0,16,0,0,0,0,0,0,0,0,16,239,0,0,0,0,0,168,0,0,0,0,0,0,15,
13,6108,ראשון לציון,8300,271,82,0,518,393,0,393,16,2,2,0,0,0,11,0,0,0,0,0,0,0,0,15,161,1,0,0,0,0,172,0,0,0,0,0,0,13,
13,6109,ראשון לציון,8300,272,82,0,626,446,2,444,15,3,1,0,0,0,17,1,0,0,0,0,0,0,0,38,207,1,0,0,3,0,124,0,0,0,0,0,0,34,
13,6110,ראשון לציון,8300,273,81,0,670,487,2,485,25,0,0,0,0,0,8,0,0,0,0,0,0,0,0,19,220,0,0,0,0,0,202,0,0,0,0,0,0,11,
13,6111,ראשון לציון,8300,274,82,0,515,365,1,364,14,0,0,2,0,0,6,0,0,0,0,0,0,0,0,23,154,0,0,0,0,0,151,0,0,0,0,0,0,14,
13,6112,ראשון לציון,8300,275,81,0,543,380,1,379,24,4,1,0,0,0,10,0,0,0,0,0,0,0,0,9,156,1,0,0,1,0,163,0,0,0,0,0,0,10,
13,6113,ראשון לציון,8300,276,81,0,684,550,1,549,27,1,0,0,0,0,20,0,0,0,0,0,0,0,0,22,228,0,0,0,0,0,234,0,0,0,0,0,0,17,
13,6114,ראשון לציון,8300,277,82,0,587,441,0,441,23,3,0,1,0,0,17,0,0,0,0,0,0,1,0,26,163,0,0,0,0,0,193,0,0,0,0,0,0,14,
13,6115,ראשון לציון,8300,278,32,0,535,397,3,394,11,2,0,1,0,0,8,0,0,0,0,0,0,0,0,14,144,0,0,0,0,0,204,0,0,0,0,0,0,10,
13,6116,ראשון לציון,8300,279,27,0,726,517,2,515,22,4,0,0,0,0,14,0,0,0,0,0,0,0,0,19,251,0,1,0,0,0,181,0,0,0,0,0,0,23,
13,6117,ראשון לציון,8300,280,108,0,680,492,1,491,19,3,0,0,0,0,10,0,1,0,0,0,0,0,0,8,249,1,0,0,2,0,172,0,0,0,0,0,0,26,
13,6118,ראשון לציון,8300,281,115,0,779,603,1,602,27,3,2,1,0,0,15,0,0,0,0,0,0,0,0,14,246,0,0,0,2,0,286,0,0,0,0,0,0,6,
13,6119,ראשון לציון,8300,282,115,0,687,511,1,510,23,5,1,0,0,0,11,0,0,0,0,0,0,0,0,23,195,0,0,0,3,0,237,0,0,0,0,0,0,12,
13,6120,ראשון לציון,8300,283,81,0,619,458,1,457,11,2,1,1,0,0,15,0,0,0,0,0,0,0,0,10,236,0,0,0,2,0,163,0,0,0,0,0,0,16,
13,6121,ראשון לציון,8300,284,80,0,610,464,2,462,17,3,1,0,0,0,14,0,0,0,0,0,0,0,0,24,210,0,0,0,0,0,161,0,0,0,0,0,0,32,
13,6122,ראשון לציון,8300,285,115,0,645,452,0,452,28,2,0,0,0,0,14,0,0,0,0,0,0,0,0,9,183,0,0,0,1,0,195,0,0,0,0,0,0,20,
13,6123,ראשון לציון,8300,286,80,0,706,543,0,543,25,2,1,0,0,0,17,0,0,0,0,0,0,0,0,12,238,0,0,0,2,0,201,0,0,0,0,0,0,45,
13,6124,ראשון לציון,8300,287,115,0,758,575,3,572,25,1,1,0,0,0,10,0,0,0,0,0,0,0,0,12,252,1,0,0,1,0,252,0,0,0,0,0,0,17,
13,6125,ראשון לציון,8300,288,82,0,584,440,0,440,26,2,0,0,0,0,9,0,0,0,0,0,0,0,0,20,178,0,0,0,1,0,187,0,0,0,0,0,0,17,
13,6126,ראשון לציון,8300,289,82,0,610,456,1,455,15,2,0,1,0,0,9,0,0,0,0,0,0,0,0,23,198,0,0,0,4,0,185,0,0,0,0,0,1,17,
13,6127,ראשון לציון,8300,290,108,0,709,550,3,547,18,0,3,3,0,0,16,0,0,0,0,0,0,0,0,21,281,0,0,0,1,0,188,0,0,0,0,0,0,16,
13,6128,ראשון לציון,8300,291,115,0,688,522,3,519,26,1,1,1,0,0,13,0,0,0,0,0,0,0,0,13,187,0,0,0,0,0,271,0,0,0,0,0,0,6,
13,6129,ראשון לציון,8300,292,115,0,764,599,3,596,24,3,0,1,0,0,25,0,0,0,0,0,0,0,0,22,271,0,0,0,0,0,230,0,0,0,0,0,0,20,
13,6130,ראשון לציון,8300,293,4,0,481,275,1,274,4,1,1,0,0,0,5,0,0,0,0,0,0,0,0,14,167,0,0,0,0,0,57,0,0,0,0,0,0,25,
13,6131,ראשון לציון,8300,297,108,0,637,510,0,510,33,4,2,1,0,0,15,0,0,0,0,0,0,0,0,10,178,0,0,0,4,0,250,0,0,0,0,0,0,13,
13,6132,ראשון לציון,8300,301,21,0,645,514,3,511,18,2,3,2,0,0,18,0,0,0,0,0,0,0,0,20,187,0,0,0,1,0,247,0,0,0,1,0,0,12,
13,6133,ראשון לציון,8300,302,21,0,774,598,2,596,18,2,0,0,0,0,18,0,1,0,0,0,0,0,0,20,269,0,0,0,2,0,227,0,0,0,0,0,0,39,
13,6134,ראשון לציון,8300,305,99,0,552,335,1,334,20,1,0,0,0,0,13,0,0,0,0,0,0,0,0,39,121,0,0,0,0,0,131,0,0,0,0,0,1,8,
13,6135,ראשון לציון,8300,306,108,0,555,377,1,376,7,1,0,0,0,0,16,0,0,0,0,0,0,0,0,8,217,0,0,0,2,0,100,0,0,0,0,0,0,25,
13,6136,ראשון לציון,8300,307,80,0,550,402,2,400,16,2,1,1,0,0,8,0,0,0,0,0,0,0,0,17,197,0,0,0,3,0,134,0,0,0,0,0,0,21,
13,6137,ראשון לציון,8300,308,99,0,616,436,2,434,14,7,0,0,0,0,14,0,0,0,0,0,1,0,0,34,150,1,0,0,3,0,190,0,0,0,0,0,0,20,
13,6138,ראשון לציון,8300,318,25,0,519,343,3,340,16,0,2,0,0,0,12,0,0,0,0,0,0,0,0,18,172,0,0,0,0,0,105,0,0,0,0,0,0,15,
13,6139,ראשון לציון,8300,319,25,0,650,419,1,418,14,3,0,1,0,0,14,0,0,0,0,0,0,0,0,20,232,0,0,0,0,0,116,0,0,0,0,0,0,18,
13,6140,ראשון לציון,8300,324,108,0,559,405,1,404,9,0,0,0,0,0,12,5,0,0,0,0,0,0,0,14,213,1,0,0,4,0,123,0,0,0,0,0,0,23,
13,6141,ראשון לציון,8300,325,124,0,699,510,4,506,15,4,0,0,0,0,21,0,0,0,0,0,0,0,0,33,206,0,0,0,0,0,207,0,0,0,0,0,0,20,
13,6142,ראשון לציון,8300,326,27,0,581,437,0,437,10,1,0,0,0,0,13,0,0,0,0,0,0,0,0,16,224,0,0,0,1,0,156,0,0,0,0,0,0,16,
13,6143,ראשון לציון,8300,327,40,0,483,313,0,313,14,3,0,0,0,0,17,0,0,0,0,0,0,0,0,11,200,0,0,0,1,0,50,0,0,0,0,0,0,17,
13,6144,ראשון לציון,8300,337,27,0,587,464,3,461,19,2,0,0,0,0,18,0,0,0,0,0,0,0,0,6,241,0,0,0,0,0,160,0,0,0,0,0,0,15,
13,6145,ראשון לציון,8300,953,108,0,641,472,0,472,9,4,0,1,0,0,16,0,0,0,0,0,0,0,0,16,249,0,0,0,1,0,156,0,0,0,0,0,0,20,
13,6146,ראשון לציון,8300,954,81,0,580,431,1,430,25,1,0,0,0,0,9,0,0,0,0,0,0,0,0,15,177,0,0,0,1,0,191,0,0,0,0,0,0,11,
13,6154,רחובות,8400,33,1,0,554,398,2,396,10,116,0,1,0,0,28,0,1,0,0,0,0,0,0,16,80,1,0,0,4,0,23,0,0,0,0,0,0,116,
13,6155,רחובות,8400,34,1,0,508,367,0,367,8,78,0,0,0,0,29,0,0,0,0,0,0,0,0,11,100,3,0,0,1,0,46,0,0,0,0,0,0,91,
13,6156,רחובות,8400,35,26,0,653,421,1,420,49,6,1,2,0,0,25,0,0,0,0,1,0,0,0,38,120,0,0,0,4,0,161,0,0,0,0,0,0,13,
13,6157,רחובות,8400,36,26,0,634,411,0,411,66,0,3,1,0,0,22,0,0,0,0,0,0,0,0,37,80,0,0,0,1,0,198,0,0,0,0,0,0,3,
13,6158,רחובות,8400,37,2,0,651,441,2,439,64,4,6,0,0,0,32,0,0,0,0,0,0,0,0,20,74,0,0,0,1,0,234,0,0,0,0,0,1,3,
13,6159,רחובות,8400,38,2,0,561,302,0,302,85,0,1,0,0,0,11,0,0,0,0,0,0,0,0,15,38,0,0,0,0,0,151,0,0,0,0,0,0,1,
13,6160,רחובות,8400,39,10,0,593,303,4,299,19,6,0,0,0,0,9,0,0,0,0,0,0,0,0,67,91,3,0,0,0,0,95,0,0,0,0,0,0,9,
13,6161,רחובות,8400,40,26,0,697,448,0,448,50,7,1,0,0,0,29,0,0,0,0,0,0,0,0,36,120,0,0,0,5,0,193,0,0,0,0,0,0,7,
13,6162,רחובות,8400,41,10,0,619,388,3,385,29,5,2,0,0,0,13,0,0,0,0,0,0,0,0,52,119,0,0,0,3,0,152,0,0,0,0,0,0,10,
13,6163,רחובות,8400,42,2,0,643,442,1,441,63,0,1,0,0,0,18,0,0,0,0,0,0,0,0,19,114,0,0,0,2,0,221,0,0,0,0,0,0,3,
13,6164,רחובות,8400,43,26,0,651,435,3,432,45,4,4,0,0,0,54,0,0,0,0,0,0,0,0,42,104,2,0,0,3,0,172,0,0,0,0,0,0,2,
13,6165,רחובות,8400,44,2,0,597,384,0,384,72,3,4,0,0,0,43,0,0,0,0,0,0,0,0,20,48,0,0,0,0,0,192,0,0,0,0,0,0,2,
13,6166,רחובות,8400,45,10,0,651,428,1,427,32,10,5,1,0,0,28,0,0,0,0,0,0,0,0,46,119,0,0,0,2,0,179,0,0,0,1,0,0,4,
13,6167,רחובות,8400,46,18,0,727,496,3,493,49,15,1,0,1,0,59,0,0,0,0,0,0,0,0,27,117,0,0,0,1,0,205,0,0,0,0,0,0,18,
13,6168,רחובות,8400,47,12,0,622,443,1,442,6,132,1,0,0,0,73,0,0,0,0,0,0,0,0,2,115,0,0,0,6,0,40,0,0,0,0,0,0,67,
13,6169,רחובות,8400,48.1,19,0,655,499,0,499,7,71,1,0,0,0,27,0,0,0,0,1,0,0,0,33,144,1,0,0,4,0,34,0,0,0,0,0,0,176,
13,6170,רחובות,8400,48.2,19,0,655,477,0,477,2,95,1,0,0,0,59,0,0,0,0,0,0,0,0,33,131,0,0,0,8,0,49,0,0,0,0,0,1,98,
13,6171,רחובות,8400,48.3,19,0,655,450,1,449,5,84,0,0,0,0,54,0,0,0,0,0,0,0,0,37,135,1,0,0,8,0,31,0,0,0,0,0,0,94,
13,6172,רחובות,8400,48.4,19,0,655,489,1,488,10,50,2,0,0,0,52,0,0,0,0,0,1,0,0,27,149,1,1,0,13,0,40,0,0,0,0,0,0,142,
13,6173,רחובות,8400,48.5,19,0,655,449,7,442,11,77,1,0,0,0,31,0,0,0,0,0,0,0,0,21,121,0,0,0,15,0,40,1,0,0,0,0,0,124,
13,6174,רחובות,8400,48.6,19,0,655,481,3,478,6,83,0,0,0,0,35,0,0,0,0,0,0,0,0,28,143,1,0,0,10,0,36,0,0,0,0,0,0,136,
13,6175,רחובות,8400,48.7,19,0,655,440,1,439,5,122,0,0,0,0,27,0,1,0,0,1,0,0,0,44,125,0,0,0,10,0,47,0,0,0,0,0,0,57,
13,6176,רחובות,8400,48.8,19,0,652,461,4,457,6,110,0,2,0,0,24,0,0,0,0,0,0,0,0,24,129,0,0,0,10,0,40,0,0,0,0,0,0,112,
13,6177,רחובות,8400,49,41,0,565,428,1,427,16,8,0,0,0,0,74,0,0,0,0,0,0,0,0,35,153,0,0,0,3,0,115,0,0,0,0,0,0,23,
13,6178,רחובות,8400,50,2,0,695,500,1,499,63,1,4,0,0,0,24,0,0,0,0,0,0,0,0,37,106,1,0,0,1,0,256,0,0,0,0,0,0,6,
13,6179,רחובות,8400,51,18,0,588,384,3,381,16,104,0,0,0,0,34,0,0,0,1,0,0,0,1,26,85,0,0,0,2,1,78,0,0,0,0,0,0,33,
13,6180,רחובות,8400,52,18,0,571,384,3,381,24,33,1,0,0,0,56,0,0,0,0,0,0,0,0,36,86,0,0,0,2,0,111,0,0,0,0,0,0,32,
13,6181,רחובות,8400,53,18,0,532,338,3,335,29,8,1,0,0,0,37,0,0,0,0,0,0,0,0,31,88,0,0,0,0,0,137,0,0,0,0,0,0,4,
13,6182,רחובות,8400,54,12,0,587,412,1,411,15,9,0,0,0,0,59,0,0,0,0,0,0,0,0,24,126,1,0,0,8,0,135,0,0,0,0,0,0,34,
13,6183,רחובות,8400,55,7,0,645,389,1,388,10,5,0,0,0,0,14,0,0,0,0,0,0,0,0,7,204,2,0,0,5,0,42,0,0,0,0,0,0,99,
13,6184,רחובות,8400,56,7,0,549,283,0,283,6,5,0,0,0,0,8,0,0,0,0,0,0,0,0,28,148,0,0,0,4,0,39,0,0,0,0,0,1,44,
13,6185,רחובות,8400,57,7,0,409,285,1,284,8,3,1,1,0,0,6,0,0,0,0,0,0,0,0,10,172,0,0,1,4,0,14,0,0,0,0,0,0,64,
13,6186,רחובות,8400,58.1,33,0,594,419,3,416,13,15,1,0,0,0,29,0,0,0,0,0,0,1,0,26,228,0,0,0,9,0,47,0,0,0,0,0,0,47,
13,6187,רחובות,8400,58.2,33,0,594,435,4,431,21,11,0,0,0,0,40,0,0,0,0,0,0,0,0,22,220,0,0,0,9,1,55,0,0,0,1,0,0,51,
13,6188,רחובות,8400,58.3,33,0,594,448,4,444,14,6,0,0,0,0,30,0,0,0,0,0,0,0,0,13,250,1,0,0,5,0,38,0,0,0,0,0,0,87,
13,6189,רחובות,8400,58.4,33,0,594,433,1,432,7,12,0,0,0,0,25,0,0,0,0,0,0,0,0,24,262,0,0,0,7,0,41,0,0,0,0,0,0,54,
13,6190,רחובות,8400,58.5,33,0,594,400,3,397,8,13,0,0,0,0,33,0,0,0,0,2,0,0,0,26,185,0,0,0,6,1,58,0,0,1,0,0,0,64,
13,6191,רחובות,8400,58.6,33,0,592,381,3,378,7,11,0,0,0,0,28,0,0,0,0,0,0,1,0,30,192,0,0,0,7,0,62,0,0,1,1,1,0,37,
13,6192,רחובות,8400,64,2,0,607,404,0,404,60,2,3,0,0,0,21,0,0,0,0,0,0,0,0,29,81,1,0,0,1,0,205,0,0,0,0,0,0,1,
13,6193,רחובות,8400,65,1,0,555,369,5,364,14,88,0,0,0,0,32,0,0,0,0,0,0,0,0,30,60,0,0,0,4,0,58,0,0,0,0,1,0,77,
13,6194,רחובות,8400,66,2,0,483,343,2,341,34,3,3,0,0,0,17,0,0,0,0,0,0,0,0,32,67,1,0,0,0,0,179,0,0,0,0,0,0,5,
13,6195,רחובות,8400,67,18,0,517,339,1,338,40,3,2,1,0,0,36,0,0,0,0,0,0,0,0,34,91,1,0,0,0,0,121,0,0,0,0,0,0,9,
13,6196,רחובות,8400,68,27,0,765,441,4,437,36,8,3,1,0,0,76,0,0,0,0,0,0,0,0,31,141,0,0,0,2,0,127,0,0,0,0,0,0,12,
13,6197,רחובות,8400,73,54,0,745,500,2,498,8,7,0,0,0,0,23,0,0,0,0,0,0,0,0,22,296,0,1,0,4,0,86,1,0,0,0,0,0,50,
13,6198,רחובות,8400,74,54,0,695,477,5,472,19,11,1,0,0,0,31,0,0,0,0,0,0,0,0,20,278,0,0,0,1,0,48,0,0,0,0,0,0,63,
13,6199,רחובות,8400,77,1,0,720,569,4,565,1,263,0,0,0,0,51,0,0,0,0,0,0,1,0,7,69,0,0,0,11,0,15,0,0,0,0,0,0,147,
13,6200,רחובות,8400,80,45,0,785,617,2,615,28,7,1,1,0,0,85,0,0,0,0,0,0,0,0,19,241,0,0,0,2,0,214,0,0,0,0,0,0,17,
13,6201,רחובות,8400,81,34,0,649,414,3,411,8,10,0,1,0,0,29,0,0,0,0,0,0,0,0,35,206,1,0,0,6,0,55,0,0,0,0,0,0,60,
13,6202,רחובות,8400,84,35,0,545,418,0,418,6,73,0,0,0,0,146,0,0,0,0,0,0,0,0,1,100,1,0,0,7,0,34,0,0,0,0,0,0,50,
13,6203,רחובות,8400,85,18,0,582,396,0,396,28,13,4,1,0,0,39,0,0,0,0,0,0,0,0,47,76,0,0,0,1,0,178,0,0,0,0,0,0,9,
13,6204,רחובות,8400,87,1,0,747,535,0,535,6,153,1,0,0,0,39,0,1,0,0,0,0,0,0,8,118,0,0,0,4,0,44,0,0,0,0,0,0,161,
13,6205,רחובות,8400,88,45,0,687,496,2,494,8,6,0,0,0,0,54,0,0,0,0,0,0,0,0,23,254,0,0,0,2,0,93,0,0,0,0,0,0,54,
13,6206,רחובות,8400,89,46,0,503,373,2,371,29,3,0,0,0,0,15,0,0,0,0,0,0,0,0,23,140,2,0,0,1,0,153,0,0,0,0,0,0,5,
13,6207,רחובות,8400,94,2,0,467,277,0,277,41,2,2,0,0,0,12,0,4,0,0,0,0,0,0,12,60,0,0,0,1,0,142,0,0,0,0,0,1,0,
13,6208,רחובות,8400,95,26,0,543,339,2,337,33,5,1,1,0,0,14,0,0,0,0,0,0,0,0,45,99,0,0,0,0,0,135,0,0,0,0,0,0,4,
13,6209,רחובות,8400,96,26,0,617,342,1,341,51,0,4,0,0,0,21,0,0,0,0,0,0,0,0,35,72,0,0,0,2,0,152,0,0,0,0,0,1,3,
13,6210,רחובות,8400,97,1,0,715,590,5,585,0,270,0,0,0,0,18,0,0,0,0,0,0,0,0,1,63,0,0,0,2,0,14,0,0,0,0,0,0,217,
13,6211,רחובות,8400,98,12,0,719,515,4,511,23,105,2,0,0,0,69,0,0,0,0,0,0,0,0,15,115,0,0,0,5,0,65,0,0,0,0,0,0,112,
13,6212,רחובות,8400,103,46,0,565,433,2,431,46,3,1,0,0,0,34,0,0,0,0,0,0,0,0,15,111,0,0,0,0,0,213,0,0,0,0,0,0,8,
13,6213,רחובות,8400,105,12,0,699,533,0,533,31,46,0,0,0,0,154,0,0,0,0,0,0,0,0,12,135,0,0,0,4,0,74,1,0,0,0,0,0,76,
13,6214,רחובות,8400,106,35,0,501,375,1,374,2,164,0,0,0,0,58,0,0,0,0,0,0,0,0,7,71,0,0,0,8,0,11,0,0,0,0,0,0,53,
13,6215,רחובות,8400,107,35,0,434,324,1,323,3,35,0,0,0,0,69,0,0,0,0,0,0,0,0,3,118,0,0,0,6,0,41,0,0,0,0,0,0,48,
13,6216,רחובות,8400,109,10,0,463,288,3,285,18,8,0,0,0,0,5,0,0,0,0,0,0,0,0,30,101,0,1,0,0,0,97,0,0,1,0,0,0,24,
13,6217,רחובות,8400,110,1,0,711,456,3,453,6,79,3,0,0,0,35,0,0,0,0,0,0,0,0,37,124,0,0,0,2,0,70,0,0,0,0,0,0,97,
13,6218,רחובות,8400,113,10,0,490,313,1,312,19,6,2,1,0,0,17,0,0,0,0,0,0,0,0,40,100,0,0,0,1,0,121,0,0,0,0,0,1,4,
13,6219,רחובות,8400,119,34,0,582,350,1,349,10,3,0,0,0,0,13,0,0,0,0,0,0,0,1,63,164,0,0,0,6,0,55,0,0,0,0,1,1,32,
13,6220,רחובות,8400,120,32,0,749,583,2,581,9,34,1,1,0,0,113,0,0,0,0,0,0,0,0,7,217,1,0,0,5,0,91,0,0,0,0,0,0,102,
13,6221,רחובות,8400,121,25,0,552,429,2,427,22,9,1,1,0,0,39,0,0,0,0,0,0,0,0,31,151,0,0,0,3,0,143,0,0,0,0,0,0,27,
13,6222,רחובות,8400,122,32,0,705,504,7,497,18,9,0,1,0,0,33,0,0,0,0,0,0,0,0,46,205,0,0,0,5,0,133,0,0,0,0,0,0,47,
13,6223,רחובות,8400,123,41,0,677,522,1,521,11,26,0,0,0,0,129,0,0,0,0,1,0,0,0,18,217,0,0,0,4,0,79,0,0,0,0,0,0,36,
13,6224,רחובות,8400,124,25,0,669,483,3,480,24,5,1,2,0,0,42,0,0,0,0,0,0,0,0,41,194,0,0,0,1,0,157,0,0,0,1,0,0,12,
13,6225,רחובות,8400,125,32,0,739,548,0,548,27,6,1,0,0,0,41,0,0,0,0,0,0,0,0,85,237,0,0,0,1,0,137,0,0,0,0,0,0,13,
13,6226,רחובות,8400,126,25,0,505,364,2,362,18,7,2,1,0,0,35,0,0,0,0,0,0,0,0,39,123,0,0,0,1,0,121,0,0,0,0,0,0,15,
13,6227,רחובות,8400,127,25,0,703,508,1,507,28,1,1,1,0,0,37,0,0,0,0,0,0,0,0,44,169,0,0,0,1,0,195,0,0,1,0,0,0,29,
13,6228,רחובות,8400,128,41,0,663,547,0,547,3,188,0,0,0,0,136,0,0,0,0,0,0,0,0,1,107,0,0,0,9,0,11,0,0,0,0,0,0,92,
13,6229,רחובות,8400,129,34,0,657,393,5,388,10,6,0,0,0,0,10,0,1,0,0,0,0,0,0,41,197,0,0,1,3,0,45,0,1,0,1,0,0,72,
13,6230,רחובות,8400,142,18,0,553,422,0,422,48,2,0,1,0,0,15,0,0,0,0,0,0,0,0,31,82,0,0,0,0,0,239,0,0,0,0,0,0,4,
13,6231,רחובות,8400,144,47,0,661,514,0,514,50,1,1,0,0,0,13,0,0,0,0,0,0,0,0,36,134,0,0,0,0,0,276,0,0,0,0,0,0,3,
13,6232,רחובות,8400,148,47,0,712,581,0,581,59,4,2,1,0,0,24,0,0,0,0,0,0,1,0,28,118,0,0,0,0,0,338,0,0,0,0,0,0,6,
13,6233,רחובות,8400,149,2,0,562,410,1,409,43,1,2,0,0,0,10,0,0,0,0,0,0,0,0,39,103,1,0,0,0,0,204,0,0,0,0,0,1,5,
13,6234,רחובות,8400,153,27,0,650,516,0,516,62,1,5,1,0,0,20,0,0,0,0,0,0,0,0,38,109,0,0,0,0,0,277,0,0,0,0,0,0,3,
13,6235,רחובות,8400,154,52,0,660,565,1,564,47,2,2,1,0,0,37,0,0,0,0,0,0,1,0,28,119,0,0,0,1,0,312,0,0,0,0,0,0,14,
13,6236,רחובות,8400,158,47,0,705,583,0,583,38,2,2,0,0,0,22,0,0,0,0,0,0,0,0,23,156,1,0,0,0,0,334,0,0,0,0,0,0,5,
13,6237,רחובות,8400,160,47,0,738,620,1,619,64,3,4,0,0,0,30,0,1,0,0,0,0,0,0,37,130,0,0,0,0,0,339,0,0,1,0,0,0,10,
13,6238,רחובות,8400,163,52,0,504,387,1,386,40,3,2,1,0,0,23,0,0,0,0,0,0,0,0,16,72,0,0,0,0,0,225,0,0,0,0,0,0,4,
13,6239,רחובות,8400,167,52,0,665,561,1,560,38,3,1,0,0,0,37,0,0,0,0,0,0,0,0,46,159,0,0,1,2,0,269,0,0,0,0,0,0,4,
13,6240,רחובות,8400,168,18,0,490,325,0,325,28,6,6,0,0,0,28,0,0,0,0,0,0,0,0,33,78,0,0,0,7,0,139,0,0,0,0,0,0,0,
13,6241,רחובות,8400,170,52,0,655,557,1,556,41,1,0,1,0,0,22,0,0,0,0,0,0,0,0,36,161,0,0,0,3,0,280,0,0,0,0,0,0,11,
13,6242,רחובות,8400,950,18,0,509,270,0,270,94,0,24,1,0,0,11,0,0,0,0,0,0,0,0,8,14,0,0,0,0,0,117,0,0,0,0,0,0,1,
13,6243,רחובות,8400,952,47,0,668,547,0,547,34,0,0,0,0,0,27,0,0,0,0,0,0,0,0,26,163,0,0,0,0,0,285,0,0,0,0,0,0,12,
13,6244,רחובות,8400,1,50,0,743,544,3,541,13,1,1,0,0,0,25,1,0,0,0,0,0,0,1,47,264,0,0,0,1,0,119,0,0,0,0,1,1,66,
13,6245,רחובות,8400,2,14,0,602,336,2,334,16,5,1,0,0,0,15,0,0,0,0,0,0,0,0,23,185,1,0,0,5,0,35,0,0,0,0,0,0,48,
13,6246,רחובות,8400,3,21,0,569,402,2,400,8,3,0,0,0,0,9,0,0,0,0,0,0,0,0,40,193,0,0,0,2,0,99,1,0,0,0,0,0,45,
13,6247,רחובות,8400,4.1,22,0,586,333,3,330,2,2,3,0,0,0,8,0,0,0,0,0,0,0,0,8,203,0,1,0,0,0,66,0,0,0,0,0,0,37,
13,6248,רחובות,8400,4.2,22,0,586,312,5,307,10,1,0,0,0,0,6,0,0,0,0,0,0,0,0,21,158,0,0,0,1,0,58,1,0,0,1,0,0,50,
13,6249,רחובות,8400,4.3,22,0,586,340,6,334,6,6,2,0,0,0,9,0,0,0,0,0,0,0,0,14,196,1,0,0,1,0,62,0,0,0,0,0,0,37,
13,6250,רחובות,8400,4.4,22,0,586,327,3,324,10,5,1,0,0,0,11,0,1,1,0,0,0,0,0,14,219,0,0,0,0,0,25,0,0,1,0,0,1,35,
13,6251,רחובות,8400,4.5,22,0,583,326,3,323,9,0,0,0,0,0,4,0,0,0,0,0,1,0,0,41,178,0,0,0,2,0,56,0,0,0,1,1,0,30,
13,6252,רחובות,8400,7,4,0,679,369,1,368,7,4,0,0,0,0,18,0,2,0,0,0,0,0,0,23,222,0,0,1,3,0,53,0,0,0,0,0,0,35,
13,6253,רחובות,8400,8,4,0,635,301,2,299,5,3,0,0,0,0,11,0,0,0,0,0,0,0,0,16,185,0,1,0,1,0,58,0,0,0,1,0,1,17,
13,6254,רחובות,8400,10,21,0,568,363,1,362,7,4,0,0,0,0,13,0,0,0,0,0,0,0,0,23,215,0,0,0,5,0,50,0,0,0,0,0,0,45,
13,6255,רחובות,8400,11,43,0,418,247,1,246,24,1,5,0,0,0,9,0,0,0,1,0,0,0,0,13,63,0,0,0,0,0,129,0,0,0,0,0,0,1,
13,6256,רחובות,8400,12,11,0,683,385,0,385,55,4,5,5,0,0,9,0,0,0,0,0,0,0,0,25,109,0,0,0,0,0,163,0,0,0,0,0,0,10,
13,6257,רחובות,8400,13,43,0,591,403,2,401,61,1,3,0,0,0,14,0,0,0,0,0,0,0,0,13,68,0,0,0,2,0,236,0,0,0,0,0,0,3,
13,6258,רחובות,8400,14,11,0,634,458,2,456,87,0,4,0,0,0,16,0,1,0,0,0,0,0,0,20,93,0,0,0,0,1,230,1,0,0,0,0,0,3,
13,6259,רחובות,8400,15,4,0,646,479,3,476,23,9,2,0,0,0,18,0,0,0,0,0,0,0,0,11,224,0,0,0,3,0,139,0,0,0,0,0,0,47,
13,6260,רחובות,8400,16,44,0,666,437,2,435,41,5,0,0,0,0,20,0,0,0,0,0,0,0,1,45,150,0,1,0,1,0,158,0,1,0,0,0,0,12,
13,6261,רחובות,8400,17,51,0,714,530,8,522,34,10,2,0,0,0,16,0,0,0,0,0,0,0,0,11,226,0,0,0,0,0,184,1,0,0,0,0,0,38,
13,6262,רחובות,8400,18,44,0,578,382,3,379,19,8,1,0,0,0,19,0,0,0,0,0,0,0,0,24,175,0,0,0,4,0,103,0,0,0,0,0,0,26,
13,6263,רחובות,8400,19,5,0,732,500,3,497,43,4,1,1,0,0,27,0,0,0,0,0,0,0,0,20,175,0,0,0,0,0,209,0,0,0,1,0,0,16,
13,6264,רחובות,8400,20,51,0,697,467,3,464,38,4,1,2,0,0,6,0,0,0,0,0,0,0,0,8,180,0,0,0,4,0,170,0,0,0,0,0,0,51,
13,6265,רחובות,8400,21,9,0,499,365,0,365,59,0,4,1,0,0,17,0,0,0,0,0,0,0,0,24,66,0,0,0,1,0,192,0,0,0,0,0,0,1,
13,6266,רחובות,8400,23,28,0,754,504,1,503,30,2,0,3,0,0,9,0,0,0,0,0,0,0,0,36,208,0,1,0,0,0,191,0,0,0,0,0,1,22,
13,6267,רחובות,8400,24.1,17,0,669,433,0,433,39,2,3,2,0,0,10,0,0,0,0,0,0,0,0,40,140,1,0,0,3,1,176,0,1,0,0,0,0,15,
13,6268,רחובות,8400,24.2,17,0,669,399,2,397,37,4,2,2,0,0,14,0,0,0,0,0,0,0,0,44,117,0,0,0,0,0,172,0,0,0,0,0,0,5,
13,6269,רחובות,8400,24.3,17,0,669,421,3,418,44,2,4,0,0,0,20,0,0,0,0,0,0,0,0,55,124,0,0,0,1,0,162,0,0,0,0,1,0,5,
13,6270,רחובות,8400,24.4,17,0,669,450,2,448,36,2,2,2,0,0,12,0,1,0,0,0,0,0,0,56,142,0,1,0,0,0,185,0,0,0,0,0,0,9,
13,6271,רחובות,8400,24.5,17,0,669,437,3,434,37,2,2,0,0,0,19,0,0,0,0,0,0,0,1,56,116,0,0,0,1,0,190,0,1,0,0,0,0,9,
13,6272,רחובות,8400,24.6,17,0,669,406,2,404,48,1,2,1,0,0,6,0,0,0,0,0,0,0,0,45,96,0,0,0,1,0,195,1,0,0,0,0,0,8,
13,6273,רחובות,8400,24.7,17,0,669,359,0,359,45,2,0,0,0,0,11,0,0,0,0,0,0,0,0,46,90,0,0,0,0,0,154,0,1,0,0,0,0,10,
13,6274,רחובות,8400,24.8,17,0,667,437,4,433,41,1,2,4,0,0,18,0,0,0,0,0,0,0,0,55,104,0,0,0,2,0,199,0,0,0,0,0,1,6,
13,6275,רחובות,8400,26,9,0,708,492,0,492,73,2,8,0,0,0,12,0,0,0,0,0,0,0,0,35,99,0,1,0,0,0,254,0,0,1,0,0,0,7,
13,6276,רחובות,8400,27,9,0,617,388,1,387,51,1,5,0,0,0,9,0,0,0,0,0,0,0,0,14,117,1,0,0,2,0,170,0,0,0,0,0,0,17,
13,6277,רחובות,8400,28,9,0,613,352,2,350,45,2,2,1,0,0,11,0,2,0,0,0,0,0,0,25,66,2,0,0,0,0,188,0,0,0,0,0,0,6,
13,6278,רחובות,8400,29,9,0,604,367,4,363,40,3,2,0,0,0,11,0,0,0,0,0,0,0,0,23,85,0,0,0,7,0,189,0,0,0,0,0,0,3,
13,6279,רחובות,8400,31,28,0,682,453,3,450,30,1,1,0,0,0,11,0,0,0,0,0,0,0,0,51,166,0,0,0,2,0,174,0,0,0,0,0,0,14,
13,6280,רחובות,8400,32,3,1,479,330,2,328,7,2,1,0,0,0,12,0,0,0,0,0,0,0,0,35,147,0,0,0,2,0,98,0,0,0,0,0,0,24,
13,6281,רחובות,8400,59,42,0,731,449,3,446,16,2,1,0,0,0,12,0,0,0,0,0,1,0,0,61,248,0,1,0,1,1,73,0,0,0,0,0,0,29,
13,6282,רחובות,8400,60,20,0,598,429,1,428,61,3,2,0,0,0,8,0,0,0,0,0,0,0,0,9,131,0,0,0,1,0,208,0,0,0,0,1,0,4,
13,6283,רחובות,8400,61,20,0,440,289,0,289,36,0,7,0,0,0,9,0,0,0,0,0,0,0,0,10,65,0,0,0,1,0,157,1,0,0,0,0,0,3,
13,6284,רחובות,8400,62,23,0,572,425,0,425,22,1,1,1,0,0,15,0,0,0,0,0,0,0,0,38,151,0,0,0,0,0,184,0,0,0,0,0,0,12,
13,6285,רחובות,8400,69,24,0,626,446,3,443,33,3,0,0,0,0,17,0,0,0,0,0,0,0,0,8,236,0,0,0,3,0,108,2,0,0,0,0,0,33,
13,6286,רחובות,8400,70,13,0,528,380,3,377,17,11,3,0,0,0,16,0,0,0,0,0,0,0,0,13,202,0,0,0,5,0,79,1,0,1,0,0,1,28,
13,6287,רחובות,8400,71,24,0,677,409,3,406,13,2,0,1,0,0,14,0,0,0,0,0,0,0,0,32,203,0,0,0,0,0,110,1,0,0,1,0,0,29,
13,6288,רחובות,8400,72,3,0,683,475,4,471,27,4,1,0,0,0,27,0,0,0,0,0,1,0,0,41,239,0,0,0,1,0,101,0,0,0,0,0,0,29,
13,6289,רחובות,8400,78,3,0,632,377,2,375,6,8,0,0,0,0,15,0,0,0,0,0,0,0,0,56,178,0,0,0,3,0,85,0,0,0,0,0,0,24,
13,6290,רחובות,8400,86,13,0,583,441,0,441,22,4,0,0,0,0,20,0,0,0,0,0,0,0,0,32,203,0,0,0,0,0,139,0,0,0,0,0,0,21,
13,6291,רחובות,8400,90,9,0,611,413,0,413,64,1,2,0,0,0,9,0,0,0,0,0,0,0,0,36,98,1,0,0,3,0,198,0,0,0,0,0,0,1,
13,6292,רחובות,8400,91,9,0,614,405,0,405,70,3,3,0,0,0,15,0,0,0,0,0,0,0,0,23,84,0,0,0,0,0,200,0,0,1,0,0,0,6,
13,6293,רחובות,8400,92,13,0,737,483,2,481,22,5,2,2,0,0,19,1,0,0,0,0,0,0,0,47,256,0,0,0,3,0,90,0,0,0,0,0,0,34,
13,6294,רחובות,8400,99,6,0,666,444,1,443,26,3,1,3,0,0,23,0,0,0,0,0,0,0,0,29,202,0,0,0,5,0,110,0,0,0,0,0,0,41,
13,6295,רחובות,8400,101,3,0,563,324,4,320,13,5,1,0,0,0,9,0,0,0,0,0,0,0,0,47,114,1,0,0,2,0,112,0,1,0,0,0,0,15,
13,6296,רחובות,8400,102,6,0,668,423,1,422,14,0,2,0,0,0,13,0,0,0,0,1,0,0,0,25,227,0,0,0,2,0,110,0,0,0,1,0,0,27,
13,6297,רחובות,8400,104,6,0,745,561,0,561,12,3,0,0,0,0,25,0,0,0,0,0,0,0,0,31,319,0,0,0,0,0,136,0,0,0,0,0,0,35,
13,6298,רחובות,8400,108,14,0,660,462,1,461,23,7,4,1,0,0,19,0,0,0,0,0,0,0,0,35,221,1,0,0,0,0,105,1,0,1,0,0,0,43,
13,6299,רחובות,8400,116,3,0,636,426,3,423,15,13,0,0,0,0,12,0,0,0,0,0,0,0,0,37,254,0,0,0,5,0,58,0,0,0,0,0,0,29,
13,6300,רחובות,8400,117,42,0,697,383,3,380,5,5,1,1,0,0,13,0,0,0,0,0,0,0,0,115,147,0,0,0,1,0,57,0,0,1,0,0,0,34,
13,6301,רחובות,8400,118,13,0,530,413,2,411,15,2,2,1,0,0,31,0,0,0,0,0,0,0,0,26,153,2,1,1,0,0,164,0,0,0,0,0,0,13,
13,6302,רחובות,8400,130,4,0,709,402,2,400,8,0,1,0,0,0,11,0,0,0,0,0,0,0,0,21,233,0,0,0,1,1,62,0,0,0,1,0,1,60,
13,6303,רחובות,8400,131,50,0,677,512,0,512,29,1,1,0,0,0,16,0,0,0,0,0,0,0,0,33,143,0,0,0,1,0,260,0,0,0,0,0,0,28,
13,6304,רחובות,8400,132,50,0,725,563,1,562,43,5,0,0,0,0,21,0,0,0,0,0,0,0,0,43,152,0,0,0,1,0,288,0,0,0,0,0,0,9,
13,6305,רחובות,8400,134,11,0,707,501,2,499,55,3,1,0,0,0,14,0,0,0,0,0,0,0,0,24,112,0,0,0,4,0,270,0,0,0,0,0,0,16,
13,6306,רחובות,8400,136,9,0,537,364,2,362,55,0,3,2,0,0,4,0,0,0,0,0,0,0,0,24,69,0,0,0,3,0,200,0,0,0,0,0,0,2,
13,6307,רחובות,8400,137,40,0,696,543,1,542,36,3,0,2,0,0,17,0,0,0,0,0,0,0,0,46,178,0,1,0,1,0,246,0,0,0,0,0,0,12,
13,6308,רחובות,8400,139,23,0,714,535,3,532,38,0,1,0,0,0,33,0,0,0,0,0,0,0,0,44,167,1,0,0,0,0,238,0,0,0,0,0,0,10,
13,6309,רחובות,8400,140,48,0,712,554,0,554,30,2,1,0,0,0,15,0,0,0,0,0,0,0,0,33,185,0,0,0,1,0,269,0,0,1,0,0,0,17,
13,6310,רחובות,8400,141,23,0,743,533,0,533,45,1,0,1,0,0,23,1,0,0,0,0,0,0,0,62,197,1,0,0,2,0,194,0,1,1,0,0,0,4,
13,6311,רחובות,8400,145,42,0,638,481,3,478,37,7,0,0,0,0,12,0,0,0,0,0,0,0,0,21,201,0,0,0,1,0,173,0,0,0,0,0,0,26,
13,6312,רחובות,8400,146,23,0,553,425,1,424,31,3,2,0,0,0,17,0,0,0,0,0,0,0,0,25,135,1,0,0,3,0,194,0,0,0,0,0,0,13,
13,6313,רחובות,8400,147,3,0,450,283,1,282,12,8,1,1,0,0,14,0,0,0,0,0,0,0,0,43,94,0,0,0,3,0,91,0,1,0,0,0,4,10,
13,6314,רחובות,8400,150,5,0,632,443,2,441,36,7,0,0,0,0,24,0,1,0,0,0,0,0,0,17,198,0,0,0,2,0,91,0,0,0,0,0,0,65,
13,6315,רחובות,8400,151,50,0,588,478,1,477,26,2,1,0,0,0,12,0,0,0,0,0,0,0,0,42,118,1,0,0,0,0,266,0,0,0,0,0,0,9,
13,6316,רחובות,8400,152,40,0,682,575,1,574,28,0,0,0,0,0,16,0,0,0,0,0,0,0,1,45,164,1,0,0,1,0,309,0,0,0,0,0,0,9,
13,6317,רחובות,8400,155,56,0,723,589,3,586,27,2,1,0,0,0,30,0,0,0,0,0,0,0,0,30,222,0,0,0,1,0,229,0,0,0,0,0,0,44,
13,6318,רחובות,8400,156,48,1,728,584,0,584,24,2,0,0,0,0,15,0,0,0,0,0,0,0,1,72,198,1,0,0,1,0,254,0,0,0,0,0,0,16,
13,6319,רחובות,8400,159,43,0,443,324,3,321,43,0,0,0,0,0,18,0,0,0,0,0,0,0,0,18,57,0,0,0,1,0,177,0,0,0,0,0,0,7,
13,6320,רחובות,8400,161,56,0,707,558,1,557,20,4,0,0,0,0,15,0,0,0,0,0,0,0,0,32,226,1,0,0,3,0,222,0,0,0,0,0,2,32,
13,6321,רחובות,8400,162,53,0,690,586,0,586,39,2,4,0,0,0,14,0,0,0,0,0,0,0,0,33,168,0,0,0,1,0,314,0,0,0,0,0,0,11,
13,6322,רחובות,8400,165,48,0,696,563,2,561,26,1,1,0,0,0,16,0,0,0,0,0,0,0,0,51,189,0,0,0,2,0,256,0,0,0,0,0,0,19,
13,6323,רחובות,8400,166,13,0,571,374,2,372,12,15,0,1,0,0,22,0,0,0,0,0,0,0,0,31,218,2,2,0,2,0,47,0,0,0,0,0,0,20,
13,6324,רחובות,8400,169,21,0,640,498,1,497,22,3,0,1,0,0,13,0,0,0,1,0,0,0,0,39,186,2,0,0,3,0,217,0,0,0,0,0,0,10,
12,5332,רמלה,8500,2,10,0,733,461,6,455,18,3,253,0,0,0,2,0,0,0,0,0,0,0,0,9,68,0,1,0,1,0,78,0,1,0,0,0,0,21,
12,5333,רמלה,8500,4,10,0,756,415,8,407,8,4,135,0,0,0,13,0,0,1,0,0,0,1,0,7,114,1,0,0,5,0,47,0,0,0,0,1,0,70,
12,5334,רמלה,8500,5,10,0,524,314,0,314,20,5,70,1,0,0,3,0,0,0,0,0,0,0,0,17,97,0,0,0,4,0,67,0,0,0,0,0,0,30,
12,5335,רמלה,8500,10,28,0,426,297,0,297,15,2,45,0,0,0,7,0,0,0,0,0,0,0,0,1,149,0,0,0,1,0,47,0,0,0,0,0,0,30,
12,5336,רמלה,8500,11,10,0,681,431,2,429,20,1,107,0,0,0,7,0,0,2,0,0,0,0,0,11,167,1,0,0,0,0,71,0,1,0,0,0,0,41,
12,5337,רמלה,8500,12,31,0,724,368,1,367,14,4,81,1,0,0,6,0,0,0,0,0,0,0,1,6,157,0,0,0,0,0,41,0,0,1,0,0,0,55,
12,5338,רמלה,8500,14.1,23,0,580,382,4,378,15,0,93,0,0,0,8,0,0,0,0,0,0,0,0,5,142,0,0,0,4,0,76,0,0,0,0,0,0,35,
12,5339,רמלה,8500,14.2,23,0,580,384,3,381,10,4,45,0,2,0,11,0,0,0,0,0,0,0,0,9,196,1,0,0,2,0,58,0,0,0,0,0,1,42,
12,5340,רמלה,8500,14.3,23,0,580,342,4,338,14,2,42,0,0,0,9,0,0,0,0,0,0,0,0,8,179,0,0,0,1,0,47,0,0,0,0,0,0,36,
12,5341,רמלה,8500,14.4,23,0,580,368,3,365,7,4,33,0,0,0,18,0,0,0,0,0,0,0,0,6,192,0,0,0,2,0,59,0,0,0,0,0,0,44,
12,5343,רמלה,8500,15,28,0,653,445,7,438,8,4,71,0,0,0,16,0,0,0,0,0,0,0,1,7,225,0,3,0,0,0,53,1,0,1,0,0,0,48,
12,5344,רמלה,8500,16,6,0,656,431,1,430,12,6,19,0,1,0,23,0,0,0,0,0,0,0,0,2,219,0,0,0,3,0,95,0,0,0,0,0,0,50,
12,5345,רמלה,8500,18,28,0,562,348,1,347,11,1,144,0,0,0,3,0,0,0,0,0,0,0,0,0,103,0,0,0,4,0,40,0,0,0,0,0,0,41,
12,5346,רמלה,8500,19,31,0,608,419,6,413,6,9,2,0,0,0,10,0,0,0,0,0,0,0,0,7,230,0,0,0,5,0,39,0,0,0,1,0,0,104,
12,5347,רמלה,8500,20,13,0,414,252,3,249,9,0,5,0,0,0,9,0,0,0,0,0,0,0,0,11,128,0,0,0,2,0,44,0,0,0,0,0,0,41,
12,5348,רמלה,8500,22,7,0,622,367,4,363,8,0,2,0,0,0,9,0,0,0,0,0,0,0,0,19,242,0,0,1,1,0,17,0,0,0,0,0,0,64,
12,5349,רמלה,8500,23,7,0,770,535,5,530,9,7,0,0,0,0,16,0,0,0,0,0,0,0,0,10,319,1,0,0,2,0,61,0,0,0,0,0,0,105,
12,5350,רמלה,8500,24,13,0,566,340,3,337,7,9,4,0,0,0,13,0,0,0,0,0,0,0,0,16,199,0,0,0,0,0,33,0,0,0,1,0,0,55,
12,5351,רמלה,8500,25,13,0,557,352,2,350,6,2,2,1,0,0,11,0,0,0,0,0,0,0,0,9,245,1,0,0,1,0,28,0,0,0,0,0,0,44,
12,5352,רמלה,8500,26,6,0,487,293,3,290,12,7,7,0,0,0,6,0,0,0,0,0,0,0,0,8,175,0,0,0,0,1,23,0,0,1,0,0,0,50,
12,5353,רמלה,8500,28,9,0,424,246,4,242,6,2,16,1,0,0,2,0,0,0,0,0,0,0,0,5,155,0,0,0,0,1,8,0,0,0,0,0,0,46,
12,5354,רמלה,8500,29.1,17,0,661,413,8,405,3,0,345,0,0,0,1,0,0,1,0,0,0,0,0,6,28,4,0,0,0,0,13,0,0,0,0,0,1,3,
12,5355,רמלה,8500,29.2,17,0,661,393,1,392,7,1,272,2,0,0,3,0,0,0,0,0,0,0,0,5,61,2,0,0,2,0,25,0,0,0,0,0,0,12,
12,5356,רמלה,8500,29.3,17,0,659,349,4,345,13,4,200,0,0,0,0,0,0,0,0,0,0,0,0,3,93,0,0,0,0,1,16,0,0,0,0,0,0,15,
12,5357,רמלה,8500,30.1,2,0,588,369,3,366,3,1,12,0,0,0,1,0,0,0,0,0,0,0,0,8,221,1,0,0,1,0,39,0,0,0,0,0,0,79,
12,5358,רמלה,8500,30.2,2,0,588,349,5,344,7,1,0,0,0,0,4,0,1,1,0,0,0,0,0,16,200,0,0,0,6,0,30,0,0,0,0,0,1,77,
12,5359,רמלה,8500,30.3,2,0,588,377,3,374,6,2,1,0,0,0,6,0,0,0,0,0,0,1,0,12,237,0,0,0,3,0,26,0,0,1,0,0,1,78,
12,5360,רמלה,8500,30.4,2,0,588,382,7,375,7,3,1,0,0,0,7,0,0,0,0,0,1,0,0,20,215,0,0,0,2,0,48,0,0,0,0,0,0,71,
12,5361,רמלה,8500,30.5,2,0,587,359,2,357,4,7,6,0,0,0,12,0,0,0,0,0,0,1,0,17,208,0,0,1,4,0,28,0,0,0,1,0,0,68,
12,5362,רמלה,8500,33,7,0,666,396,3,393,3,5,4,0,0,0,6,0,0,0,0,0,0,0,0,17,219,1,0,0,1,0,27,0,0,0,0,0,0,110,
12,5363,רמלה,8500,34.1,27,0,586,400,5,395,2,0,297,0,0,0,2,0,0,0,0,0,0,0,0,10,53,0,0,0,1,0,14,0,0,0,0,0,0,16,
12,5364,רמלה,8500,34.2,27,0,586,366,2,364,2,2,43,0,0,0,13,0,0,0,0,0,0,0,0,9,201,0,0,0,3,0,39,0,0,0,0,0,1,51,
12,5365,רמלה,8500,34.3,27,0,586,379,3,376,9,2,139,0,0,0,3,0,0,0,0,0,0,0,0,12,144,0,0,0,1,0,34,0,0,0,0,0,0,32,
12,5366,רמלה,8500,35.1,36,0,596,321,3,318,3,1,258,0,0,0,3,0,0,0,0,0,0,0,0,7,27,0,0,1,0,0,9,1,0,0,0,1,0,7,
12,5367,רמלה,8500,35.2,36,0,596,331,4,327,3,0,176,0,1,0,10,0,0,0,0,0,0,0,0,29,59,1,1,0,2,1,22,0,0,0,0,0,0,22,
12,5368,רמלה,8500,35.3,36,0,596,303,7,296,3,0,94,0,0,0,14,0,0,0,0,0,0,1,0,21,114,0,0,0,0,0,26,0,0,1,0,0,0,22,
12,5369,רמלה,8500,35.4,36,0,596,311,2,309,6,7,118,0,0,0,12,0,0,0,0,0,0,0,0,36,91,1,0,0,1,0,19,0,0,1,0,0,0,17,
12,5370,רמלה,8500,37,33,0,572,318,2,316,2,1,3,0,0,0,10,0,0,0,0,0,0,0,0,16,194,0,0,0,2,0,26,0,0,0,0,0,0,62,
12,5371,רמלה,8500,45,30,0,586,456,0,456,6,0,0,0,0,0,10,0,0,0,0,0,0,0,0,18,313,0,0,0,2,0,67,0,0,0,0,0,0,40,
12,5372,רמלה,8500,46,30,0,605,480,4,476,10,2,2,1,0,0,13,0,1,0,0,0,0,0,1,9,307,1,0,0,1,0,84,0,0,0,0,0,0,44,
12,5373,רמלה,8500,47,35,0,698,555,2,553,5,3,1,0,0,0,18,0,0,0,0,0,0,0,0,13,372,0,0,0,6,0,70,0,0,1,0,0,0,64,
12,5374,רמלה,8500,49,9,0,493,301,4,297,4,7,8,0,0,0,4,0,0,0,0,0,0,0,0,16,175,0,0,0,2,0,16,0,0,0,0,0,0,65,
12,5375,רמלה,8500,50,19,0,536,279,1,278,1,1,270,0,0,0,0,0,0,0,0,0,0,0,0,0,1,0,0,0,0,0,3,1,0,0,0,1,0,0,
12,5376,רמלה,8500,51,37,0,722,474,9,465,1,0,456,0,0,0,0,0,0,0,0,0,0,0,0,1,3,0,0,0,0,0,4,0,0,0,0,0,0,0,
12,5377,רמלה,8500,52,38,0,712,416,1,415,4,0,406,0,0,0,0,0,0,0,0,0,0,0,0,0,2,0,0,0,0,0,3,0,0,0,0,0,0,0,
12,5378,רמלה,8500,53,20,0,713,541,3,538,23,3,29,0,0,0,17,0,0,0,0,0,0,0,0,8,298,1,0,0,1,0,96,0,0,1,0,0,0,61,
12,5379,רמלה,8500,54,3,0,544,303,4,299,6,1,0,0,0,0,6,0,0,0,0,0,0,0,0,26,176,0,0,0,1,0,20,0,0,0,0,0,0,63,
12,5380,רמלה,8500,55,5,0,557,272,6,266,2,2,2,0,0,0,2,0,0,0,0,0,0,0,0,13,158,0,0,1,3,0,21,0,0,0,0,1,0,61,
12,5381,רמלה,8500,56.1,22,0,630,402,7,395,7,5,5,0,0,0,6,0,0,0,0,0,0,0,0,24,249,0,0,0,3,0,33,0,0,0,0,0,0,63,
12,5382,רמלה,8500,56.2,22,0,630,429,1,428,8,3,17,0,0,0,9,0,0,0,0,0,0,0,0,21,244,0,0,0,3,0,61,0,0,0,0,0,1,61,
12,5383,רמלה,8500,57,5,0,469,289,5,284,3,4,0,1,0,0,5,0,0,0,0,0,0,0,0,7,155,0,0,0,0,0,29,0,0,0,0,0,0,80,
12,5384,רמלה,8500,58,3,0,446,227,4,223,4,1,5,0,0,0,0,0,1,0,0,1,0,0,0,9,125,0,0,0,3,1,27,0,0,0,0,0,0,46,
12,5385,רמלה,8500,59,32,0,631,449,2,447,5,1,30,0,0,0,14,0,0,0,0,0,0,0,0,2,251,0,0,0,5,0,56,0,0,0,0,0,0,83,
12,5386,רמלה,8500,60,20,0,503,284,3,281,3,2,43,0,0,0,3,0,0,0,0,0,0,0,0,8,143,0,0,0,2,0,42,0,0,0,0,0,0,35,
12,5387,רמלה,8500,61,9,0,626,366,3,363,5,5,2,0,0,0,3,0,0,0,0,0,0,0,0,21,215,0,0,0,0,0,22,0,0,0,0,0,0,90,
12,5388,רמלה,8500,62,9,0,601,351,6,345,4,2,12,1,0,0,5,0,0,1,0,0,0,0,0,36,220,0,0,0,1,0,10,0,0,0,0,0,1,52,
12,5389,רמלה,8500,63,5,0,466,255,5,250,4,2,0,0,0,0,4,0,0,0,0,0,0,0,0,9,163,0,0,0,0,0,20,0,0,0,0,0,0,48,
12,5390,רמלה,8500,64,20,0,696,546,4,542,6,1,27,1,0,0,20,0,0,0,0,0,0,0,0,9,348,0,0,0,2,0,68,0,0,0,0,0,0,60,
12,5391,רמלה,8500,66,3,0,662,447,5,442,11,1,53,0,0,0,9,0,0,0,0,0,0,0,0,15,239,0,0,0,3,0,44,0,0,0,1,0,0,66,
12,5392,רמלה,8500,67,32,0,639,393,5,388,5,4,27,0,0,0,13,0,0,0,0,0,0,0,0,13,201,1,0,0,1,0,48,0,0,0,0,0,0,75,
12,5393,רמלה,8500,68,3,0,681,466,1,465,26,5,10,0,0,0,8,0,0,0,0,0,0,0,0,10,289,0,0,0,1,0,49,0,0,0,0,0,0,67,
12,5394,רמלה,8500,69,31,0,651,376,4,372,10,3,15,0,0,0,12,0,0,0,0,0,0,2,1,6,200,0,0,0,2,0,48,0,0,2,0,0,0,71,
12,5395,רמלה,8500,70,8,0,607,314,5,309,0,1,7,0,1,0,6,0,0,0,0,0,0,0,0,20,183,0,1,0,3,1,36,0,0,0,0,0,0,50,
12,5396,רמלה,8500,71,8,0,567,316,2,314,5,3,3,1,0,0,10,0,0,0,0,0,0,0,0,10,185,0,0,0,3,0,25,0,0,0,0,0,0,69,
12,5397,רמלה,8500,73,6,0,621,442,2,440,13,5,31,0,0,0,15,0,0,0,0,0,0,0,0,4,265,0,0,0,1,0,59,0,0,0,0,0,0,47,
12,5398,רמלה,8500,75,6,0,597,438,4,434,14,5,13,0,0,0,10,0,0,0,0,0,0,0,0,9,287,0,0,0,3,0,48,0,0,0,0,0,0,45,
12,5399,רמלה,8500,76,29,0,499,334,1,333,6,2,3,1,0,0,4,0,0,0,0,0,0,0,0,24,197,0,0,0,0,0,52,0,0,0,0,0,0,44,
12,5400,רמלה,8500,77,7,0,663,459,6,453,9,6,1,0,0,0,11,0,0,0,0,0,0,0,0,11,259,0,0,0,3,0,42,0,0,0,0,0,0,111,
12,5401,רמלה,8500,78,29,0,679,443,3,440,8,1,1,0,0,0,12,0,0,0,0,0,0,0,0,64,235,0,0,0,1,0,80,0,0,0,0,0,0,38,
12,5402,רמלה,8500,79,29,0,576,363,3,360,11,2,0,0,0,0,2,0,0,0,0,0,0,0,0,106,158,0,0,0,1,0,48,1,0,0,0,0,0,31,
12,5403,רמלה,8500,80,10,0,651,422,2,420,12,0,181,0,0,0,4,0,0,0,0,0,0,0,0,2,125,0,0,0,0,0,64,0,0,0,0,0,0,32,
12,5404,רמלה,8500,82,3,0,500,295,4,291,5,2,3,0,0,0,10,0,0,0,0,0,0,0,0,18,165,0,0,0,1,0,34,0,0,0,0,0,0,53,
12,5405,רמלה,8500,83,5,0,405,234,11,223,5,2,6,0,1,0,2,0,0,0,0,0,0,0,0,25,117,0,0,0,0,1,27,0,0,0,0,0,0,37,
12,5406,רמלה,8500,84.1,12,0,684,472,8,464,8,8,42,1,0,0,11,0,0,0,0,0,0,0,0,60,221,0,0,0,2,0,63,0,0,0,0,0,0,48,
12,5407,רמלה,8500,84.2,12,0,684,471,11,460,14,3,7,1,0,0,8,0,0,0,0,0,0,0,0,66,251,1,0,0,2,0,63,0,0,0,0,1,0,43,
12,5408,רמלה,8500,84.3,12,0,684,424,1,423,5,7,7,0,0,0,8,0,0,0,0,0,0,0,0,81,211,0,0,0,0,0,65,0,0,0,1,0,0,38,
12,5409,רמלה,8500,84.4,12,0,684,469,2,467,8,1,21,0,0,0,6,0,0,0,0,0,0,0,1,85,239,0,0,0,3,0,61,0,0,0,0,0,0,42,
12,5410,רמלה,8500,84.5,12,0,684,470,12,458,1,2,3,0,0,0,7,0,0,0,0,0,0,0,0,55,295,0,0,0,1,0,44,0,0,0,0,0,0,50,
12,5411,רמלה,8500,84.6,12,0,684,471,6,465,8,3,8,0,0,0,12,0,0,0,0,0,0,0,0,89,250,0,0,0,0,0,39,0,0,0,0,0,0,56,
12,5412,רמלה,8500,84.7,12,0,684,456,3,453,9,2,39,1,0,0,6,0,0,0,0,0,0,0,0,61,217,0,0,0,0,0,52,0,2,1,0,0,1,62,
12,5413,רמלה,8500,84.8,12,0,684,449,8,441,11,6,3,0,0,0,6,0,0,0,0,0,0,0,0,116,201,1,0,0,0,0,64,1,0,0,0,0,0,32,
12,5414,רמלה,8500,84.9,12,0,676,437,7,430,9,4,10,0,0,0,8,0,0,0,0,0,0,0,0,111,214,1,0,0,1,0,51,0,0,0,0,0,0,21,
12,5415,רמלה,8500,85,30,0,666,500,5,495,13,2,0,0,0,0,15,0,0,0,0,0,0,0,0,8,322,0,0,0,1,0,77,0,0,0,0,0,0,57,
12,5416,רמלה,8500,86,34,0,716,575,4,571,10,2,0,0,0,0,24,0,0,0,1,0,0,0,0,12,359,0,0,0,2,0,103,0,1,0,0,0,0,57,
12,5417,רמלה,8500,88,34,0,761,607,3,604,14,4,0,0,0,0,24,0,0,0,0,0,0,0,0,15,389,0,0,0,4,0,91,0,0,1,0,0,0,62,
12,5418,רמלה,8500,89,34,0,726,580,3,577,14,3,5,2,0,0,25,0,0,0,0,1,0,0,0,18,363,0,0,0,1,0,102,0,0,0,0,0,0,43,
12,5419,רמלה,8500,91,30,0,637,515,2,513,10,3,6,0,0,0,16,0,1,0,0,0,0,0,0,10,315,0,0,0,2,0,56,0,0,0,0,0,0,94,
12,5420,רמלה,8500,95,37,0,619,282,3,279,2,0,268,0,0,0,0,0,0,0,0,0,0,0,0,0,4,1,2,0,1,0,1,0,0,0,0,0,0,0,
12,5421,רמלה,8500,950,26,0,604,396,6,390,3,0,379,0,0,0,1,0,0,0,0,0,0,0,0,0,1,0,0,0,0,0,5,0,1,0,0,0,0,0,
12,5422,רמלה,8500,951,26,0,571,391,6,385,1,0,376,0,0,0,2,0,0,0,0,0,0,0,1,0,4,0,0,0,0,0,0,1,0,0,0,0,0,0,
2,1118,תומר,3558,1,1,0,246,189,0,189,15,1,0,0,0,0,14,0,0,0,0,0,0,0,0,5,66,0,0,0,3,0,85,0,0,0,0,0,0,0,
5,1572,אביטל,2052,1,1,0,417,330,0,330,4,10,0,0,0,0,15,0,0,0,0,0,0,0,1,4,240,0,0,0,4,0,29,0,0,0,0,0,0,23,
9,3998,אום אלפחם,2710,1,1,0,722,436,5,431,3,0,424,0,0,0,0,0,0,0,0,0,0,0,1,0,3,0,0,0,0,0,0,0,0,0,0,0,0,0,
9,3999,אום אלפחם,2710,2,28,0,779,492,1,491,0,0,489,0,0,0,0,0,0,0,0,0,0,0,0,0,1,0,0,0,0,0,0,0,0,0,0,0,0,1,
9,4000,אום אלפחם,2710,3,3,0,650,424,2,422,3,0,412,0,0,0,1,0,0,0,0,0,1,0,0,0,1,0,0,0,0,1,1,0,0,0,0,1,0,1,
9,4001,אום אלפחם,2710,4,3,0,755,501,1,500,1,0,496,0,0,0,1,0,0,0,0,0,0,0,0,0,0,0,0,0,0,0,1,0,0,0,0,0,0,1,
9,4002,אום אלפחם,2710,5,3,0,726,478,2,476,0,0,467,0,0,0,0,0,0,1,0,0,1,0,0,0,4,0,0,0,0,0,1,0,0,1,0,0,1,0,
9,4003,אום אלפחם,2710,6,5,0,696,455,2,453,2,0,448,0,0,0,0,0,0,0,0,0,0,0,0,0,0,0,0,0,1,0,1,0,0,0,0,0,1,0,
9,4004,אום אלפחם,2710,7,27,0,695,371,3,368,3,0,361,0,0,0,0,0,0,0,0,0,0,0,1,1,0,0,0,0,0,0,0,0,1,1,0,0,0,0,
9,4005,אום אלפחם,2710,8,1,0,619,345,1,344,1,0,342,0,0,0,0,0,0,0,0,0,0,0,0,0,1,0,0,0,0,0,0,0,0,0,0,0,0,0,
9,4006,אום אלפחם,2710,9,7,0,673,422,0,422,0,0,421,0,0,0,0,0,0,0,0,0,0,0,0,0,0,0,0,0,0,0,1,0,0,0,0,0,0,0,
9,4007,אום אלפחם,2710,10,8,0,579,443,2,441,5,0,423,0,0,0,0,0,0,0,0,0,0,0,0,0,0,0,0,0,0,0,13,0,0,0,0,0,0,0,
9,4008,אום אלפחם,2710,11,9,0,659,441,6,435,1,0,428,0,0,0,0,0,0,1,0,0,0,0,0,0,2,0,0,0,0,0,2,0,1,0,0,0,0,0,
9,4009,אום אלפחם,2710,12,10,0,549,332,0,332,0,0,329,0,0,0,0,0,0,0,0,0,0,0,0,0,2,0,0,0,0,0,0,0,0,0,1,0,0,0,
9,4010,אום אלפחם,2710,14,12,0,586,379,4,375,2,0,361,0,0,0,0,0,0,0,0,0,0,0,0,0,12,0,0,0,0,0,0,0,0,0,0,0,0,0,
9,4011,אום אלפחם,2710,16,16,0,546,338,6,332,2,0,322,0,0,0,0,0,0,1,0,0,1,0,0,0,1,0,0,0,0,0,2,1,1,0,1,0,0,0,
9,4012,אום אלפחם,2710,17,16,0,550,321,0,321,0,0,315,1,0,0,0,0,0,0,0,0,0,0,0,0,2,0,0,0,0,0,3,0,0,0,0,0,0,0,
9,4013,אום אלפחם,2710,18,15,0,773,473,4,469,1,0,465,0,0,0,0,0,0,0,0,0,0,0,0,0,0,0,0,0,0,0,3,0,0,0,0,0,0,0,
9,4014,אום אלפחם,2710,19,16,0,755,489,3,486,4,0,478,0,0,0,1,0,0,0,0,0,0,0,0,0,2,0,0,0,0,0,1,0,0,0,0,0,0,0,
9,4015,אום אלפחם,2710,20,17,0,736,433,1,432,1,0,426,0,0,0,0,0,0,2,0,0,0,0,0,0,0,1,0,0,0,1,0,0,0,0,0,0,1,0,
9,4016,אום אלפחם,2710,21,4,0,721,479,2,477,0,0,472,0,0,0,0,0,0,0,0,0,0,0,0,0,2,0,1,0,0,2,0,0,0,0,0,0,0,0,
9,4017,אום אלפחם,2710,22,31,0,549,356,2,354,4,0,347,0,0,0,0,1,1,1,0,0,0,0,0,0,0,0,0,0,0,0,0,0,0,0,0,0,0,0,
9,4018,אום אלפחם,2710,23,1,0,688,453,2,451,0,0,442,0,0,0,1,0,0,2,0,0,0,0,0,0,2,0,0,0,0,0,2,0,0,0,0,0,1,1,
9,4019,אום אלפחם,2710,24,15,0,755,441,2,439,0,0,433,0,0,0,0,0,0,0,0,0,0,0,0,0,3,0,0,0,0,1,0,0,1,0,1,0,0,0,
9,4020,אום אלפחם,2710,25,31,0,617,404,0,404,2,0,399,0,0,0,0,0,0,0,1,0,0,0,0,0,0,0,0,0,0,0,1,0,0,0,0,0,0,1,
9,4021,אום אלפחם,2710,26,30,0,646,435,2,433,1,0,425,0,1,0,1,0,0,0,0,0,0,0,0,0,1,0,0,0,0,0,3,0,0,0,0,0,1,0,
9,4022,אום אלפחם,2710,27,10,0,459,274,4,270,0,0,266,0,0,0,0,0,0,0,0,0,0,0,0,0,0,0,1,0,0,0,1,1,0,0,0,1,0,0,
9,4023,אום אלפחם,2710,28,30,0,747,408,3,405,0,0,401,0,0,0,0,0,0,1,0,0,0,0,0,0,0,0,0,0,1,0,1,0,0,0,1,0,0,0,
9,4024,אום אלפחם,2710,29,26,0,705,384,3,381,1,1,378,0,0,0,0,0,0,0,0,0,1,0,0,0,0,0,0,0,0,0,0,0,0,0,0,0,0,0,
9,4025,אום אלפחם,2710,30,7,0,658,388,1,387,1,0,381,0,0,0,0,0,0,0,0,0,0,0,1,0,2,0,0,0,0,0,1,0,0,0,1,0,0,0,
9,4026,אום אלפחם,2710,31,21,0,588,407,2,405,0,0,403,0,0,0,0,0,0,0,0,0,0,0,0,0,0,0,0,0,0,0,1,0,0,0,0,0,1,0,
9,4027,אום אלפחם,2710,32.1,13,0,624,483,3,480,19,0,459,0,0,0,1,0,0,0,0,0,0,0,0,0,0,0,0,0,0,0,1,0,0,0,0,0,0,0,
9,4028,אום אלפחם,2710,32.2,13,0,624,395,1,394,0,0,389,0,0,0,0,0,0,0,0,0,0,0,0,1,2,0,0,0,0,0,2,0,0,0,0,0,0,0,
9,4029,אום אלפחם,2710,32.3,13,0,624,418,4,414,2,0,407,0,0,0,0,0,0,0,0,0,0,0,0,0,1,0,0,0,0,2,0,0,0,0,0,1,0,1,
9,4030,אום אלפחם,2710,33,8,0,599,450,2,448,2,0,444,0,0,0,1,0,0,0,0,0,0,0,0,0,1,0,0,0,0,0,0,0,0,0,0,0,0,0,
9,4031,אום אלפחם,2710,34,26,0,513,331,5,326,0,0,321,0,0,0,0,0,0,1,0,0,0,0,0,0,0,0,0,0,0,0,4,0,0,0,0,0,0,0,
9,4032,אום אלפחם,2710,35,3,0,655,383,5,378,2,0,372,0,0,0,0,0,0,0,0,0,0,0,0,0,3,0,0,0,0,0,0,0,0,0,0,0,1,0,
9,4033,אום אלפחם,2710,36,16,0,731,472,1,471,0,0,469,0,0,0,0,0,0,1,0,0,0,0,0,0,0,0,0,0,0,0,0,1,0,0,0,0,0,0,
9,4034,אום אלפחם,2710,37,10,0,599,336,3,333,4,0,328,0,0,0,0,0,0,0,0,0,0,0,0,0,0,0,0,0,0,0,0,0,1,0,0,0,0,0,
9,4035,אום אלפחם,2710,39,12,0,570,337,4,333,1,0,325,0,0,0,0,0,0,0,0,0,0,0,0,0,4,0,0,0,0,0,1,0,0,0,0,0,1,1,
9,4036,אום אלפחם,2710,41,28,0,712,503,1,502,1,0,501,0,0,0,0,0,0,0,0,0,0,0,0,0,0,0,0,0,0,0,0,0,0,0,0,0,0,0,
9,4037,אום אלפחם,2710,42,29,0,783,475,2,473,0,0,468,0,0,0,0,0,0,0,0,1,0,0,0,0,0,0,0,0,1,0,1,1,0,0,1,0,0,0,
9,4038,אום אלפחם,2710,43,7,0,616,378,1,377,2,0,368,0,0,0,0,0,0,0,0,0,0,0,0,2,1,0,0,0,0,1,1,0,0,0,0,0,1,1,
9,4039,אום אלפחם,2710,44,28,0,630,367,1,366,0,0,363,0,0,0,0,0,0,1,0,0,0,0,0,0,1,0,0,0,0,0,1,0,0,0,0,0,0,0,
9,4040,אום אלפחם,2710,45,5,0,756,519,0,519,5,0,511,0,0,0,0,0,0,0,0,0,0,0,0,0,1,0,0,0,0,1,1,0,0,0,0,0,0,0,
9,4041,אום אלפחם,2710,46,5,0,594,379,2,377,1,0,374,0,0,0,0,0,0,0,0,0,0,0,0,0,1,0,0,0,0,0,1,0,0,0,0,0,0,0,
9,4042,אום אלפחם,2710,47,12,0,666,372,0,372,2,0,360,0,0,0,0,0,0,0,0,0,0,2,0,0,5,0,0,0,0,0,3,0,0,0,0,0,0,0,
9,4043,אום אלפחם,2710,48,16,0,771,505,5,500,0,0,491,0,0,0,0,0,0,2,0,0,0,0,0,0,2,0,0,0,0,1,2,0,0,0,0,0,1,1,
9,4044,אום אלפחם,2710,49,29,0,595,394,0,394,3,0,388,0,0,0,0,0,0,1,0,0,0,0,0,0,0,0,0,0,0,0,2,0,0,0,0,0,0,0,
9,4045,אום אלפחם,2710,50,17,0,735,487,4,483,1,0,480,0,0,0,0,0,0,1,0,0,0,0,0,0,0,0,0,0,0,0,1,0,0,0,0,0,0,0,
9,4046,אום אלפחם,2710,51,3,0,646,394,2,392,1,0,389,0,0,0,0,0,0,0,0,0,0,0,0,0,0,0,0,0,0,0,0,0,1,0,0,0,0,1,
9,4047,אום אלפחם,2710,52,10,0,591,349,3,346,1,0,342,0,0,0,0,0,0,0,0,0,0,0,0,0,1,0,0,0,0,0,1,0,0,1,0,0,0,0,
9,4048,אום אלפחם,2710,53,4,0,559,338,3,335,1,0,332,0,0,0,0,0,0,0,0,0,0,0,0,0,0,1,0,0,0,0,0,0,0,0,1,0,0,0,
9,4049,אום אלפחם,2710,54,4,0,540,352,2,350,1,0,346,0,0,0,0,0,0,1,0,0,0,0,0,0,0,0,0,0,0,0,1,0,0,0,0,0,1,0,
9,4050,אום אלפחם,2710,55,8,0,594,364,5,359,0,0,355,0,0,0,0,0,0,0,0,0,0,0,0,0,0,0,0,0,0,1,1,0,0,0,0,1,0,1,
9,4051,אום אלפחם,2710,56,4,0,599,402,0,402,0,0,397,0,0,0,0,0,0,0,0,0,0,0,0,0,0,0,0,0,0,0,2,0,0,0,0,0,2,1,
9,4052,אום אלפחם,2710,57,10,0,604,350,1,349,1,0,346,0,0,0,0,0,0,1,0,0,0,0,0,0,0,0,0,0,0,1,0,0,0,0,0,0,0,0,
9,3873,אור עקיבא,1020,1,15,1,734,460,2,458,10,18,0,2,0,0,0,0,0,0,0,0,0,0,0,42,249,0,0,0,0,0,62,0,0,0,0,0,0,75,
9,3874,אור עקיבא,1020,2,1,0,723,471,1,470,7,13,0,0,0,0,12,0,0,0,0,0,1,0,1,15,282,0,0,0,3,0,32,0,0,0,0,0,0,104,
9,3875,אור עקיבא,1020,3,1,0,764,488,5,483,13,4,0,0,0,0,7,0,0,0,0,0,0,0,0,56,277,0,0,0,1,0,25,0,0,1,0,0,0,99,
9,3876,אור עקיבא,1020,4,5,0,776,542,3,539,15,19,0,0,0,0,30,0,0,0,0,0,0,0,0,14,294,0,0,1,4,0,34,0,0,0,0,0,0,128,
9,3877,אור עקיבא,1020,5,9,0,574,349,6,343,2,3,4,0,0,0,10,0,0,0,0,0,0,0,1,39,217,0,0,0,0,0,22,0,0,0,0,0,0,45,
9,3878,אור עקיבא,1020,6,7,0,557,376,0,376,4,9,0,0,0,0,15,0,0,0,0,0,0,0,0,4,220,0,0,0,1,0,14,0,0,0,0,0,0,109,
9,3879,אור עקיבא,1020,7,10,0,495,278,2,276,2,3,4,0,0,0,2,0,0,0,0,0,0,0,0,17,194,1,0,0,0,0,24,0,0,0,0,0,0,29,
9,3880,אור עקיבא,1020,8,16,0,643,322,3,319,5,1,0,2,0,0,4,0,0,0,0,0,0,0,0,18,225,0,0,0,5,0,16,0,0,0,0,0,0,43,
9,3881,אור עקיבא,1020,9,12,0,544,356,0,356,5,3,0,0,0,0,5,0,0,0,0,0,0,0,0,19,225,1,0,0,2,0,35,0,0,0,1,0,0,60,
9,3882,אור עקיבא,1020,10,12,0,670,396,3,393,6,2,0,0,1,0,5,0,0,0,0,0,0,0,0,38,265,0,0,0,1,0,24,0,0,0,0,0,0,51,
9,3883,אור עקיבא,1020,11,16,0,554,313,2,311,2,0,0,1,0,0,7,0,0,0,0,0,0,0,0,31,217,0,0,0,1,0,29,0,0,0,0,0,1,22,
9,3884,אור עקיבא,1020,12,17,0,541,312,2,310,7,7,0,0,0,0,11,0,0,0,0,0,0,1,0,50,163,0,0,0,0,0,45,0,0,0,0,1,2,23,
9,3885,אור עקיבא,1020,15,17,0,711,475,1,474,11,5,0,1,0,0,19,0,0,0,0,0,0,0,0,36,280,0,0,0,1,0,72,0,0,0,0,0,0,49,
9,3886,אור עקיבא,1020,16,13,0,555,352,4,348,6,1,0,0,0,0,9,0,0,0,0,0,0,0,0,57,200,0,0,0,2,0,42,0,0,0,0,0,0,31,
9,3887,אור עקיבא,1020,17,17,0,591,305,3,302,1,1,0,0,0,0,6,0,0,0,0,0,0,0,0,81,156,1,0,0,1,0,51,0,0,0,0,0,1,3,
9,3888,אור עקיבא,1020,18,17,0,652,392,4,388,3,4,1,0,0,0,7,0,0,0,0,0,0,0,0,86,222,2,0,0,3,0,38,0,0,0,0,0,0,22,
9,3889,אור עקיבא,1020,19,13,1,556,336,7,329,6,3,0,0,0,0,3,0,0,0,0,1,0,0,0,44,209,0,0,0,0,0,56,0,0,0,0,0,1,6,
9,3890,אור עקיבא,1020,20,6,0,706,427,4,423,9,2,1,0,0,0,6,0,0,0,0,0,0,0,0,148,171,0,0,0,4,0,66,0,0,0,0,0,0,16,
9,3891,אור עקיבא,1020,21,6,0,545,357,2,355,5,12,0,0,0,0,9,0,0,0,0,0,0,0,0,83,178,1,0,0,10,0,39,0,0,0,0,0,0,18,
9,3892,אור עקיבא,1020,22,17,0,684,488,0,488,16,5,1,1,0,0,26,1,0,0,0,0,0,0,0,74,191,1,0,0,1,0,154,0,0,0,0,0,0,17,
9,3893,אור עקיבא,1020,23,13,0,633,412,1,411,9,5,0,0,0,0,9,0,0,0,0,0,0,0,0,58,246,0,0,0,5,0,66,0,0,0,0,0,0,13,
9,3894,אור עקיבא,1020,24,14,0,746,570,4,566,19,5,0,0,0,0,29,0,0,0,0,0,1,0,1,32,304,0,0,0,4,0,133,0,0,0,0,0,0,38,
9,3895,אור עקיבא,1020,25,14,0,686,507,1,506,8,6,0,0,0,0,19,0,0,0,0,0,0,0,0,31,322,0,0,0,1,0,57,0,0,0,0,0,0,62,
9,3896,אור עקיבא,1020,26,14,0,560,411,2,409,11,4,0,0,0,0,17,0,0,0,0,0,0,0,0,30,215,0,0,0,0,0,111,0,0,1,0,0,0,20,
9,3897,אור עקיבא,1020,950,14,0,749,579,1,578,13,2,1,0,0,0,29,0,0,1,0,0,0,0,0,48,271,0,0,0,3,0,171,0,0,0,0,0,0,39,
17,9117,אורות,2012,1,1,0,437,319,2,317,44,0,0,0,0,0,8,0,0,0,0,0,0,0,0,6,43,0,0,0,0,0,212,0,0,0,0,0,0,4,
16,8438,אזור,565,1,5,0,618,458,0,458,38,4,3,0,0,0,9,0,0,0,1,0,0,0,0,18,189,1,0,0,1,0,161,0,0,0,0,0,0,33,
16,8439,אזור,565,2,10,0,543,363,2,361,11,7,1,0,0,0,8,0,0,0,0,1,0,0,0,9,148,0,0,0,2,0,131,0,1,0,0,0,0,42,
16,8440,אזור,565,3,14,0,540,333,1,332,27,5,1,0,0,0,9,0,0,0,0,0,0,0,0,16,147,0,0,0,8,0,89,0,0,0,0,0,0,30,
16,8441,אזור,565,4,2,0,654,453,4,449,28,11,2,1,0,0,14,0,0,0,0,0,0,0,0,22,172,2,0,0,2,0,155,1,0,1,0,0,0,38,
16,8442,אזור,565,5,2,0,665,483,16,467,15,2,4,1,0,0,12,0,0,0,0,0,0,0,0,6,230,2,0,0,1,0,134,0,0,0,0,0,0,60,
16,8443,אזור,565,6,5,0,591,359,1,358,18,7,0,0,0,0,23,0,0,0,0,0,0,0,0,30,140,1,0,0,0,0,74,0,1,0,0,0,0,64,
16,8444,אזור,565,7,5,0,698,489,2,487,30,7,0,0,0,0,16,0,0,0,0,0,0,0,1,24,167,4,0,0,0,0,196,0,0,0,0,0,0,42,
16,8445,אזור,565,8,13,0,644,396,2,394,8,4,0,0,0,0,18,0,0,0,0,0,0,0,0,49,175,0,0,0,4,0,90,0,0,0,0,0,0,46,
16,8446,אזור,565,9,7,0,747,568,2,566,27,11,3,0,0,0,16,0,0,0,0,0,0,0,0,22,214,3,0,0,4,0,175,0,0,0,0,1,0,90,
16,8447,אזור,565,10,9,0,560,322,1,321,11,2,2,0,0,0,9,0,0,0,0,0,0,0,0,35,138,0,0,0,0,0,92,0,0,0,0,0,0,32,
16,8448,אזור,565,11,2,0,656,432,1,431,33,3,1,0,0,0,15,0,0,0,0,0,0,0,0,13,182,2,0,0,1,0,153,0,0,0,0,0,0,28,
16,8449,אזור,565,12,12,0,556,351,1,350,5,3,2,0,0,0,22,0,0,0,0,0,0,0,0,13,171,0,0,0,1,1,64,0,0,0,0,0,0,68,
16,8450,אזור,565,13,10,0,614,485,3,482,15,3,1,0,0,0,23,0,0,0,0,0,0,0,0,13,186,0,0,0,3,0,171,0,0,0,0,0,0,67,
16,8451,אזור,565,14,10,0,578,454,3,451,20,2,1,0,0,0,13,0,0,0,0,0,0,0,0,14,193,0,0,0,1,0,169,0,0,0,0,0,0,38,
16,8452,אזור,565,15,7,0,610,469,0,469,38,2,2,0,0,0,14,0,0,0,0,0,0,0,0,13,160,1,1,0,0,0,210,0,0,0,0,1,0,27,
16,8453,אזור,565,16,2,0,504,315,2,313,15,3,1,0,1,0,10,0,0,0,0,0,0,0,0,20,138,0,0,0,5,0,84,0,0,2,0,0,0,34,
5,1486,אחוזת ברק,1330,1,1,0,499,370,0,370,25,0,0,1,0,0,11,0,0,0,0,0,0,0,1,27,155,0,0,0,1,0,145,0,0,0,0,0,0,4,
5,1487,אחוזת ברק,1330,2,2,0,703,550,1,549,26,2,0,0,0,0,18,0,0,0,0,0,0,0,0,33,240,0,0,0,2,0,216,0,0,0,0,0,0,12,
5,1488,אחוזת ברק,1330,3,2,0,511,384,1,383,36,0,0,2,0,0,17,0,0,0,0,0,0,0,0,23,140,0,0,0,0,0,155,0,0,0,0,0,0,10,
18,9897,אטרש שבט,965,1,1,0,475,158,2,156,0,0,147,0,0,0,0,0,0,0,0,0,0,0,0,3,0,0,0,1,0,0,4,0,1,0,0,0,0,0,
18,9898,אטרש שבט,965,2,1,0,568,183,1,182,1,0,172,0,0,0,0,0,0,0,0,0,0,0,0,2,0,0,0,0,0,0,6,0,0,0,0,0,0,1,
18,9899,אטרש שבט,965,3,1,0,542,173,0,173,0,0,161,0,0,0,0,0,0,0,0,0,0,0,0,1,2,0,0,0,0,0,8,0,0,0,1,0,0,0,
4,1427,אליעד,4002,1,1,0,307,222,3,219,26,1,1,0,0,0,16,0,0,0,0,0,0,0,0,14,33,1,0,0,2,0,122,0,0,0,0,0,0,3,
2,967,אספר,3754,1,1,0,376,282,1,281,0,146,0,0,0,0,77,0,0,0,0,0,0,0,0,0,21,0,0,0,10,0,0,0,0,0,0,0,0,27,
4,1372,אפיקים,176,1,1,0,490,331,0,331,98,0,3,0,0,0,4,0,0,0,0,1,0,1,0,4,18,0,0,0,0,0,200,0,0,0,0,0,0,2,
4,1373,אפיקים,176,2,1,0,596,402,2,400,115,0,4,0,0,0,6,0,0,0,0,0,0,0,0,9,28,0,0,0,2,1,233,1,0,0,0,0,0,1,
2,968,אפרת,3650,1,2,0,658,460,2,458,7,8,0,1,0,0,244,0,0,0,0,0,0,0,0,0,137,5,0,1,8,0,39,0,0,0,0,1,0,7,
2,969,אפרת,3650,2,2,0,633,406,1,405,3,2,0,0,0,0,211,0,0,0,0,0,0,0,2,2,154,1,0,0,5,0,18,2,0,0,0,0,0,5,
2,970,אפרת,3650,3,3,0,664,470,1,469,7,10,0,0,1,0,232,0,0,0,0,0,0,0,0,1,157,2,0,0,9,0,40,1,0,0,0,0,0,9,
2,971,אפרת,3650,4,6,0,604,427,1,426,2,8,1,1,0,0,198,0,0,0,0,0,0,1,0,0,187,0,0,0,0,0,20,0,0,0,0,0,0,8,
2,972,אפרת,3650,5,1,0,683,487,1,486,7,16,0,1,0,0,241,0,0,0,0,0,0,0,0,1,181,0,0,0,4,0,29,0,0,0,0,0,0,6,
2,973,אפרת,3650,6,7,0,550,501,0,501,4,7,0,0,0,0,319,0,0,0,0,0,0,3,0,0,127,4,0,0,5,0,25,1,0,0,0,0,0,6,
2,974,אפרת,3650,7,3,0,728,507,0,507,3,6,1,2,0,0,260,0,0,0,0,0,0,1,0,6,183,0,0,0,11,0,27,0,0,0,0,0,0,7,
2,975,אפרת,3650,8,8,0,465,379,0,379,1,10,0,0,0,0,213,0,0,0,0,0,0,0,0,1,118,0,0,0,10,0,12,1,0,0,0,0,0,13,
2,976,אפרת,3650,9,8,0,695,538,3,535,4,5,1,0,0,0,267,0,0,0,0,0,0,4,0,1,196,1,0,0,7,0,34,0,0,0,0,0,0,15,
2,977,אפרת,3650,10,4,0,612,507,0,507,7,13,0,0,0,0,259,0,0,0,0,0,0,0,0,4,188,1,0,0,2,0,24,0,0,0,0,0,0,9,
2,978,אפרת,3650,11,4,0,438,308,1,307,3,4,0,0,0,0,157,0,0,0,0,0,0,3,0,2,115,3,0,0,3,0,10,0,0,0,0,0,0,7,
2,979,אפרת,3650,13,7,0,541,491,1,490,4,6,0,1,0,0,283,0,0,0,0,0,0,0,0,0,159,1,0,0,4,0,22,0,0,0,0,0,0,10,
18,10071,אשכולות,3722,1,1,0,338,250,0,250,12,1,0,1,0,0,18,0,0,0,0,0,0,0,0,13,125,1,0,0,0,0,77,0,0,0,0,0,0,2,
9,3803,באקה אלגרביה,6000,1,9,0,677,429,5,424,2,0,411,0,0,0,1,0,0,0,0,0,0,0,0,0,1,0,1,0,0,2,1,0,0,0,0,0,0,5,
9,3804,באקה אלגרביה,6000,2,3,0,644,373,0,373,7,0,359,0,0,0,0,0,0,2,0,0,0,0,0,0,0,0,0,0,0,1,4,0,0,0,0,0,0,0,
9,3805,באקה אלגרביה,6000,3,10,0,622,387,2,385,0,0,383,0,0,0,0,0,0,0,0,0,0,0,0,0,1,0,1,0,0,0,0,0,0,0,0,0,0,0,
9,3806,באקה אלגרביה,6000,4,13,0,669,378,5,373,0,0,372,0,0,0,0,0,1,0,0,0,0,0,0,0,0,0,0,0,0,0,0,0,0,0,0,0,0,0,
9,3807,באקה אלגרביה,6000,5,12,0,691,413,5,408,1,0,398,0,0,0,2,0,0,1,0,0,0,0,0,0,1,1,0,0,0,0,3,0,0,0,0,0,0,1,
9,3808,באקה אלגרביה,6000,6,13,0,559,330,2,328,2,0,321,0,0,0,2,0,0,0,0,0,0,0,0,0,0,0,1,0,0,0,1,0,0,0,0,0,0,1,
9,3809,באקה אלגרביה,6000,7,13,0,657,392,1,391,0,0,388,0,0,0,0,0,0,2,0,0,0,0,0,0,0,0,0,0,0,0,0,0,0,0,1,0,0,0,
9,3810,באקה אלגרביה,6000,8,7,0,591,375,3,372,1,0,359,0,0,0,0,0,0,0,0,0,0,0,0,0,1,0,1,0,0,2,5,0,0,0,0,0,0,3,
9,3811,באקה אלגרביה,6000,9,7,0,614,356,0,356,0,0,354,0,0,0,0,0,0,0,0,0,0,0,0,0,0,0,0,0,0,0,1,0,0,0,0,0,1,0,
9,3812,באקה אלגרביה,6000,10,13,0,594,361,1,360,1,0,356,0,0,0,0,0,1,0,0,1,0,0,0,0,0,0,0,0,0,0,1,0,0,0,0,0,0,0,
9,3813,באקה אלגרביה,6000,11,10,0,663,433,2,431,0,0,421,0,0,0,1,0,0,1,0,0,0,0,0,0,2,0,0,0,0,0,3,0,0,0,0,0,1,2,
9,3814,באקה אלגרביה,6000,12,6,0,663,382,4,378,2,0,371,0,0,0,0,0,0,0,0,0,0,0,0,0,1,0,0,0,0,1,2,0,1,0,0,0,0,0,
9,3815,באקה אלגרביה,6000,13,6,0,678,430,1,429,4,0,414,0,0,0,0,0,0,1,0,0,0,0,0,0,0,1,0,0,0,1,3,0,0,0,0,0,0,5,
9,3816,באקה אלגרביה,6000,14,4,0,627,416,2,414,5,0,400,0,0,0,1,0,0,1,0,1,0,1,0,0,1,0,0,0,0,1,1,0,0,0,0,0,0,2,
9,3817,באקה אלגרביה,6000,15,4,0,642,372,3,369,0,0,360,0,0,0,0,0,0,0,0,0,0,0,0,0,2,0,0,0,0,0,5,0,0,0,0,0,0,2,
9,3818,באקה אלגרביה,6000,16,11,0,653,431,2,429,3,0,417,0,0,0,0,0,0,1,0,0,0,0,0,0,0,0,0,0,0,1,4,0,0,1,0,0,0,2,
9,3819,באקה אלגרביה,6000,17,8,0,627,426,2,424,5,0,416,0,0,0,0,0,0,0,0,0,0,0,0,0,0,0,1,0,0,0,0,0,0,0,0,0,0,2,
9,3820,באקה אלגרביה,6000,18,8,0,630,384,0,384,0,0,381,0,0,0,1,0,0,0,0,0,0,0,0,0,1,0,0,0,0,0,1,0,0,0,0,0,0,0,
9,3821,באקה אלגרביה,6000,19,8,0,691,438,2,436,2,0,429,0,0,0,0,0,0,0,0,0,0,0,0,0,2,0,1,0,0,0,2,0,0,0,0,0,0,0,
9,3822,באקה אלגרביה,6000,20,6,0,617,348,1,347,0,0,346,0,0,0,0,0,0,0,0,0,0,0,0,0,0,0,0,0,0,0,1,0,0,0,0,0,0,0,
9,3823,באקה אלגרביה,6000,21,4,0,621,381,2,379,0,0,376,0,0,0,0,0,0,1,0,0,0,0,0,0,0,0,0,0,0,1,0,1,0,0,0,0,0,0,
9,3824,באקה אלגרביה,6000,22,7,0,600,378,3,375,4,0,358,0,0,0,0,0,0,0,0,0,0,0,0,0,1,0,0,0,0,0,10,0,0,0,0,0,1,1,
9,3825,באקה אלגרביה,6000,23,2,0,690,421,5,416,1,0,408,0,0,0,1,0,0,0,0,0,0,0,0,0,2,1,0,0,0,0,3,0,0,0,0,0,0,0,
9,3826,באקה אלגרביה,6000,24,4,0,633,402,1,401,7,0,387,0,0,0,0,0,0,0,0,0,0,0,1,0,0,0,0,0,0,0,5,0,0,0,0,0,0,1,
9,3827,באקה אלגרביה,6000,25,2,0,680,469,0,469,2,0,465,0,0,0,0,0,0,0,0,0,0,0,0,0,0,0,0,0,0,0,0,0,0,0,0,0,0,2,
9,3828,באקה אלגרביה,6000,26,3,0,664,428,6,422,8,0,402,0,0,0,1,0,0,1,0,0,0,0,0,0,3,0,2,0,0,2,2,0,0,1,0,0,0,0,
9,3829,באקה אלגרביה,6000,27,9,0,694,424,0,424,2,0,416,0,0,0,0,0,0,0,0,0,0,0,0,0,1,0,0,0,0,1,3,0,1,0,0,0,0,0,
9,3830,באקה אלגרביה,6000,28,12,0,572,375,3,372,2,0,366,0,0,0,0,0,0,0,1,1,0,0,0,0,0,0,1,0,0,0,1,0,0,0,0,0,0,0,
9,3831,באקה אלגרביה,6000,29,12,0,643,398,4,394,0,0,388,0,0,0,1,0,0,2,0,0,0,0,0,0,0,0,1,0,0,0,2,0,0,0,0,0,0,0,
9,3832,באקה אלגרביה,6000,30,6,0,587,349,0,349,4,0,331,0,0,0,0,0,0,1,0,0,0,0,0,0,1,0,0,1,0,0,9,0,0,0,0,0,2,0,
5,2072,בועיינהנוגידאת,482,1,7,0,733,497,4,493,7,0,482,0,0,0,1,0,0,0,0,0,0,0,0,0,1,0,0,0,0,0,2,0,0,0,0,0,0,0,
5,2073,בועיינהנוגידאת,482,2,2,0,698,467,2,465,0,0,453,0,0,0,0,0,0,0,0,0,0,0,0,0,0,0,0,0,0,0,12,0,0,0,0,0,0,0,
5,2074,בועיינהנוגידאת,482,3,5,0,699,418,4,414,9,0,354,0,0,0,1,0,0,2,0,0,0,0,0,0,7,0,0,0,0,1,36,1,0,1,0,0,0,2,
5,2075,בועיינהנוגידאת,482,4,1,0,744,539,1,538,58,0,473,0,0,0,1,0,0,0,0,0,0,0,0,0,1,0,0,0,0,0,3,0,0,0,0,0,1,1,
5,2076,בועיינהנוגידאת,482,5,5,0,719,431,1,430,10,0,381,0,0,0,1,0,0,0,1,0,0,0,0,0,8,0,0,0,0,0,27,0,0,0,0,1,0,1,
5,2077,בועיינהנוגידאת,482,6,6,0,753,545,2,543,4,1,522,0,0,0,0,0,0,0,0,0,0,0,0,0,5,0,0,0,0,0,9,0,0,0,0,0,0,2,
5,2078,בועיינהנוגידאת,482,7,2,0,744,494,6,488,18,0,452,0,0,0,1,0,0,1,0,0,0,0,0,0,1,1,0,0,0,0,12,1,0,0,0,0,0,1,
5,2079,בועיינהנוגידאת,482,8,2,0,708,452,5,447,1,0,445,0,0,0,0,0,0,0,0,0,0,0,0,0,0,0,0,0,0,0,1,0,0,0,0,0,0,0,
5,2080,בועיינהנוגידאת,482,9,5,0,764,480,1,479,7,0,445,0,0,0,0,0,0,0,0,0,0,0,0,0,3,0,0,0,1,1,16,0,0,1,1,0,2,2,
18,9392,בטחה,762,1,1,0,609,476,3,473,5,7,0,0,0,0,32,0,0,0,0,0,0,0,0,2,300,0,0,0,3,0,34,0,0,0,0,0,0,90,
13,6498,בית גמליאל,571,1,3,0,379,291,0,291,3,2,0,1,0,0,133,0,0,0,0,0,0,0,0,3,98,1,0,0,6,0,25,0,0,0,0,0,0,19,
13,6499,בית גמליאל,571,2,3,0,395,317,0,317,3,15,1,0,0,0,144,0,0,0,0,0,0,0,0,4,108,0,0,0,1,0,29,0,0,0,0,0,0,12,
17,9134,בית עזרא,756,1,1,0,365,275,1,274,20,2,0,0,0,0,6,0,0,0,0,0,0,0,0,7,108,0,1,0,1,0,108,0,0,0,0,0,0,21,
17,9135,בית עזרא,756,2,1,0,463,352,0,352,18,1,0,1,0,0,20,0,0,0,0,0,0,0,0,10,145,2,0,0,1,0,130,0,0,0,0,0,0,24,
5,1630,בית שאן,9200,1,5,0,662,466,3,463,9,2,13,0,0,0,13,0,0,0,0,0,0,0,2,18,298,0,0,0,6,0,31,0,0,0,0,0,0,71,
5,1631,בית שאן,9200,2,5,0,590,383,2,381,11,3,5,0,0,0,7,1,0,0,0,0,0,0,0,11,236,0,0,0,2,0,23,0,0,0,0,0,0,82,
5,1632,בית שאן,9200,3,21,0,784,545,0,545,6,7,0,0,0,0,13,0,0,0,0,0,0,0,0,1,327,0,0,0,6,0,29,0,0,0,0,0,0,156,
5,1633,בית שאן,9200,4,8,0,533,384,2,382,4,5,6,0,0,0,18,0,0,0,0,0,0,0,0,2,237,0,0,0,4,1,25,0,0,0,0,0,0,80,
5,1634,בית שאן,9200,5,4,0,650,439,3,436,9,5,0,0,0,0,25,0,0,0,1,0,0,0,0,9,272,0,0,0,4,0,25,0,0,1,0,0,0,85,
5,1635,בית שאן,9200,6,1,0,575,434,0,434,10,5,0,0,0,0,14,0,0,0,0,0,0,0,0,7,246,0,0,0,1,0,25,0,0,0,0,0,0,126,
5,1636,בית שאן,9200,7,17,0,478,344,0,344,3,4,0,0,0,0,29,0,0,0,0,0,0,0,0,1,215,0,0,0,6,0,21,0,0,0,0,0,0,65,
5,1637,בית שאן,9200,8,17,0,467,342,0,342,15,2,0,0,0,0,18,0,0,0,0,0,0,0,0,0,192,0,0,0,0,0,31,0,0,0,0,0,0,84,
5,1638,בית שאן,9200,9,19,0,596,403,0,403,3,3,0,1,0,0,5,0,0,0,0,0,0,0,0,1,235,0,0,0,8,0,11,0,0,0,0,1,1,134,
5,1639,בית שאן,9200,10,20,0,575,478,2,476,8,4,0,0,0,0,42,0,0,0,0,0,0,0,0,5,301,0,0,0,3,0,20,0,0,0,0,0,0,93,
5,1640,בית שאן,9200,11,20,0,534,412,1,411,6,5,0,0,0,0,26,0,0,0,0,0,0,0,0,2,273,0,0,0,1,0,45,0,0,0,0,0,0,53,
5,1641,בית שאן,9200,12,12,0,705,435,4,431,7,6,0,0,0,0,12,0,0,0,0,0,0,0,0,16,249,0,0,0,4,0,20,0,0,0,0,0,0,117,
5,1642,בית שאן,9200,13,15,0,487,332,3,329,9,3,0,0,0,0,8,0,0,0,0,0,0,0,0,13,212,0,0,0,3,0,42,0,0,0,0,0,0,39,
5,1643,בית שאן,9200,14,11,0,698,497,1,496,4,8,0,0,0,0,37,0,0,0,0,0,0,0,1,6,306,0,0,0,5,0,56,0,0,0,0,0,1,72,
5,1644,בית שאן,9200,15,12,0,634,473,3,470,11,7,0,1,0,0,39,0,1,0,0,0,0,0,0,4,321,0,0,0,4,0,23,0,0,0,0,0,0,59,
5,1645,בית שאן,9200,16,12,0,597,446,0,446,5,1,0,0,0,0,26,0,0,0,0,0,0,0,0,6,301,0,0,0,1,0,33,0,0,0,0,0,0,73,
5,1646,בית שאן,9200,17,14,0,609,433,3,430,7,10,0,0,0,0,18,0,0,0,0,0,0,0,0,2,263,0,0,0,2,0,18,1,0,0,0,0,0,109,
5,1647,בית שאן,9200,18,16,0,608,393,3,390,10,0,1,0,0,0,4,0,0,0,0,0,0,0,0,37,231,0,0,1,3,0,16,0,0,0,1,0,0,86,
5,1648,בית שאן,9200,19,3,0,705,465,1,464,1,5,0,0,0,0,11,0,0,0,0,0,0,0,0,5,298,0,0,0,5,0,22,0,0,0,0,0,0,117,
5,1649,בית שאן,9200,20,3,0,627,413,3,410,5,5,0,0,0,0,11,0,0,0,0,0,0,0,0,13,258,0,0,0,4,0,23,0,0,1,0,0,0,90,
5,1650,בית שאן,9200,21,4,0,468,272,1,271,3,4,2,0,0,0,11,0,0,0,0,0,0,0,0,1,180,0,0,0,3,0,15,0,0,0,0,0,0,52,
5,1651,בית שאן,9200,22,1,0,555,404,2,402,3,3,0,0,0,0,15,0,0,0,0,0,0,0,0,6,272,1,0,0,4,0,43,0,0,0,0,0,0,55,
5,1652,בית שאן,9200,23,18,0,483,373,1,372,6,3,0,0,0,0,9,0,0,0,0,0,0,0,0,1,251,0,0,0,1,0,6,0,0,0,0,0,0,95,
5,1653,בית שאן,9200,24,20,0,738,586,2,584,9,9,1,0,0,0,52,0,0,0,0,0,0,0,0,2,368,0,0,0,1,0,42,0,0,0,0,0,0,100,
2,828,בית שמש,2610,2,5,0,647,415,3,412,11,21,0,1,0,0,6,0,0,1,0,0,0,0,0,28,207,0,0,0,2,0,48,0,0,0,0,1,0,86,
2,829,בית שמש,2610,3,7,0,737,470,8,462,18,13,2,1,0,0,10,1,0,0,0,0,0,0,0,32,283,0,0,0,3,0,28,0,0,0,0,0,0,71,
2,830,בית שמש,2610,4,39,0,722,446,5,441,11,3,0,0,0,0,9,0,0,0,0,0,0,0,0,22,283,0,0,0,1,0,44,0,0,0,0,0,1,67,
2,831,בית שמש,2610,5,6,0,715,445,4,441,4,6,0,0,0,0,20,0,0,0,0,0,0,0,0,27,274,0,0,0,3,1,38,0,0,0,0,0,0,68,
2,832,בית שמש,2610,6,4,0,599,398,1,397,14,4,3,0,0,0,7,0,0,0,0,1,0,0,0,9,261,0,0,0,3,0,31,0,0,0,0,0,0,64,
2,833,בית שמש,2610,7,51,0,611,401,3,398,9,15,0,0,0,0,10,0,0,0,0,0,0,0,0,47,184,1,0,0,7,0,21,0,0,0,0,0,0,104,
2,834,בית שמש,2610,8,51,0,701,475,1,474,10,1,0,0,0,0,7,0,0,0,0,0,0,0,0,28,278,0,0,0,10,0,35,0,0,0,0,0,0,105,
2,835,בית שמש,2610,9,4,0,755,504,4,500,6,16,0,0,0,0,10,0,0,0,0,0,0,0,0,26,306,0,0,0,4,0,42,0,0,0,0,1,0,89,
2,836,בית שמש,2610,10,4,0,598,344,2,342,4,31,0,0,0,0,5,0,0,0,0,0,0,0,0,41,168,1,0,0,3,0,11,0,0,0,0,0,1,77,
2,837,בית שמש,2610,11,22,0,557,438,0,438,0,425,0,0,0,0,0,0,0,0,0,0,0,0,0,0,1,0,0,0,0,0,0,0,0,0,0,0,0,12,
2,838,בית שמש,2610,12,1,0,668,382,3,379,4,3,1,0,0,0,67,0,0,0,0,0,0,1,0,17,206,0,0,0,7,0,43,0,0,0,0,0,0,30,
2,839,בית שמש,2610,13,1,0,563,371,0,371,10,11,1,0,0,0,35,0,0,0,0,0,0,1,0,10,204,0,1,0,9,3,37,1,0,0,0,0,0,48,
2,840,בית שמש,2610,14,1,0,745,461,9,452,8,9,1,0,1,0,80,1,0,0,0,0,0,0,2,42,221,3,1,0,2,0,52,0,0,0,0,0,1,28,
2,841,בית שמש,2610,15.1,52,0,606,370,1,369,4,4,0,0,0,0,87,0,0,0,0,0,0,0,0,21,177,0,0,0,4,0,52,0,0,1,0,0,0,19,
2,842,בית שמש,2610,15.2,52,0,605,389,5,384,12,20,0,0,0,0,146,0,0,0,0,0,0,0,0,16,125,0,0,0,0,0,43,2,0,0,0,0,0,20,
2,843,בית שמש,2610,16.1,10,0,570,408,1,407,11,5,0,1,0,0,19,0,0,0,0,0,0,0,0,17,245,1,0,0,3,0,57,0,0,0,0,0,0,48,
2,844,בית שמש,2610,16.2,10,0,570,397,0,397,25,5,0,0,0,0,40,0,0,0,0,0,0,0,0,6,213,0,0,0,2,0,66,0,0,0,0,0,0,40,
2,845,בית שמש,2610,16.3,10,0,570,424,1,423,8,7,0,1,0,0,35,0,0,0,0,0,0,0,0,15,232,1,0,0,6,0,74,0,0,0,0,0,0,44,
2,846,בית שמש,2610,16.4,10,0,570,397,0,397,11,3,0,0,0,0,40,0,0,0,0,1,0,0,0,15,231,0,0,0,2,0,46,0,0,0,0,0,0,48,
2,847,בית שמש,2610,16.5,10,0,569,362,1,361,6,10,0,0,0,0,48,0,0,0,0,0,0,0,0,37,175,0,0,0,0,0,66,0,0,0,0,0,0,19,
2,848,בית שמש,2610,18,9,0,526,299,1,298,5,5,0,0,0,0,17,0,0,0,0,0,1,0,0,39,182,0,0,1,3,0,22,0,0,0,0,0,0,23,
2,849,בית שמש,2610,19,11,0,551,292,7,285,0,252,0,0,0,0,0,0,0,0,0,0,0,0,0,0,0,0,0,0,0,0,0,0,0,0,0,0,0,33,
2,850,בית שמש,2610,20.1,16,0,567,382,5,377,9,17,1,0,0,0,13,0,0,0,0,0,0,0,0,36,183,1,0,0,2,0,47,0,0,0,0,0,0,68,
2,851,בית שמש,2610,20.2,16,0,567,387,4,383,6,57,0,0,0,0,22,0,0,0,0,0,0,0,0,61,149,0,0,0,2,0,42,1,0,0,0,1,0,42,
2,852,בית שמש,2610,20.3,16,0,567,410,5,405,3,51,0,0,0,0,19,0,0,0,0,0,0,0,0,34,203,0,0,0,4,0,35,1,0,0,0,0,1,54,
2,853,בית שמש,2610,20.4,16,0,567,374,5,369,5,29,0,0,0,0,18,0,1,0,0,0,0,0,0,53,153,0,0,0,8,0,39,0,0,1,0,0,2,60,
2,854,בית שמש,2610,20.5,16,0,566,388,1,387,4,82,0,0,0,0,14,0,0,0,0,0,0,0,0,76,142,0,0,0,1,0,40,0,0,0,0,0,0,28,
2,855,בית שמש,2610,21,39,0,661,412,2,410,8,33,0,0,0,0,6,0,0,0,0,0,0,0,0,16,235,0,0,1,4,0,33,0,0,1,0,0,0,73,
2,856,בית שמש,2610,22,39,0,708,468,4,464,8,3,0,0,0,0,7,0,2,0,0,0,0,0,0,19,321,0,0,0,4,0,26,0,0,0,0,0,0,74,
2,857,בית שמש,2610,24,44,0,506,371,1,370,5,10,0,0,0,0,157,0,0,0,0,0,0,0,0,4,133,0,0,0,1,0,58,1,0,0,0,0,0,1,
2,858,בית שמש,2610,25,11,0,562,368,3,365,0,245,0,0,0,0,0,0,0,0,0,0,0,0,0,0,6,0,0,0,4,0,0,0,0,0,0,0,0,110,
2,859,בית שמש,2610,26,15,0,712,488,2,486,4,4,1,0,0,0,49,0,0,0,0,0,0,0,0,46,287,1,0,0,7,0,50,1,0,0,0,0,0,36,
2,860,בית שמש,2610,29,9,0,551,354,2,352,9,21,0,0,0,0,12,0,0,0,0,0,0,0,0,51,190,0,0,0,1,0,37,0,0,0,0,0,0,31,
2,861,בית שמש,2610,30,43,0,552,439,2,437,4,97,0,0,0,0,90,0,0,0,0,0,0,0,0,1,123,1,0,0,7,0,14,0,0,0,0,0,0,100,
2,862,בית שמש,2610,31,11,0,542,307,4,303,2,235,0,0,0,0,2,0,0,0,0,0,0,0,0,0,3,0,0,0,1,0,1,0,0,0,0,0,0,59,
2,863,בית שמש,2610,32,45,0,684,438,5,433,6,4,0,0,0,0,20,0,0,0,0,0,0,0,0,80,222,0,0,1,0,0,49,0,0,0,0,0,0,51,
2,864,בית שמש,2610,33,40,0,696,516,3,513,11,10,0,0,0,0,76,0,0,0,0,1,0,0,0,64,262,0,0,0,3,0,44,0,0,0,0,0,0,42,
2,865,בית שמש,2610,34,22,0,526,323,3,320,0,241,0,0,0,0,1,0,0,0,0,0,0,0,0,0,2,0,0,0,0,0,0,0,0,0,0,0,0,76,
2,866,בית שמש,2610,37,33,0,735,512,1,511,32,2,2,0,0,0,7,0,0,0,0,0,0,0,0,22,334,0,0,0,3,0,45,0,0,0,0,0,0,64,
2,867,בית שמש,2610,38.1,50,0,612,501,8,493,0,211,0,0,0,0,27,0,0,0,0,0,0,0,0,1,43,0,0,0,4,0,1,0,0,0,0,0,0,206,
2,868,בית שמש,2610,38.2,50,0,612,500,1,499,0,271,0,0,0,0,23,0,0,0,0,0,0,0,0,0,44,0,0,0,4,0,1,0,0,0,0,0,0,156,
2,869,בית שמש,2610,38.3,50,0,612,511,3,508,0,294,0,0,0,0,19,0,0,0,0,0,0,0,0,1,26,0,0,0,7,0,1,0,0,0,0,0,0,160,
2,870,בית שמש,2610,38.4,50,0,610,483,4,479,0,296,0,0,0,0,19,0,0,0,0,0,0,0,0,0,21,0,0,0,1,0,2,0,0,0,0,0,0,140,
2,871,בית שמש,2610,39,11,0,565,429,3,426,0,400,0,0,0,0,1,0,0,0,0,0,0,0,0,0,1,0,0,0,0,0,0,0,0,0,0,0,0,24,
2,872,בית שמש,2610,40,9,0,574,408,2,406,5,12,2,0,0,0,124,0,0,0,0,0,0,0,0,20,166,2,1,0,7,0,39,1,0,0,0,0,0,27,
2,873,בית שמש,2610,41,45,0,765,526,6,520,8,4,0,0,0,0,34,1,0,0,0,0,0,0,1,72,256,0,0,0,6,0,69,0,0,0,0,0,0,69,
2,874,בית שמש,2610,43,4,0,650,432,3,429,7,58,1,0,0,0,5,0,0,0,0,0,0,0,0,50,175,0,0,0,2,0,26,0,0,1,0,0,0,104,
2,875,בית שמש,2610,46,9,0,447,324,0,324,4,10,0,0,0,0,100,0,0,0,0,0,0,0,0,16,140,0,0,0,2,0,28,0,0,0,0,0,0,24,
2,876,בית שמש,2610,47,48,0,564,478,1,477,1,255,0,0,0,0,17,0,0,0,0,0,0,0,0,0,40,0,0,0,2,0,2,0,0,0,0,0,1,159,
2,877,בית שמש,2610,48,11,0,530,359,3,356,0,236,0,0,0,0,1,0,0,0,0,0,0,0,0,0,6,0,0,0,0,0,0,0,0,0,0,0,0,113,
2,878,בית שמש,2610,49,46,0,636,517,3,514,0,322,0,0,0,0,5,0,0,0,0,0,0,0,0,0,24,0,0,0,5,0,0,0,0,0,0,0,0,158,
2,879,בית שמש,2610,50,42,0,776,595,8,587,0,342,0,0,0,0,6,0,0,0,0,0,0,0,0,0,29,0,0,0,3,0,0,0,0,0,0,0,0,207,
2,880,בית שמש,2610,51,36,0,490,392,0,392,0,319,0,1,0,0,9,0,0,0,0,0,0,0,0,0,15,1,0,0,7,0,1,0,0,0,0,0,0,39,
2,881,בית שמש,2610,52,49,0,730,548,3,545,1,247,0,0,0,0,94,0,0,0,0,0,0,0,0,0,95,2,0,0,5,0,9,0,0,0,0,0,0,92,
2,882,בית שמש,2610,53,37,0,641,483,3,480,2,252,0,1,0,0,30,0,0,0,0,0,0,3,0,0,58,0,0,0,3,0,0,0,0,0,0,0,0,131,
2,883,בית שמש,2610,54,38,0,759,567,2,565,1,133,0,1,0,0,191,0,0,0,0,0,0,0,0,1,115,0,0,0,9,0,12,0,0,0,0,0,0,102,
2,884,בית שמש,2610,56.1,28,0,686,295,7,288,1,251,0,0,0,0,0,0,0,0,0,0,0,0,0,0,3,0,0,0,0,0,0,0,0,0,0,0,1,32,
2,885,בית שמש,2610,56.2,28,0,686,343,0,343,0,322,0,0,0,0,5,0,0,0,0,0,0,0,0,0,7,0,0,0,0,0,0,0,0,0,0,0,0,9,
2,886,בית שמש,2610,56.3,28,0,686,347,2,345,0,320,0,0,0,0,0,0,0,0,0,0,0,0,0,0,4,0,0,0,0,0,0,0,0,0,0,0,0,21,
2,887,בית שמש,2610,56.4,28,0,684,341,4,337,0,320,0,0,0,0,0,0,0,0,0,0,0,0,0,0,1,0,0,0,0,0,0,0,0,0,0,0,0,16,
2,888,בית שמש,2610,57,35,0,625,461,2,459,2,182,0,2,0,0,113,0,0,0,0,0,0,0,0,3,106,0,0,0,4,0,5,1,0,0,0,1,0,40,
2,889,בית שמש,2610,58,32,0,756,485,5,480,0,179,0,0,0,0,6,0,0,0,0,0,0,0,0,2,21,0,0,0,8,0,0,0,0,0,0,0,0,264,
2,890,בית שמש,2610,59,38,0,603,417,1,416,3,88,0,0,0,0,110,0,0,0,0,0,0,0,0,7,92,0,0,0,10,0,10,0,0,0,0,0,0,96,
2,891,בית שמש,2610,60,26,0,717,197,1,196,0,158,0,0,0,0,1,0,0,0,0,0,0,0,0,0,3,0,0,0,2,0,0,0,0,0,0,0,0,32,
2,892,בית שמש,2610,61,32,0,573,332,0,332,0,111,0,0,0,0,10,0,0,0,0,0,0,0,0,1,23,0,0,0,9,0,2,0,0,0,0,0,0,176,
2,893,בית שמש,2610,62,26,0,630,176,2,174,0,120,0,0,0,0,0,0,0,0,0,0,0,0,0,0,3,0,0,0,0,0,0,0,0,0,0,0,0,51,
2,894,בית שמש,2610,63,34,0,590,440,0,440,0,287,0,0,0,0,0,0,0,0,0,0,0,0,0,1,21,0,0,0,1,0,2,0,0,0,0,0,0,128,
2,895,בית שמש,2610,64,42,0,741,625,2,623,1,277,0,0,0,0,54,0,0,0,0,0,0,0,0,1,93,0,0,0,4,0,10,0,0,0,0,0,0,183,
2,896,בית שמש,2610,65,35,0,572,438,1,437,0,262,0,0,0,0,46,0,0,0,0,0,0,0,0,0,68,0,0,0,4,0,3,0,0,0,0,0,0,54,
2,897,בית שמש,2610,66,37,0,738,563,2,561,2,241,0,1,0,0,49,0,0,0,0,0,0,0,0,5,82,0,0,0,8,0,10,0,0,0,0,0,0,163,
2,898,בית שמש,2610,69,38,0,646,493,2,491,1,90,1,0,0,0,188,0,0,0,0,0,0,0,0,2,132,0,0,0,11,0,10,0,0,0,0,1,0,55,
2,899,בית שמש,2610,70,34,1,555,318,4,314,0,289,0,1,0,0,1,0,0,0,0,0,0,0,0,0,4,0,0,0,0,0,0,0,0,0,0,0,0,19,
2,900,בית שמש,2610,71,30,0,782,294,3,291,0,241,0,0,0,0,1,0,0,0,0,0,0,0,0,0,3,0,0,0,1,0,0,0,0,0,0,0,0,45,
2,901,בית שמש,2610,72,21,0,652,523,2,521,3,312,0,0,0,0,6,0,0,0,0,0,0,0,0,0,20,0,0,0,4,0,1,0,0,0,0,0,1,174,
2,902,בית שמש,2610,73,20,0,548,410,6,404,0,275,0,0,0,0,21,0,0,0,0,0,0,0,0,3,37,0,0,0,8,0,3,0,0,0,0,0,0,57,
2,903,בית שמש,2610,74,32,0,633,350,4,346,0,96,0,0,0,0,19,0,0,0,0,0,0,0,0,0,26,0,0,0,7,0,0,0,0,0,0,0,0,198,
2,904,בית שמש,2610,75,15,0,780,549,0,549,8,54,0,0,0,0,21,0,0,0,0,0,0,0,0,46,283,0,0,0,6,0,50,1,0,0,0,0,0,80,
2,905,בית שמש,2610,76,44,0,689,484,1,483,3,52,0,1,0,0,173,0,0,0,0,0,0,0,0,14,171,0,0,0,1,0,41,0,0,0,0,0,0,27,
2,906,בית שמש,2610,77,30,0,748,188,1,187,0,173,0,0,0,0,0,0,0,0,0,0,0,0,0,0,3,0,0,0,0,0,1,0,0,0,0,0,0,10,
2,907,בית שמש,2610,78,44,0,601,461,6,455,3,93,0,0,0,0,106,0,0,0,0,0,0,0,0,3,173,1,0,0,4,0,19,0,0,0,0,0,0,53,
2,908,בית שמש,2610,79,30,0,652,477,5,472,0,298,0,0,0,0,1,0,0,0,0,0,0,0,0,0,6,0,0,0,1,0,2,0,0,0,0,0,0,164,
2,909,בית שמש,2610,80,43,0,618,492,0,492,0,195,0,1,0,0,46,0,0,0,0,0,0,0,0,0,57,0,0,0,2,0,3,0,0,0,0,0,0,188,
2,910,בית שמש,2610,81,42,0,680,473,3,470,2,226,0,0,0,0,61,0,0,0,0,0,0,0,0,0,57,0,0,0,4,0,5,0,0,0,0,0,0,115,
2,911,בית שמש,2610,82,30,0,785,311,1,310,0,245,0,0,0,0,0,0,0,0,0,0,0,0,0,0,5,0,0,0,0,0,0,0,0,0,0,0,0,60,
2,912,בית שמש,2610,83,22,0,598,364,2,362,0,227,0,0,0,0,0,0,0,0,0,0,0,0,0,0,5,0,0,0,3,0,0,0,0,0,0,0,0,127,
2,913,בית שמש,2610,84,44,0,674,473,6,467,0,452,0,0,0,0,0,0,0,0,0,0,0,0,0,0,1,0,0,0,0,0,0,0,0,0,0,0,0,14,
2,914,בית שמש,2610,85,30,0,722,448,1,447,0,326,0,0,0,0,0,0,0,0,0,0,0,0,0,0,5,0,0,0,0,0,0,0,0,0,0,0,0,116,
2,915,בית שמש,2610,86,26,0,784,170,1,169,0,157,0,0,0,0,0,0,0,0,0,0,0,0,0,0,2,0,0,0,0,0,0,0,0,0,0,0,0,10,
2,916,בית שמש,2610,87,46,0,746,615,5,610,0,282,0,0,0,0,18,0,0,0,0,0,0,0,0,0,69,0,0,0,9,0,3,0,0,0,0,0,0,229,
2,917,בית שמש,2610,88,47,0,635,509,6,503,0,284,0,0,0,0,4,0,0,0,0,0,0,0,0,0,41,0,0,0,2,0,0,0,0,0,0,0,0,172,
2,918,בית שמש,2610,89,46,0,617,496,3,493,0,287,0,0,0,0,11,0,0,0,0,0,0,0,0,0,24,0,0,0,4,0,0,0,0,0,0,0,0,167,
2,919,בית שמש,2610,90,46,0,670,563,0,563,1,266,0,0,0,0,9,0,0,0,0,0,0,0,0,0,51,0,0,0,5,0,1,0,0,0,0,0,0,230,
2,920,בית שמש,2610,91,6,0,682,417,4,413,12,11,1,1,0,0,9,0,0,0,0,0,0,1,0,18,230,0,0,0,1,0,53,0,0,0,0,0,0,76,
2,921,בית שמש,2610,92,35,0,554,395,2,393,0,173,1,0,0,0,82,0,0,0,0,0,0,0,0,0,103,0,0,0,3,0,10,0,0,0,0,0,0,21,
2,922,בית שמש,2610,93,49,0,619,441,5,436,0,124,1,0,0,0,178,0,0,0,0,0,0,0,0,1,98,0,0,0,6,0,8,0,0,0,1,0,0,19,
2,923,בית שמש,2610,94,20,0,698,495,3,492,0,364,0,0,0,0,13,0,0,0,0,0,0,0,0,0,23,0,0,0,3,0,3,0,0,0,0,0,0,86,
2,924,בית שמש,2610,95,47,0,569,476,8,468,0,270,0,0,0,0,7,0,0,0,0,0,0,0,0,0,29,0,0,0,6,0,2,0,0,0,0,0,0,154,
2,925,בית שמש,2610,96,34,0,557,409,1,408,0,145,0,0,0,0,3,0,0,0,0,0,0,0,0,0,49,0,0,0,5,0,3,0,0,0,0,0,0,203,
2,926,בית שמש,2610,99,43,0,587,449,1,448,1,71,0,0,0,0,200,0,0,0,0,0,0,0,0,2,82,0,0,0,7,0,12,0,0,0,0,0,0,73,
2,927,בית שמש,2610,100,44,0,507,349,1,348,0,334,0,0,0,0,0,0,0,0,0,0,0,0,0,0,1,0,0,0,0,0,0,0,0,0,0,0,0,13,
2,928,בית שמש,2610,101,35,0,423,360,0,360,1,90,0,0,0,0,91,0,0,0,0,0,0,0,0,0,109,0,0,0,4,0,4,0,0,0,0,0,0,61,
2,929,בית שמש,2610,102,32,0,622,276,0,276,1,147,0,0,0,0,8,0,0,0,0,0,0,0,0,0,17,1,0,0,1,0,1,0,0,0,0,0,0,100,
2,930,בית שמש,2610,950,7,0,640,451,5,446,13,8,1,0,0,0,14,0,0,0,0,0,0,0,1,54,248,0,0,0,3,0,58,0,0,0,0,0,0,46,
17,9136,בית שקמה,747,1,1,0,570,440,0,440,13,4,0,0,0,0,9,0,0,0,0,0,0,0,0,8,279,0,0,0,5,0,35,0,0,0,0,0,0,87,
2,980,ביתר עילית,3780,3,19,0,586,468,0,468,1,288,0,0,0,0,2,0,0,0,0,0,0,0,0,0,18,0,0,0,3,0,2,0,0,0,0,0,0,154,
2,981,ביתר עילית,3780,4,19,1,565,449,0,449,0,118,0,0,0,0,3,0,0,0,0,0,0,0,0,0,35,0,0,0,12,0,0,0,0,0,0,0,0,281,
2,982,ביתר עילית,3780,5,24,0,728,577,2,575,0,349,1,0,0,0,11,0,0,0,0,0,0,0,0,0,32,0,0,0,4,0,0,0,0,0,0,0,0,178,
2,983,ביתר עילית,3780,6,14,0,765,606,3,603,0,350,1,0,0,0,10,0,0,0,0,0,0,0,0,0,42,0,0,0,10,0,0,0,0,0,0,0,2,188,
2,984,ביתר עילית,3780,7,19,0,554,431,2,429,1,238,0,0,0,0,10,0,0,0,0,0,0,0,0,1,30,0,0,0,1,0,0,0,0,0,0,0,0,148,
2,985,ביתר עילית,3780,8,5,0,716,559,1,558,0,304,0,0,0,0,10,0,0,0,0,0,0,0,0,0,24,0,0,0,9,0,1,0,0,0,0,0,0,210,
2,986,ביתר עילית,3780,9,24,0,586,476,1,475,0,373,0,0,0,0,1,0,0,0,0,0,0,0,0,0,18,0,0,0,1,0,0,0,0,0,0,0,0,82,
2,987,ביתר עילית,3780,10,14,0,602,465,0,465,2,306,0,0,0,0,1,0,0,0,0,0,0,0,0,0,13,0,0,0,0,0,0,0,0,0,0,0,0,143,
2,988,ביתר עילית,3780,12,5,0,736,603,4,599,2,405,0,0,0,0,4,0,0,0,0,0,0,0,0,1,33,0,7,0,0,0,0,0,0,0,0,0,1,146,
2,989,ביתר עילית,3780,16,4,0,526,447,1,446,0,328,0,0,0,0,1,0,0,0,0,0,0,0,0,0,8,0,0,0,1,0,1,0,0,0,0,0,0,107,
2,990,ביתר עילית,3780,17,4,0,575,494,9,485,0,312,0,0,0,0,1,0,0,0,0,0,0,0,0,0,14,0,0,0,1,0,1,0,0,0,0,0,0,156,
2,991,ביתר עילית,3780,18,15,0,702,579,3,576,1,446,0,0,0,0,1,0,0,0,0,0,0,0,0,0,18,0,0,0,0,0,1,0,0,0,0,0,0,109,
2,992,ביתר עילית,3780,20,20,0,716,601,3,598,0,463,0,0,0,0,6,0,0,0,0,0,0,0,0,0,22,0,0,0,3,0,0,0,0,0,0,0,0,104,
2,993,ביתר עילית,3780,21,15,0,539,457,6,451,0,384,0,0,0,0,2,0,0,0,0,0,0,0,0,0,8,0,0,0,0,0,0,0,0,0,0,0,0,57,
2,994,ביתר עילית,3780,23,15,0,785,629,6,623,0,473,0,0,0,0,6,0,0,0,0,0,0,0,0,0,22,0,0,0,4,0,0,0,0,0,0,0,0,118,
2,995,ביתר עילית,3780,24,25,0,783,638,3,635,0,448,0,0,0,0,6,0,0,0,0,0,0,0,0,1,19,0,0,0,4,0,0,0,0,0,0,0,0,157,
2,996,ביתר עילית,3780,26,24,0,570,467,4,463,0,204,0,0,0,0,3,0,0,0,0,0,0,0,0,0,26,0,0,0,4,0,0,0,0,0,0,0,0,226,
2,997,ביתר עילית,3780,27,5,0,539,436,7,429,0,242,0,0,0,0,1,0,0,0,0,0,0,0,0,0,19,0,0,0,4,0,0,0,0,0,0,0,0,163,
2,998,ביתר עילית,3780,28,19,0,760,588,4,584,0,291,0,0,0,0,6,0,0,0,0,0,0,0,0,0,30,0,0,0,6,0,5,0,0,0,0,0,0,246,
2,999,ביתר עילית,3780,29.1,16,0,615,538,1,537,0,430,0,0,0,0,1,0,0,0,0,0,0,0,0,0,19,0,0,0,5,0,0,0,0,0,0,0,0,82,
2,1000,ביתר עילית,3780,29.2,16,0,615,498,2,496,0,321,0,0,0,0,2,0,0,0,0,0,0,0,0,0,15,0,0,0,15,0,1,0,0,0,0,0,0,142,
2,1001,ביתר עילית,3780,29.3,16,0,614,507,1,506,2,436,0,0,0,0,4,0,1,0,0,0,0,0,0,0,16,0,0,0,0,0,0,0,0,0,0,0,0,47,
2,1002,ביתר עילית,3780,30,15,0,558,487,5,482,1,364,0,0,0,0,2,0,0,0,0,0,0,0,0,0,8,0,0,0,1,0,2,0,0,0,0,0,0,104,
2,1003,ביתר עילית,3780,31,20,0,729,608,5,603,0,483,0,0,0,0,5,0,0,0,0,0,0,0,0,0,23,0,0,0,3,0,0,0,0,0,0,0,0,89,
2,1004,ביתר עילית,3780,32.1,22,0,639,550,6,544,1,378,0,0,0,0,2,0,0,0,0,0,0,0,0,0,17,0,0,0,3,0,0,0,0,0,0,0,0,143,
2,1005,ביתר עילית,3780,32.2,22,0,639,546,2,544,0,376,0,0,0,0,3,0,0,0,0,0,0,0,0,0,22,0,0,0,2,0,0,0,0,0,0,0,0,141,
2,1006,ביתר עילית,3780,32.3,22,0,639,543,6,537,1,371,0,0,0,0,2,0,0,0,0,0,0,0,0,0,11,0,0,0,8,0,1,0,0,0,0,0,0,143,
2,1007,ביתר עילית,3780,32.4,22,0,637,520,7,513,0,403,0,0,0,0,2,0,0,0,0,0,0,0,0,0,17,0,0,0,1,0,1,0,0,0,0,0,0,89,
2,1008,ביתר עילית,3780,33.1,1,0,628,515,0,515,0,165,1,0,0,0,5,0,0,0,0,0,0,0,1,0,37,0,0,0,8,0,1,0,0,0,0,0,0,297,
2,1009,ביתר עילית,3780,33.2,1,0,628,527,5,522,0,366,0,1,0,0,3,0,0,0,0,0,0,0,0,2,19,0,0,0,1,0,0,0,0,0,0,0,0,130,
2,1010,ביתר עילית,3780,33.3,1,0,628,504,3,501,1,149,0,0,0,0,6,0,0,0,0,0,0,0,0,0,24,0,0,0,6,0,2,0,0,0,0,0,0,313,
2,1011,ביתר עילית,3780,33.4,1,0,628,506,2,504,0,159,0,0,0,0,5,0,0,0,0,0,0,0,0,0,43,0,0,0,11,0,0,0,0,0,0,0,0,286,
2,1012,ביתר עילית,3780,33.5,1,0,628,501,6,495,0,254,0,0,0,0,6,0,0,0,0,0,0,0,0,0,33,0,0,0,4,0,0,0,0,0,0,0,0,198,
2,1013,ביתר עילית,3780,33.6,1,0,623,486,5,481,0,253,0,0,0,0,1,0,0,0,0,0,0,0,0,2,23,0,0,0,7,0,0,0,1,0,0,0,0,194,
2,1014,ביתר עילית,3780,35,15,0,739,634,2,632,0,445,0,0,0,0,3,0,0,0,0,0,0,0,0,1,18,1,0,0,1,0,0,0,0,0,0,0,3,160,
2,1015,ביתר עילית,3780,36,20,0,678,585,0,585,1,335,0,0,0,0,13,0,0,0,0,1,0,0,0,0,41,0,0,0,4,0,0,0,0,0,0,0,0,190,
2,1016,ביתר עילית,3780,37,19,0,513,397,2,395,0,244,0,0,0,0,1,0,0,0,0,0,0,0,0,0,22,0,0,0,0,0,0,0,0,0,0,0,0,128,
2,1017,ביתר עילית,3780,38,24,0,578,472,2,470,0,266,0,0,0,0,4,0,0,0,0,0,0,0,0,0,21,0,0,0,3,0,0,0,0,0,0,0,0,176,
2,1018,ביתר עילית,3780,39,25,0,697,594,6,588,0,473,0,0,0,0,2,0,0,0,0,0,0,0,0,0,13,0,0,0,2,0,1,0,0,0,0,0,0,97,
2,1019,ביתר עילית,3780,40,5,0,512,411,1,410,1,262,0,0,0,0,3,0,0,0,0,0,0,0,0,0,11,0,0,0,0,0,2,0,0,0,0,0,0,131,
2,1020,ביתר עילית,3780,41,4,0,516,440,0,440,0,333,0,0,0,0,4,0,0,0,0,0,0,0,0,0,11,0,0,0,0,0,0,0,0,0,0,0,0,92,
5,1927,בלפוריה,94,1,1,0,400,331,2,329,35,5,1,1,0,0,10,0,0,0,0,0,0,0,1,10,88,0,0,0,1,0,172,0,0,0,0,0,0,5,
15,7264,בני ברק,6100,1.1,13,0,509,308,1,307,23,34,0,0,0,0,9,0,0,0,0,0,0,0,0,13,93,0,0,0,5,0,46,0,0,0,0,0,0,84,
15,7265,בני ברק,6100,1.2,13,0,509,346,2,344,13,37,0,0,0,0,8,0,0,0,0,0,0,0,0,16,87,0,0,0,0,0,55,0,0,0,0,0,0,128,
15,7266,בני ברק,6100,1.3,13,0,509,298,0,298,16,32,1,0,0,0,10,0,0,0,0,0,0,0,0,24,75,0,0,0,3,0,49,0,0,0,0,0,0,88,
15,7267,בני ברק,6100,2,6,0,507,384,1,383,2,113,0,0,0,0,2,0,0,0,0,0,0,0,0,5,76,0,0,0,2,0,24,0,0,0,0,0,1,158,
15,7268,בני ברק,6100,3,8,0,731,558,1,557,6,237,0,0,0,0,15,0,0,0,0,0,0,0,0,8,66,0,0,0,7,0,7,2,0,0,0,0,0,209,
15,7269,בני ברק,6100,4,77,0,693,559,3,556,0,171,0,0,0,0,5,0,0,0,0,0,0,0,0,0,36,0,0,0,3,0,3,0,0,0,0,0,0,338,
15,7270,בני ברק,6100,5,8,0,721,614,10,604,1,291,0,1,0,0,8,0,0,0,0,0,0,0,0,3,51,0,0,0,2,0,4,0,0,0,0,0,0,243,
15,7271,בני ברק,6100,6,2,0,581,441,1,440,0,199,0,0,0,0,11,0,0,0,0,0,0,0,0,1,36,0,0,0,1,0,11,0,0,0,0,0,0,181,
15,7272,בני ברק,6100,7,2,0,520,370,6,364,4,110,0,0,0,0,3,0,0,0,0,0,0,0,0,4,64,0,0,0,4,0,13,0,0,0,2,0,1,159,
15,7273,בני ברק,6100,8,6,1,678,473,1,472,2,160,0,1,0,0,5,0,0,0,0,0,0,0,0,8,90,0,0,0,1,0,22,0,0,0,0,0,0,183,
15,7274,בני ברק,6100,9,6,0,561,389,7,382,1,133,0,0,0,0,3,0,0,0,0,0,0,0,0,6,55,0,0,0,1,0,14,0,0,0,0,0,0,169,
15,7275,בני ברק,6100,10,2,0,528,386,1,385,2,94,0,0,0,0,0,0,0,0,0,0,0,0,0,11,63,0,0,0,4,0,9,0,0,0,0,0,0,202,
15,7276,בני ברק,6100,11,8,0,636,555,5,550,0,250,0,0,0,0,26,0,0,0,0,0,0,0,0,0,43,0,0,0,3,0,5,0,0,0,0,0,0,223,
15,7277,בני ברק,6100,12,1,0,699,596,2,594,0,100,0,0,0,0,10,0,0,0,0,0,0,1,0,2,51,0,0,0,5,0,13,0,0,0,0,0,0,412,
15,7278,בני ברק,6100,13,1,0,512,431,4,427,0,187,0,0,0,0,8,0,0,0,0,0,0,0,0,2,35,0,0,0,4,0,5,0,0,0,0,0,0,186,
15,7279,בני ברק,6100,14,1,0,650,533,4,529,6,222,0,0,0,0,9,0,0,0,0,0,0,0,0,1,29,0,0,0,2,0,5,0,0,0,0,0,0,255,
15,7280,בני ברק,6100,15,77,0,693,606,7,599,1,329,0,0,0,0,12,0,0,0,0,0,0,0,0,1,11,0,0,0,1,0,3,0,2,0,0,1,0,238,
15,7281,בני ברק,6100,16,73,0,596,419,4,415,2,138,0,1,0,0,4,0,0,0,0,0,0,0,0,3,30,0,0,0,2,0,5,0,0,0,0,0,0,230,
15,7282,בני ברק,6100,17,77,0,569,463,4,459,3,142,1,0,0,0,12,0,0,0,0,0,0,0,0,5,53,0,0,0,6,0,12,0,0,0,0,0,0,225,
15,7283,בני ברק,6100,18,82,0,626,379,5,374,3,70,3,0,0,0,5,0,0,0,0,0,0,1,0,9,116,1,0,0,4,0,20,0,0,0,0,0,0,142,
15,7284,בני ברק,6100,19,6,0,479,319,3,316,5,62,0,0,0,0,5,0,0,0,0,0,0,0,0,14,89,0,0,0,0,0,15,0,0,0,0,0,0,126,
15,7285,בני ברק,6100,20,10,1,422,264,0,264,6,44,0,0,0,0,7,0,0,0,0,0,0,0,0,29,77,0,0,0,2,0,22,0,0,0,0,0,0,77,
15,7286,בני ברק,6100,21,10,0,507,310,2,308,5,76,0,1,0,0,1,0,0,0,0,0,0,0,0,19,83,0,0,0,4,0,18,0,0,0,0,0,0,101,
15,7287,בני ברק,6100,23,6,0,617,453,3,450,6,120,1,2,0,0,3,0,0,0,0,0,0,0,0,15,95,0,0,0,2,0,29,1,0,0,0,0,0,176,
15,7288,בני ברק,6100,24,6,0,714,437,4,433,9,143,0,0,0,0,3,0,0,0,0,0,0,0,0,14,83,0,1,0,3,0,16,1,0,0,0,0,0,160,
15,7289,בני ברק,6100,25,83,0,647,405,5,400,2,106,0,0,0,0,4,0,0,0,0,0,0,0,0,35,97,0,0,0,6,0,29,0,0,0,0,0,0,121,
15,7290,בני ברק,6100,27,83,0,680,435,5,430,10,69,0,0,0,0,14,0,0,0,0,0,0,1,0,22,129,1,1,0,4,0,30,0,0,0,0,0,0,149,
15,7291,בני ברק,6100,28,81,0,583,400,4,396,7,132,0,0,0,0,4,0,0,0,0,0,0,0,0,23,85,0,0,0,4,0,19,0,0,0,0,0,0,122,
15,7292,בני ברק,6100,29,6,0,669,476,3,473,11,124,1,0,0,0,1,0,0,0,0,0,0,0,0,7,85,0,0,0,4,0,17,0,0,0,0,0,0,223,
15,7293,בני ברק,6100,30,6,0,636,467,4,463,3,126,0,0,0,0,6,0,0,0,0,0,0,0,0,11,76,0,0,0,2,0,19,0,0,0,0,0,0,220,
15,7294,בני ברק,6100,31,61,0,654,537,1,536,3,249,0,0,0,0,22,0,0,0,0,0,0,0,0,1,53,0,0,0,3,0,11,0,0,0,1,0,0,193,
15,7295,בני ברק,6100,32,61,0,648,450,2,448,4,113,0,3,0,0,31,0,0,0,0,0,0,0,0,2,112,0,0,0,3,0,48,0,0,0,0,0,0,132,
15,7296,בני ברק,6100,33,61,0,633,491,3,488,1,224,0,0,0,0,8,0,0,0,0,0,0,0,0,1,32,0,0,0,2,0,8,0,0,0,0,0,0,212,
15,7297,בני ברק,6100,34,22,0,689,523,5,518,9,202,0,0,0,0,61,0,0,0,0,0,0,0,0,5,64,0,0,0,7,0,32,0,0,0,0,0,0,138,
15,7298,בני ברק,6100,35,22,0,656,517,10,507,4,280,0,0,0,0,12,0,0,0,0,0,0,0,0,0,23,0,0,0,0,0,1,0,0,0,0,0,0,187,
15,7299,בני ברק,6100,36,23,0,648,500,4,496,1,294,0,0,0,0,7,0,1,0,0,0,0,0,0,0,25,0,0,1,0,0,3,0,0,0,0,0,1,163,
15,7300,בני ברק,6100,37,22,0,532,365,0,365,8,142,2,0,0,0,45,0,0,0,0,0,0,0,0,5,59,0,0,0,1,0,38,0,0,0,0,0,0,65,
15,7301,בני ברק,6100,38,88,0,562,433,1,432,0,259,0,0,0,0,19,0,0,0,0,0,0,0,0,1,44,0,0,0,1,0,3,0,0,0,0,0,0,105,
15,7302,בני ברק,6100,39,69,0,501,381,3,378,3,217,0,0,0,0,26,0,0,0,0,0,0,0,0,4,27,0,0,0,4,0,10,0,0,0,0,0,0,87,
15,7303,בני ברק,6100,40,23,0,741,540,7,533,1,362,0,0,0,0,6,0,0,0,0,0,0,0,0,0,18,0,0,0,0,0,0,0,0,0,0,0,0,146,
15,7304,בני ברק,6100,41,80,0,748,557,3,554,8,252,2,0,0,0,40,0,0,0,0,0,0,0,0,7,86,1,0,0,5,0,29,0,0,0,0,0,0,124,
15,7305,בני ברק,6100,42,40,0,767,544,7,537,4,263,1,0,0,0,30,0,0,0,0,1,0,0,0,9,49,0,0,0,3,0,17,0,0,0,0,0,0,160,
15,7306,בני ברק,6100,43,22,0,669,506,2,504,1,302,0,0,0,0,21,0,0,0,0,0,0,0,0,0,33,0,0,0,5,0,4,0,0,0,0,0,0,138,
15,7307,בני ברק,6100,44,22,0,512,377,2,375,8,168,0,0,0,0,20,0,0,0,0,0,0,0,0,8,50,0,0,0,2,0,13,0,0,0,0,0,0,106,
15,7308,בני ברק,6100,45,4,0,599,496,7,489,0,363,0,0,0,0,2,0,0,0,0,0,0,0,0,0,6,2,0,1,3,0,1,0,0,0,0,0,0,111,
15,7309,בני ברק,6100,46,23,0,673,519,4,515,1,321,0,0,0,0,1,0,0,0,0,0,0,0,0,0,8,0,0,0,1,0,2,0,0,0,0,0,0,181,
15,7310,בני ברק,6100,47,5,0,561,420,8,412,0,289,0,0,0,0,5,0,0,0,0,0,0,0,0,0,10,0,0,0,2,0,1,0,0,0,0,0,0,105,
15,7311,בני ברק,6100,48,23,0,705,514,9,505,0,256,0,2,0,0,10,0,0,0,0,0,0,0,0,1,23,0,0,0,3,0,12,0,0,0,1,0,0,197,
15,7312,בני ברק,6100,49,23,0,573,452,1,451,0,308,0,0,0,0,4,0,0,0,0,0,0,0,0,0,7,0,0,0,1,0,3,0,0,0,0,0,0,128,
15,7313,בני ברק,6100,50,3,0,646,510,10,500,0,291,0,0,0,0,4,0,0,0,0,0,0,0,0,0,31,0,0,0,3,0,6,0,0,0,0,0,0,165,
15,7314,בני ברק,6100,51,3,0,733,572,12,560,2,348,0,0,0,0,1,0,0,0,0,0,0,0,1,0,37,0,0,0,2,0,2,0,0,1,0,0,0,166,
15,7315,בני ברק,6100,52,1,0,531,414,2,412,1,159,0,0,0,0,19,0,0,0,0,0,0,0,0,6,38,0,0,0,3,0,13,0,0,0,0,0,0,173,
15,7316,בני ברק,6100,53,5,0,569,476,9,467,1,352,1,0,0,0,1,0,0,0,0,0,0,0,0,0,14,0,0,0,0,0,0,0,0,0,0,0,0,98,
15,7317,בני ברק,6100,54,56,0,532,401,3,398,0,310,0,0,0,0,3,0,0,0,0,0,0,0,0,0,9,0,0,0,2,0,1,1,0,0,0,0,0,72,
15,7318,בני ברק,6100,55,5,0,766,570,11,559,0,352,0,0,0,0,3,1,0,0,0,0,0,0,0,2,31,0,0,0,5,0,4,0,0,0,0,0,0,161,
15,7319,בני ברק,6100,56,3,0,568,502,5,497,2,278,0,0,0,0,2,0,0,0,0,0,0,0,0,1,27,0,0,0,0,0,2,0,0,0,0,0,0,185,
15,7320,בני ברק,6100,57,56,0,639,498,15,483,0,365,0,0,0,0,6,0,0,0,0,0,0,0,0,0,7,0,0,0,1,0,0,0,0,0,0,0,0,104,
15,7321,בני ברק,6100,58,90,0,559,469,5,464,0,419,0,0,0,0,2,1,0,0,0,0,0,0,0,0,4,0,0,0,3,0,1,0,0,0,0,0,0,34,
15,7322,בני ברק,6100,59,16,0,587,475,5,470,0,336,0,0,0,0,4,0,0,0,0,0,0,0,0,0,6,0,0,0,1,0,2,0,0,0,0,0,0,121,
15,7323,בני ברק,6100,62,65,0,726,588,11,577,1,487,0,0,0,0,9,0,0,0,0,0,0,0,0,0,12,0,0,0,2,0,0,0,0,0,0,0,0,66,
15,7324,בני ברק,6100,63,75,0,554,441,15,426,1,357,0,0,0,0,2,0,0,0,0,0,0,0,0,0,3,0,0,0,1,0,0,0,0,0,0,0,0,62,
15,7325,בני ברק,6100,64,65,0,653,506,4,502,2,306,0,0,0,0,1,0,0,0,0,0,0,0,0,3,31,0,0,0,1,0,4,0,0,0,0,0,0,154,
15,7326,בני ברק,6100,65,29,0,623,464,3,461,4,235,0,0,0,0,4,0,0,0,0,0,0,0,0,0,33,0,0,0,2,0,6,0,0,0,0,0,0,177,
15,7327,בני ברק,6100,66,65,0,770,614,5,609,1,393,0,0,0,0,10,0,0,0,0,0,0,0,0,0,25,0,0,0,0,0,14,0,0,0,0,0,0,166,
15,7328,בני ברק,6100,67,65,0,757,601,9,592,2,335,0,0,0,0,4,0,0,0,0,0,0,0,0,1,32,0,0,0,0,0,6,0,0,0,0,0,0,212,
15,7329,בני ברק,6100,68,75,0,695,550,15,535,1,439,0,0,0,0,0,0,0,0,0,0,0,0,0,0,16,0,0,0,1,0,0,0,0,0,0,0,0,78,
15,7330,בני ברק,6100,69,45,0,534,450,5,445,1,295,0,0,0,0,3,0,0,0,0,0,0,0,0,0,14,0,0,0,0,0,1,0,0,0,0,0,0,131,
15,7331,בני ברק,6100,70,16,0,635,490,10,480,1,307,0,0,0,0,0,0,0,0,0,0,0,0,0,1,8,0,0,0,2,0,1,0,0,0,0,0,0,160,
15,7332,בני ברק,6100,71,16,0,641,524,2,522,0,360,0,0,0,0,0,0,0,0,0,0,0,0,0,1,17,0,0,0,2,0,1,0,0,0,0,0,0,141,
15,7333,בני ברק,6100,72,65,0,587,479,2,477,0,257,0,0,0,0,5,0,0,0,0,0,0,0,0,0,32,0,0,0,4,0,1,0,1,0,0,0,0,177,
15,7334,בני ברק,6100,73,29,0,596,494,3,491,0,313,0,0,0,0,2,0,0,0,0,0,0,0,0,1,24,0,0,0,4,0,1,0,0,0,0,0,0,146,
15,7335,בני ברק,6100,74,12,0,690,587,2,585,1,336,0,0,0,0,2,0,0,0,0,0,0,0,0,0,18,0,0,0,14,0,5,0,0,0,0,0,0,209,
15,7336,בני ברק,6100,75,48,0,669,526,15,511,0,399,0,0,0,0,2,0,0,0,0,0,0,0,0,1,9,0,0,0,2,0,0,0,0,0,0,0,0,98,
15,7337,בני ברק,6100,76,16,0,575,465,12,453,0,262,0,1,0,0,0,0,0,0,0,0,0,0,0,0,5,0,0,0,1,0,1,0,0,0,0,0,0,183,
15,7338,בני ברק,6100,77,12,0,724,594,1,593,1,333,0,0,0,0,11,0,0,0,0,0,0,0,0,0,35,0,0,0,1,0,4,0,2,0,0,0,0,206,
15,7339,בני ברק,6100,78,16,0,675,522,4,518,0,317,0,0,0,0,3,0,0,0,0,0,0,0,0,0,12,1,0,0,0,0,2,0,0,0,0,0,0,183,
15,7340,בני ברק,6100,80,16,0,685,549,3,546,1,382,0,0,0,0,0,0,0,0,0,0,0,0,0,0,7,0,0,0,1,0,0,0,0,0,0,0,0,155,
15,7341,בני ברק,6100,81,48,0,598,522,3,519,0,371,0,0,0,0,3,0,0,0,0,0,0,0,0,0,7,0,0,0,1,0,3,0,0,0,0,0,0,134,
15,7342,בני ברק,6100,82,62,0,620,497,2,495,0,385,0,0,0,0,8,0,0,0,0,0,0,0,0,0,6,0,0,0,0,0,0,0,0,0,0,0,0,96,
15,7343,בני ברק,6100,83,76,0,714,595,6,589,0,333,0,0,0,0,3,0,0,0,0,0,0,0,0,0,14,0,0,0,10,0,2,0,0,0,0,0,0,227,
15,7344,בני ברק,6100,84,62,1,618,496,4,492,0,390,0,0,0,0,1,0,0,0,0,0,0,0,0,0,16,0,0,0,1,0,0,0,0,0,0,0,0,84,
15,7345,בני ברק,6100,85,71,0,613,487,2,485,0,310,0,0,0,0,3,0,0,0,0,0,0,0,0,0,23,0,0,0,2,0,0,0,0,0,0,0,0,147,
15,7346,בני ברק,6100,86,71,0,714,615,3,612,2,165,0,0,0,0,4,0,0,0,0,0,0,0,0,0,36,0,0,0,4,0,3,0,0,0,0,0,0,398,
15,7347,בני ברק,6100,87,26,0,628,483,0,483,0,442,0,0,0,0,0,0,0,0,0,0,0,0,0,0,2,0,0,0,0,0,1,0,0,0,0,0,0,38,
15,7348,בני ברק,6100,88,26,0,617,436,5,431,0,398,0,0,0,0,1,0,0,0,0,0,0,0,0,0,0,0,0,0,1,0,2,0,0,0,0,0,0,29,
15,7349,בני ברק,6100,89,4,0,602,437,6,431,0,358,0,0,0,0,0,0,0,0,0,0,0,0,0,0,5,0,0,1,1,0,0,0,0,0,0,0,0,66,
15,7350,בני ברק,6100,90,21,0,740,597,5,592,0,484,0,0,0,0,6,0,0,0,0,0,0,0,0,0,10,0,0,0,1,0,1,0,0,0,0,0,0,90,
15,7351,בני ברק,6100,91,64,0,552,405,3,402,1,372,0,0,0,0,1,0,0,0,0,0,0,0,0,0,1,0,0,0,1,0,0,0,0,0,0,0,0,26,
15,7352,בני ברק,6100,93,62,0,715,570,13,557,0,482,0,0,0,0,0,0,1,0,0,0,0,0,0,0,3,0,0,0,3,0,0,0,0,0,0,0,0,68,
15,7353,בני ברק,6100,94,4,0,696,310,8,302,0,266,0,0,0,0,2,0,0,0,0,0,0,0,0,0,0,0,0,0,0,0,1,0,0,0,0,0,0,33,
15,7354,בני ברק,6100,96,4,1,748,222,8,214,0,190,0,0,0,0,0,0,0,0,0,0,0,0,0,0,5,0,0,0,0,0,0,0,0,0,0,0,0,19,
15,7355,בני ברק,6100,97,4,0,689,525,6,519,0,405,0,0,0,0,3,0,0,0,0,0,0,0,0,0,8,0,0,0,0,0,0,0,0,0,0,0,0,103,
15,7356,בני ברק,6100,98,87,0,685,548,6,542,1,440,0,0,0,0,3,0,0,0,0,0,0,0,0,0,5,0,0,0,3,0,1,0,0,0,0,0,0,89,
15,7357,בני ברק,6100,99,21,0,572,416,6,410,0,356,0,0,0,0,1,0,0,0,0,0,0,0,0,0,1,0,0,0,0,0,0,0,0,0,0,0,0,52,
15,7358,בני ברק,6100,100,21,0,688,522,8,514,0,448,0,0,0,0,2,0,0,0,0,0,0,0,0,0,4,0,0,0,1,0,3,0,0,0,0,0,0,56,
15,7359,בני ברק,6100,101,52,0,620,499,9,490,2,333,0,1,0,0,19,0,0,0,0,0,0,0,0,0,29,0,0,0,7,0,9,0,0,0,0,0,0,90,
15,7360,בני ברק,6100,102,18,0,739,584,16,568,1,472,0,0,0,0,3,0,0,0,0,0,0,0,0,0,3,0,1,0,1,0,0,0,0,0,0,0,0,87,
15,7361,בני ברק,6100,103,52,0,708,518,6,512,4,298,0,0,0,0,18,0,0,0,0,0,0,0,0,6,40,0,0,0,2,0,19,0,0,0,0,0,0,125,
15,7362,בני ברק,6100,104,52,0,772,647,2,645,1,374,1,0,0,0,42,0,0,0,0,0,0,0,0,2,64,0,0,0,3,0,17,1,0,0,0,0,1,139,
15,7363,בני ברק,6100,105,18,0,675,547,9,538,3,316,0,0,0,0,16,0,0,0,0,0,0,0,0,3,35,0,0,0,2,0,9,0,0,0,0,0,0,154,
15,7364,בני ברק,6100,106,18,0,591,468,5,463,0,388,1,0,0,0,5,0,0,0,0,0,0,0,0,0,5,0,0,0,5,0,1,0,0,0,0,0,0,58,
15,7365,בני ברק,6100,107,28,0,768,645,5,640,4,446,0,0,0,0,6,0,0,0,0,0,0,0,0,5,29,0,0,0,2,0,8,0,0,0,0,0,0,140,
15,7366,בני ברק,6100,108,28,0,742,616,5,611,6,308,0,0,0,0,14,0,0,0,0,0,0,0,0,4,73,0,0,0,3,0,18,0,0,0,0,0,0,185,
15,7367,בני ברק,6100,109,28,0,754,554,1,553,13,258,1,0,0,0,19,0,0,0,0,0,0,0,0,5,79,0,0,0,1,0,35,0,0,0,0,0,2,140,
15,7368,בני ברק,6100,110,21,0,740,554,8,546,1,438,0,0,0,0,2,0,0,0,0,0,0,0,0,0,6,0,2,0,0,0,0,0,0,0,0,0,0,97,
15,7369,בני ברק,6100,111,18,0,613,507,6,501,0,418,2,0,0,0,0,1,0,0,0,0,0,0,0,1,5,0,0,0,1,0,0,0,0,0,0,0,0,73,
15,7370,בני ברק,6100,112,18,0,746,490,15,475,1,421,0,0,0,0,0,0,0,0,0,0,0,0,0,0,2,0,0,0,0,0,2,0,0,0,0,0,0,49,
15,7371,בני ברק,6100,113,25,0,657,550,4,546,0,316,0,0,0,0,1,0,0,0,0,0,0,0,0,0,14,0,0,0,0,0,0,0,0,0,0,0,0,215,
15,7372,בני ברק,6100,114,25,0,624,536,9,527,0,204,0,0,0,0,5,0,0,0,0,0,0,0,0,0,30,0,0,0,4,0,0,0,0,0,0,0,0,284,
15,7373,בני ברק,6100,115,25,0,641,525,12,513,0,353,0,0,0,0,0,0,0,0,0,0,0,0,0,0,9,0,0,0,1,0,0,0,0,0,0,0,0,150,
15,7374,בני ברק,6100,116,25,0,550,451,4,447,0,225,0,0,0,0,9,0,0,0,0,0,0,0,0,0,10,0,0,0,1,0,1,0,0,0,0,0,0,201,
15,7375,בני ברק,6100,117,26,0,631,440,4,436,0,392,0,0,0,0,0,0,0,0,0,0,0,0,0,0,3,0,0,0,1,0,0,0,0,0,0,0,0,40,
15,7376,בני ברק,6100,118,26,0,681,543,5,538,1,447,0,0,0,0,1,0,0,0,0,0,0,0,0,0,5,0,0,0,2,0,1,0,0,0,0,0,0,81,
15,7377,בני ברק,6100,119,62,0,528,388,11,377,0,335,0,0,0,0,1,0,0,0,0,0,0,0,0,0,1,0,0,0,0,0,0,0,0,0,0,0,0,40,
15,7378,בני ברק,6100,120,64,1,753,458,15,443,0,384,0,0,0,0,0,0,0,0,0,0,0,0,0,1,6,0,0,0,0,0,0,0,0,0,0,0,0,52,
15,7379,בני ברק,6100,121,64,0,647,476,7,469,0,400,0,0,0,0,4,0,0,0,0,0,0,0,0,0,3,0,0,0,3,0,0,0,0,0,0,0,0,59,
15,7380,בני ברק,6100,122.1,78,0,556,390,8,382,1,271,0,0,0,0,0,0,0,0,0,0,0,1,0,8,11,0,0,0,4,0,6,0,0,0,0,1,0,79,
15,7381,בני ברק,6100,122.2,78,0,556,338,6,332,1,241,0,0,0,0,3,0,0,0,0,0,0,0,0,7,6,0,0,0,1,0,4,0,0,0,0,1,0,68,
15,7382,בני ברק,6100,122.3,78,0,556,405,0,405,0,325,0,0,0,0,3,0,0,0,0,0,0,0,0,0,7,0,0,0,0,0,1,0,0,0,0,0,0,69,
15,7383,בני ברק,6100,123,67,0,594,530,6,524,0,433,0,0,0,0,3,0,0,0,0,0,0,0,0,0,4,0,0,0,1,0,0,1,0,0,0,0,0,82,
15,7384,בני ברק,6100,124,70,0,751,584,6,578,1,459,0,0,0,0,3,0,0,0,0,0,0,0,0,0,18,0,0,0,1,0,0,0,0,0,0,0,1,95,
15,7385,בני ברק,6100,125,70,0,603,493,5,488,0,354,0,0,0,0,7,0,0,0,0,0,0,0,0,1,21,0,0,0,2,0,1,0,0,0,0,0,0,102,
15,7386,בני ברק,6100,126,48,0,678,558,11,547,0,455,0,0,0,0,2,0,0,0,0,0,0,0,0,0,5,0,0,0,1,0,1,0,0,0,0,0,0,83,
15,7387,בני ברק,6100,127,48,0,573,485,3,482,0,336,0,0,0,0,3,0,0,0,0,0,0,0,0,1,15,0,0,0,2,0,1,0,0,0,0,0,0,124,
15,7388,בני ברק,6100,128,18,0,648,483,6,477,0,380,1,0,0,0,3,0,0,0,0,0,0,0,0,0,8,0,0,0,1,0,0,0,1,0,0,0,0,83,
15,7389,בני ברק,6100,129,71,0,683,572,4,568,1,387,0,0,0,0,1,0,0,0,0,0,0,0,0,1,7,0,0,0,1,0,3,0,0,0,0,0,0,167,
15,7390,בני ברק,6100,130,52,0,706,571,2,569,3,355,1,0,0,0,30,0,0,1,0,0,0,0,0,4,41,0,0,1,1,0,11,0,0,0,0,0,0,121,
15,7391,בני ברק,6100,131,16,0,662,518,9,509,0,342,0,0,0,0,1,0,0,0,0,0,0,0,0,1,10,0,0,0,1,0,0,0,0,0,0,0,0,154,
15,7392,בני ברק,6100,132,74,0,632,527,7,520,0,316,0,0,0,0,6,0,0,0,0,0,0,0,0,0,15,0,0,0,0,0,1,0,0,0,0,0,0,182,
15,7393,בני ברק,6100,133,76,0,644,555,1,554,0,162,0,0,0,0,6,0,0,0,0,0,0,0,0,0,27,0,0,0,3,0,0,0,0,0,0,0,0,356,
15,7394,בני ברק,6100,134,90,0,512,365,11,354,0,292,0,0,0,0,8,0,0,0,0,0,0,0,0,0,7,0,0,0,2,0,2,0,0,0,0,0,0,43,
15,7395,בני ברק,6100,135,4,0,739,561,6,555,0,257,1,0,0,0,1,0,0,0,0,0,0,0,0,0,12,0,0,0,2,0,2,0,0,0,0,0,0,280,
15,7396,בני ברק,6100,136,4,0,687,554,6,548,0,438,0,0,0,0,3,0,0,0,0,0,0,0,0,0,6,0,0,0,1,0,1,0,0,0,0,0,0,99,
15,7397,בני ברק,6100,137,72,0,772,636,6,630,1,405,0,0,0,0,2,0,0,0,0,1,0,0,0,0,13,0,0,0,1,0,2,0,0,0,0,0,0,205,
15,7398,בני ברק,6100,138,65,0,648,518,3,515,0,409,0,0,0,0,5,0,0,0,0,0,0,0,0,0,10,0,0,0,3,0,1,0,0,0,0,0,0,87,
15,7399,בני ברק,6100,139,65,0,688,535,0,535,0,436,0,0,0,0,5,0,0,0,0,0,0,0,0,0,9,0,0,0,2,0,0,0,0,0,0,0,0,83,
15,7400,בני ברק,6100,140,1,0,602,522,1,521,6,119,0,0,0,0,3,0,0,0,0,0,0,0,0,2,56,0,0,0,2,0,6,0,0,0,0,0,0,327,
15,7401,בני ברק,6100,141,73,0,510,343,1,342,1,121,0,1,0,0,5,0,0,0,0,0,0,0,0,8,29,0,0,0,3,0,4,0,0,0,0,0,0,170,
15,7402,בני ברק,6100,142,12,0,608,515,3,512,1,260,0,0,0,0,6,0,0,0,0,0,0,0,0,1,42,0,0,0,5,0,8,0,0,0,0,0,0,189,
15,7403,בני ברק,6100,143,4,0,558,261,7,254,0,212,0,0,0,0,0,0,0,0,0,0,0,0,0,0,4,0,0,0,0,0,0,0,0,0,0,0,0,38,
15,7404,בני ברק,6100,144,26,0,723,555,7,548,0,436,0,0,0,0,1,0,0,0,0,0,0,0,0,0,4,0,0,0,2,0,0,0,0,0,0,0,0,105,
15,7405,בני ברק,6100,145,25,0,690,587,5,582,0,420,0,0,0,0,0,0,0,0,0,0,0,0,0,0,12,0,0,0,2,0,0,0,0,0,0,0,0,148,
15,7406,בני ברק,6100,146,80,0,753,625,10,615,0,468,0,0,0,0,8,0,0,0,0,0,0,0,0,1,27,0,0,0,1,0,3,0,0,0,0,0,0,107,
15,7407,בני ברק,6100,147,48,0,619,512,7,505,1,332,0,0,0,0,2,0,0,0,0,0,0,0,0,0,10,0,0,0,2,0,0,0,0,0,0,0,0,158,
15,7408,בני ברק,6100,148,6,0,569,350,3,347,4,101,0,0,0,0,3,0,0,0,0,0,0,0,0,13,77,1,0,0,2,0,17,1,0,0,0,0,0,128,
15,7409,בני ברק,6100,149,61,0,659,501,9,492,1,272,0,0,0,0,15,0,0,0,0,0,0,0,0,1,15,0,0,0,3,0,4,0,0,0,0,0,0,181,
15,7410,בני ברק,6100,150,75,0,490,396,2,394,0,310,0,0,0,0,2,0,0,0,0,0,0,0,0,0,7,0,0,0,0,0,0,0,0,0,0,0,0,75,
15,7411,בני ברק,6100,151,21,0,680,485,2,483,0,402,0,0,0,0,1,0,0,0,0,0,0,0,0,0,3,0,0,0,4,0,0,0,0,0,0,0,0,73,
15,7412,בני ברק,6100,152,71,0,673,571,5,566,1,419,0,0,0,0,2,0,0,0,0,0,0,0,0,0,2,0,0,0,0,0,0,0,0,0,0,0,0,142,
15,7413,בני ברק,6100,153,26,0,591,456,6,450,0,326,0,0,0,0,3,0,0,0,0,0,0,0,0,0,4,0,0,0,1,0,0,0,0,0,0,0,0,116,
15,7414,בני ברק,6100,154,74,0,707,582,5,577,0,376,0,0,0,0,5,0,0,0,0,0,0,0,1,0,14,0,0,0,1,0,4,0,0,0,0,0,0,176,
15,7415,בני ברק,6100,155,76,0,672,554,2,552,0,257,1,0,0,0,2,0,0,0,0,0,0,0,0,0,22,0,0,0,2,0,0,1,0,0,0,0,0,267,
15,7416,בני ברק,6100,156.1,7,0,610,470,4,466,0,365,0,0,0,0,8,0,0,0,0,0,0,0,0,0,3,0,0,0,1,0,0,0,0,0,0,0,0,89,
15,7417,בני ברק,6100,156.2,7,0,610,442,1,441,0,349,0,0,0,0,1,0,0,0,0,0,0,0,0,0,10,0,0,0,0,0,0,0,0,0,0,0,0,81,
15,7418,בני ברק,6100,156.3,7,1,610,483,4,479,0,396,0,0,0,0,6,0,0,0,0,0,0,0,0,0,8,0,0,0,0,0,1,0,0,0,0,0,0,68,
15,7419,בני ברק,6100,156.4,7,0,609,472,7,465,0,399,0,0,0,0,4,0,0,0,0,0,0,0,0,0,6,0,0,0,1,0,0,0,0,0,0,0,0,55,
15,7420,בני ברק,6100,157,75,0,703,577,11,566,1,457,0,0,0,0,4,0,0,0,0,0,0,0,0,0,10,0,0,0,3,0,0,0,0,0,0,0,0,91,
15,7421,בני ברק,6100,158,26,0,539,426,3,423,0,393,0,0,0,0,1,0,0,0,0,0,0,0,0,0,2,0,0,0,1,0,0,0,0,0,0,0,0,26,
15,7422,בני ברק,6100,159,12,0,695,562,5,557,0,263,0,0,0,0,8,0,0,0,0,0,0,0,0,0,30,0,0,0,6,0,5,0,0,0,0,0,0,245,
15,7423,בני ברק,6100,160,72,0,558,487,3,484,0,337,0,0,0,0,1,0,0,0,0,0,0,0,0,0,8,0,0,0,2,0,2,0,0,0,0,0,0,134,
15,7424,בני ברק,6100,161,74,0,778,612,10,602,4,364,0,1,0,0,12,0,0,0,0,0,0,0,0,2,43,0,0,0,2,0,13,0,0,0,0,0,0,161,
15,7425,בני ברק,6100,162,26,0,612,480,3,477,0,437,0,0,0,0,1,0,0,0,0,0,0,0,0,0,3,0,0,0,1,0,0,0,0,0,0,0,0,35,
15,7426,בני ברק,6100,163,6,0,537,458,0,458,3,185,0,0,0,0,8,0,0,0,0,0,0,0,0,1,45,0,0,0,2,0,5,0,0,0,0,0,0,209,
15,7427,בני ברק,6100,164,28,0,711,595,3,592,0,461,0,0,0,0,0,0,0,0,0,1,0,0,0,0,7,0,0,0,3,0,0,0,0,0,0,0,0,120,
15,7428,בני ברק,6100,165,25,0,651,543,2,541,0,155,0,0,0,0,10,0,0,0,0,0,0,0,0,1,13,0,0,0,1,0,1,0,0,0,0,0,0,360,
15,7429,בני ברק,6100,166,88,0,635,513,9,504,0,356,0,0,0,0,11,0,0,0,0,0,0,0,0,0,22,0,0,0,0,0,1,0,0,0,0,0,0,114,
15,7430,בני ברק,6100,167,18,0,641,501,8,493,1,336,0,0,0,0,14,0,0,0,0,0,0,0,0,0,30,0,0,0,3,0,0,0,0,0,0,0,0,109,
15,7431,בני ברק,6100,168,75,0,700,507,10,497,0,423,0,0,0,0,5,0,0,0,0,0,0,0,0,0,4,0,0,0,3,0,0,0,0,0,0,0,0,62,
15,7432,בני ברק,6100,169,12,0,658,571,1,570,0,303,0,0,0,0,7,0,0,0,0,0,0,0,0,2,26,0,0,0,2,0,1,0,0,0,0,0,0,229,
15,7433,בני ברק,6100,170,3,0,555,447,5,442,1,286,0,0,0,0,7,0,0,0,0,0,0,0,0,0,14,0,0,0,1,0,0,0,0,0,0,0,0,133,
15,7434,בני ברק,6100,171,56,0,570,471,13,458,1,357,0,0,0,0,13,1,0,0,0,0,0,0,0,0,13,0,0,0,3,0,1,0,0,0,0,0,0,69,
15,7435,בני ברק,6100,172,3,0,628,524,8,516,0,321,0,0,0,0,5,0,0,0,0,0,0,0,0,0,8,0,0,0,1,1,3,0,0,0,0,0,0,177,
15,7436,בני ברק,6100,173,29,0,688,584,3,581,3,299,0,0,0,0,9,0,0,0,0,0,0,0,0,4,48,0,0,0,3,0,1,0,0,0,0,0,0,214,
15,7437,בני ברק,6100,174,26,0,485,398,2,396,0,355,0,0,0,0,2,0,0,0,0,0,0,0,0,0,2,0,0,0,0,0,0,0,0,0,0,0,0,37,
15,7438,בני ברק,6100,175,2,0,608,453,2,451,8,82,0,0,0,0,18,0,0,0,0,0,0,0,0,11,94,0,0,0,4,0,26,0,0,0,0,0,2,206,
9,3931,בנימינהגבעת עדה,9800,1,5,0,644,408,2,406,40,0,3,0,0,0,8,0,0,0,0,0,0,0,0,35,154,0,0,0,4,0,153,0,0,0,0,0,0,9,
9,3932,בנימינהגבעת עדה,9800,2,2,0,674,532,0,532,81,1,7,1,0,0,17,0,0,0,0,0,0,0,0,9,104,1,0,0,0,0,306,0,0,0,0,0,0,5,
9,3933,בנימינהגבעת עדה,9800,3,3,0,683,471,3,468,44,6,2,0,0,0,32,0,0,0,0,0,0,0,0,23,213,1,0,0,3,0,115,2,0,0,0,0,0,27,
9,3934,בנימינהגבעת עדה,9800,4,2,0,539,401,1,400,55,0,7,1,0,0,19,0,0,0,0,0,0,0,0,9,52,0,0,0,0,0,257,0,0,0,0,0,0,0,
9,3935,בנימינהגבעת עדה,9800,5,3,0,686,496,0,496,67,0,2,0,0,0,38,0,0,0,0,0,0,0,0,13,136,0,0,0,1,0,232,0,0,0,0,0,0,7,
9,3936,בנימינהגבעת עדה,9800,6,2,0,525,417,1,416,70,4,0,0,0,0,5,0,0,0,0,0,0,0,0,19,47,0,0,0,0,0,270,0,0,0,0,0,0,1,
9,3937,בנימינהגבעת עדה,9800,7,2,0,492,367,0,367,68,0,2,0,0,0,1,0,0,0,0,0,0,0,0,2,41,0,0,0,0,0,251,0,0,0,0,0,0,2,
9,3938,בנימינהגבעת עדה,9800,8,5,0,679,508,1,507,62,1,7,0,0,0,38,0,0,0,0,0,0,0,0,4,151,0,0,0,0,0,238,0,0,0,0,0,0,6,
9,3939,בנימינהגבעת עדה,9800,9,5,0,689,516,1,515,64,2,4,0,0,0,50,0,1,0,0,0,0,0,0,11,160,1,0,0,1,0,199,0,0,0,0,0,0,22,
9,3940,בנימינהגבעת עדה,9800,10,2,0,581,440,0,440,90,0,1,0,0,0,14,0,0,0,0,0,0,0,0,11,50,0,0,0,1,0,273,0,0,0,0,0,0,0,
9,3941,בנימינהגבעת עדה,9800,11,2,0,606,456,0,456,73,0,2,0,0,0,14,0,0,0,0,0,0,0,0,8,68,0,0,0,1,0,288,0,0,1,0,0,0,1,
9,3942,בנימינהגבעת עדה,9800,12,2,0,550,426,3,423,57,0,1,0,0,0,11,0,0,0,0,0,0,0,0,7,43,0,0,0,1,0,301,0,0,0,0,0,0,2,
9,3943,בנימינהגבעת עדה,9800,101,104,0,735,570,3,567,73,1,1,3,0,0,17,0,0,0,0,0,0,0,0,11,62,2,0,0,0,0,394,0,0,0,0,0,0,3,
9,3944,בנימינהגבעת עדה,9800,102,102,0,763,598,0,598,100,0,1,0,0,0,17,0,0,0,0,0,0,0,0,17,87,0,0,0,0,0,374,0,0,1,0,0,0,1,
9,3945,בנימינהגבעת עדה,9800,103,104,0,708,486,1,485,56,3,4,1,0,0,12,0,0,0,0,0,0,0,0,3,151,0,0,0,3,0,229,0,0,0,0,0,0,23,
9,3946,בנימינהגבעת עדה,9800,104,104,0,703,544,0,544,90,4,4,0,0,0,9,0,0,0,0,1,0,0,0,14,127,0,0,0,1,0,277,0,0,1,0,0,0,16,
17,9139,ברכיה,746,1,1,0,338,282,0,282,2,22,0,0,0,0,35,0,0,0,0,0,0,0,0,0,152,0,0,0,1,0,8,0,0,0,0,0,0,62,
17,9140,ברכיה,746,2,1,0,428,367,0,367,2,50,0,0,0,0,38,0,0,0,0,0,0,0,0,3,193,0,0,0,7,0,11,0,0,0,0,0,0,63,
6,2348,גדיידהמכר,1292,1,3,0,617,407,1,406,1,0,394,0,0,0,0,1,0,1,0,0,0,0,0,0,2,0,0,0,0,0,7,0,0,0,0,0,0,0,
6,2349,גדיידהמכר,1292,2,4,0,773,548,3,545,0,0,537,0,0,0,0,0,0,0,1,0,0,0,0,0,2,0,0,0,0,1,0,0,0,0,1,2,0,1,
6,2350,גדיידהמכר,1292,3,3,0,725,502,0,502,1,0,492,0,0,0,0,0,0,1,0,0,0,0,0,0,0,0,0,0,0,1,1,1,0,2,0,0,1,2,
6,2351,גדיידהמכר,1292,4,4,0,738,527,1,526,0,0,521,0,0,0,1,0,0,0,0,0,0,0,0,0,0,0,0,0,0,1,1,0,0,0,1,0,1,0,
6,2352,גדיידהמכר,1292,5,3,0,723,519,3,516,3,0,506,0,0,0,0,0,0,0,1,0,0,0,1,0,1,0,0,0,0,2,1,0,0,0,1,0,0,0,
6,2353,גדיידהמכר,1292,6,5,0,688,441,1,440,0,0,435,0,0,0,0,0,0,0,0,0,0,0,0,0,3,0,0,0,0,0,1,0,0,0,0,1,0,0,
6,2354,גדיידהמכר,1292,7,5,0,734,502,4,498,4,0,488,0,0,0,0,0,0,0,0,1,0,0,0,0,1,0,0,0,1,0,2,0,0,0,0,0,0,1,
6,2355,גדיידהמכר,1292,8,7,0,776,517,4,513,1,0,506,0,0,0,0,0,0,0,0,0,0,0,0,0,4,0,0,0,0,1,1,0,0,0,0,0,0,0,
6,2356,גדיידהמכר,1292,9,7,0,762,538,1,537,5,0,525,0,0,0,1,0,0,0,0,0,0,0,0,0,1,0,0,0,0,0,3,0,0,0,2,0,0,0,
6,2357,גדיידהמכר,1292,10,6,0,759,517,5,512,1,5,494,0,1,0,1,0,0,2,0,0,0,0,0,0,1,0,0,0,2,0,4,0,0,0,0,1,0,0,
6,2358,גדיידהמכר,1292,11,6,0,710,570,0,570,3,0,565,0,0,0,0,0,0,0,0,0,0,0,0,0,1,0,0,0,0,0,0,0,0,0,0,0,0,1,
6,2359,גדיידהמכר,1292,12,4,0,726,497,1,496,1,0,485,0,0,0,0,0,0,1,0,0,0,0,0,0,2,0,0,0,0,1,1,0,0,2,0,0,0,3,
6,2360,גדיידהמכר,1292,13,5,0,736,496,2,494,1,0,479,0,0,0,1,0,1,1,0,0,0,0,0,1,3,0,0,0,0,1,4,0,1,0,0,0,1,0,
6,2361,גדיידהמכר,1292,14,8,0,772,490,2,488,0,0,474,0,0,0,0,0,0,3,0,0,0,0,0,0,3,0,0,1,0,1,2,1,0,0,0,1,2,0,
6,2362,גדיידהמכר,1292,15,8,0,745,525,3,522,8,1,509,0,0,0,0,0,0,0,0,0,0,0,0,1,0,0,0,0,0,0,3,0,0,0,0,0,0,0,
6,2363,גדיידהמכר,1292,16,6,0,766,523,3,520,1,2,510,0,0,0,0,0,0,0,0,0,0,0,0,0,3,0,1,0,1,0,2,0,0,0,0,0,0,0,
6,2364,גדיידהמכר,1292,17,3,0,765,558,2,556,10,0,530,0,0,0,0,0,0,0,0,0,0,0,0,0,2,0,0,0,0,0,4,0,0,0,1,0,0,9,
6,2365,גדיידהמכר,1292,18,4,0,716,479,2,477,2,0,474,0,0,0,0,0,0,1,0,0,0,0,0,0,0,0,0,0,0,0,0,0,0,0,0,0,0,0,
6,2366,גדיידהמכר,1292,19,7,0,663,477,5,472,0,1,464,0,0,0,1,0,0,1,0,1,0,0,0,0,0,0,0,0,0,1,1,0,0,0,0,0,1,1,
6,2367,גדיידהמכר,1292,20,5,0,570,426,1,425,1,1,418,0,0,0,0,0,0,0,0,0,0,0,0,1,3,0,0,0,0,0,1,0,0,0,0,0,0,0,
9,3748,גסר אזרקא,541,1,3,0,748,403,4,399,0,0,381,0,0,0,6,0,0,2,0,0,0,0,0,0,1,0,0,0,2,0,4,1,0,0,0,1,0,1,
9,3749,גסר אזרקא,541,2,2,0,727,403,2,401,4,0,388,0,0,0,0,0,0,1,0,0,0,0,0,0,0,0,0,0,0,1,5,1,0,0,0,0,0,1,
9,3750,גסר אזרקא,541,3,1,0,713,411,4,407,1,0,391,0,0,0,3,0,0,0,0,0,0,0,0,1,2,0,0,0,1,0,4,0,1,0,0,0,2,1,
9,3751,גסר אזרקא,541,4,1,0,640,391,13,378,0,1,360,0,0,0,2,0,0,0,0,1,0,0,1,0,4,0,0,0,1,1,5,0,0,0,0,0,2,0,
9,3752,גסר אזרקא,541,5,2,0,664,393,4,389,4,0,377,0,0,0,2,0,0,1,0,0,0,0,0,0,0,0,0,0,1,1,1,0,0,0,0,0,0,2,
9,3753,גסר אזרקא,541,6,5,0,694,362,5,357,2,0,337,0,0,0,0,0,1,1,0,0,0,0,0,0,0,0,0,0,1,0,9,0,1,1,0,0,1,3,
9,3754,גסר אזרקא,541,7,3,0,736,409,2,407,1,0,397,0,0,0,2,0,0,1,0,0,0,0,1,0,1,0,0,0,1,1,1,0,0,0,0,0,1,0,
9,3755,גסר אזרקא,541,8,4,0,734,392,5,387,1,0,376,0,0,0,0,0,0,3,0,0,0,0,0,0,2,0,0,0,0,0,1,0,0,1,0,1,1,1,
9,3756,גסר אזרקא,541,9,6,0,622,342,2,340,1,0,332,0,0,0,1,0,0,0,0,0,0,0,0,0,1,0,0,0,0,0,1,0,1,0,0,0,2,1,
9,3757,גסר אזרקא,541,10,6,0,698,405,2,403,1,0,391,0,0,0,0,0,0,0,0,0,0,0,1,0,2,0,0,0,0,1,5,0,0,0,1,0,0,1,
9,3758,גסר אזרקא,541,11,4,0,686,390,5,385,0,0,374,0,0,0,0,1,0,0,0,0,0,0,0,0,0,0,1,0,2,1,2,0,3,0,0,0,0,1,
9,3759,גסר אזרקא,541,12,1,0,628,318,3,315,3,0,307,0,0,0,0,0,0,0,0,0,0,0,0,0,0,0,0,0,3,0,2,0,0,0,0,0,0,0,
9,3760,גסר אזרקא,541,13,4,0,606,322,5,317,3,0,311,0,0,0,1,0,0,1,0,0,0,0,0,0,0,0,0,0,0,0,1,0,0,0,0,0,0,0,
9,3834,גת,628,1,1,0,590,298,2,296,0,0,291,0,0,0,2,0,0,0,0,0,0,0,0,1,0,0,0,0,0,0,1,0,0,1,0,0,0,0,
9,3835,גת,628,2,5,0,637,373,1,372,9,0,359,0,0,0,0,0,0,0,0,0,1,0,0,0,0,0,1,0,0,0,2,0,0,0,0,0,0,0,
9,3836,גת,628,3,3,0,631,311,1,310,6,0,300,0,0,0,1,0,0,0,0,0,0,0,0,0,0,0,0,0,0,0,1,0,0,0,0,1,1,0,
9,3837,גת,628,4,1,0,651,372,1,371,4,0,364,0,0,0,0,0,0,1,0,0,0,0,0,0,1,0,0,0,0,0,1,0,0,0,0,0,0,0,
9,3838,גת,628,5,3,0,572,314,4,310,4,0,302,0,0,0,0,0,0,1,0,0,0,1,0,0,0,0,0,0,0,0,0,0,0,2,0,0,0,0,
9,3839,גת,628,6,5,0,588,316,0,316,2,0,311,0,0,0,0,0,0,0,0,0,0,0,0,0,0,0,0,0,0,1,1,0,0,1,0,0,0,0,
9,3840,גת,628,7,3,0,664,359,2,357,3,0,348,0,0,0,0,0,0,0,0,0,0,0,0,0,1,1,0,0,0,2,2,0,0,0,0,0,0,0,
9,3841,גת,628,8,4,0,651,388,1,387,4,0,374,0,0,0,1,0,0,1,0,0,0,0,0,0,2,0,0,1,2,0,1,0,0,0,0,0,1,0,
9,3842,גת,628,9,5,0,658,360,0,360,3,0,349,0,0,0,0,0,0,0,0,0,0,0,0,0,1,0,0,0,0,1,5,1,0,0,0,0,0,0,
9,3843,גת,628,10,1,0,618,358,2,356,1,0,352,0,0,0,0,0,0,0,0,0,0,0,0,0,0,0,0,0,0,0,2,0,0,0,0,0,1,0,
9,3844,גת,628,11,4,0,706,412,4,408,2,0,403,0,0,0,0,0,0,0,0,0,0,0,0,0,0,0,0,0,0,0,1,0,0,1,1,0,0,0,
9,3845,גת,628,12,5,0,630,379,2,377,2,0,369,0,0,0,0,0,0,0,0,0,0,0,0,0,2,0,0,0,0,0,3,0,0,0,0,0,0,1,
9,3846,גת,628,13,1,0,590,357,0,357,2,0,349,0,0,0,0,0,0,0,0,1,0,0,0,0,1,1,0,0,0,0,2,0,0,1,0,0,0,0,
13,6504,גאליה,853,1.1,1,0,418,306,0,306,29,3,0,0,0,0,7,0,0,0,0,0,0,0,0,10,79,0,0,1,0,0,175,0,0,0,0,0,0,2,
13,6505,גאליה,853,1.2,1,0,417,337,2,335,26,2,2,0,0,0,5,0,0,0,0,0,0,0,0,15,75,0,0,0,0,0,210,0,0,0,0,0,0,0,
17,9142,גבים,424,1,1,0,458,340,0,340,111,0,2,1,0,0,5,0,0,0,0,0,0,0,0,6,23,0,0,0,0,0,190,0,0,0,0,0,0,2,
2,685,גבעון החדשה,3644,1,1,0,479,357,2,355,31,1,1,0,1,0,33,0,0,0,0,0,0,0,0,20,157,0,0,0,2,0,100,1,0,0,0,0,0,8,
2,686,גבעון החדשה,3644,2,1,0,526,353,2,351,7,3,4,2,1,0,28,0,0,0,0,0,0,0,0,17,175,0,0,1,1,0,101,1,0,0,0,0,1,9,
11,5217,גבעת השלושה,870,1,1,0,500,386,0,386,88,0,1,0,0,0,7,0,0,0,0,0,0,0,0,2,46,0,0,0,1,0,238,0,0,0,0,0,0,3,
5,2016,גבעת עוז,703,1,2,0,401,257,1,256,73,0,1,1,0,0,10,0,0,0,0,0,0,0,0,6,16,0,0,0,0,0,147,0,0,0,0,0,0,2,
11,5233,גבעת שמואל,681,1.1,5,0,661,456,5,451,66,3,4,0,0,0,33,0,0,0,0,0,0,0,0,13,81,2,0,0,0,0,244,0,0,0,0,0,0,5,
11,5234,גבעת שמואל,681,1.2,5,0,661,480,3,477,50,5,6,0,0,0,31,0,0,0,0,0,0,0,0,15,105,1,0,0,0,0,255,1,0,0,0,1,0,7,
11,5235,גבעת שמואל,681,1.3,5,0,661,488,1,487,53,8,5,2,0,0,43,0,0,0,0,0,1,0,0,12,108,1,0,0,2,0,245,0,0,0,0,0,0,7,
11,5236,גבעת שמואל,681,1.4,5,0,658,488,0,488,49,4,6,0,1,0,39,0,0,0,0,0,0,0,0,16,63,0,0,0,3,0,298,0,0,0,0,0,0,9,
11,5237,גבעת שמואל,681,2,2,0,800,592,0,592,19,8,0,1,0,0,179,0,0,0,0,0,0,0,0,3,215,1,0,0,4,0,119,1,0,0,0,0,0,42,
11,5238,גבעת שמואל,681,3,11,0,492,385,1,384,10,10,4,0,0,0,118,0,0,0,0,0,0,0,0,5,111,0,0,0,4,0,99,0,0,0,0,0,0,23,
11,5239,גבעת שמואל,681,4,1,0,674,498,1,497,27,4,3,1,0,0,113,0,0,0,0,0,0,0,0,11,146,0,0,0,7,0,134,1,0,0,0,0,0,50,
11,5240,גבעת שמואל,681,5,4,0,615,397,1,396,8,17,1,1,0,0,89,0,0,0,0,0,0,0,0,21,153,1,0,0,7,0,40,1,0,0,0,0,0,57,
11,5241,גבעת שמואל,681,6,1,0,564,349,4,345,10,13,2,0,0,0,62,0,0,0,0,0,0,0,0,17,143,0,0,0,3,0,47,3,0,0,0,0,0,45,
11,5242,גבעת שמואל,681,7,12,0,621,522,0,522,7,16,1,0,0,0,182,0,0,0,0,0,0,0,0,8,164,0,0,0,2,0,102,0,0,0,0,0,0,40,
11,5243,גבעת שמואל,681,10,2,0,621,388,2,386,15,7,0,0,0,0,66,0,0,0,0,0,0,0,0,14,163,0,0,0,3,0,90,3,0,0,0,0,0,25,
11,5244,גבעת שמואל,681,13,11,0,717,564,1,563,27,17,0,2,0,0,218,0,0,0,0,0,0,0,1,14,142,0,0,0,5,0,113,0,0,0,0,0,0,24,
11,5245,גבעת שמואל,681,14,2,0,723,469,6,463,19,18,1,0,0,0,97,0,0,0,0,0,0,0,0,73,160,0,0,0,1,0,65,0,0,0,0,0,0,29,
11,5246,גבעת שמואל,681,15,13,0,568,460,2,458,11,7,1,1,0,0,150,0,0,0,0,0,0,0,0,5,168,0,0,0,4,0,95,0,0,0,0,0,0,16,
11,5247,גבעת שמואל,681,16,13,0,580,418,1,417,15,3,0,1,0,0,111,0,0,0,0,0,0,0,0,6,172,0,0,0,8,0,55,0,0,0,0,0,1,45,
11,5248,גבעת שמואל,681,17.1,15,0,616,479,1,478,20,6,0,0,0,0,143,0,0,0,0,0,0,0,0,6,155,2,0,0,0,0,113,0,0,0,0,0,0,33,
11,5249,גבעת שמואל,681,17.2,15,0,616,503,1,502,22,11,0,1,0,0,161,0,0,0,0,0,0,0,0,4,174,0,0,0,7,0,105,0,0,0,0,0,0,17,
11,5250,גבעת שמואל,681,17.3,15,0,616,489,0,489,21,5,0,0,0,0,170,0,0,0,0,0,0,0,0,3,148,0,0,0,8,0,102,0,0,1,0,0,0,31,
11,5251,גבעת שמואל,681,17.4,15,0,616,499,2,497,18,7,1,5,0,0,165,0,0,0,0,0,0,1,0,10,122,0,0,0,3,0,130,0,0,0,0,0,0,35,
11,5252,גבעת שמואל,681,17.5,15,0,616,493,1,492,21,14,2,0,0,0,182,0,0,0,0,0,0,0,0,9,131,0,0,0,4,0,99,1,0,0,0,0,0,29,
11,5253,גבעת שמואל,681,22,13,0,703,574,5,569,3,20,0,0,0,0,245,0,0,0,0,0,0,0,0,0,208,0,0,0,4,0,56,0,0,0,0,0,0,33,
11,5254,גבעת שמואל,681,23,13,0,704,557,1,556,13,10,0,3,0,0,269,0,0,0,0,0,0,0,0,2,166,0,0,0,3,0,64,0,0,0,0,0,0,26,
11,5255,גבעת שמואל,681,25,12,0,612,487,2,485,12,21,3,0,0,0,191,0,0,0,0,0,0,0,0,4,146,1,0,0,3,0,76,2,0,0,0,0,0,26,
11,5256,גבעת שמואל,681,26,12,0,571,449,0,449,16,4,1,2,0,0,63,0,0,0,0,0,0,0,0,8,164,0,0,0,2,0,174,0,0,0,0,1,0,14,
11,5257,גבעת שמואל,681,27,13,0,611,506,1,505,12,8,0,0,0,0,197,0,0,0,0,0,0,0,0,4,174,0,0,0,3,0,89,0,0,0,0,0,0,18,
11,5258,גבעת שמואל,681,28,13,0,483,376,0,376,5,10,0,2,0,0,183,0,0,0,0,0,0,0,0,8,105,0,0,0,2,0,49,0,0,0,0,0,0,12,
11,5259,גבעת שמואל,681,29,12,0,609,502,0,502,6,16,0,0,0,0,195,0,0,0,0,0,0,0,0,1,180,1,0,0,2,0,61,0,0,0,0,0,0,40,
11,5260,גבעת שמואל,681,950,12,0,690,566,1,565,14,4,0,0,0,0,146,0,0,0,0,0,0,0,0,11,175,0,0,0,3,0,195,0,0,0,0,0,0,17,
11,5261,גבעת שמואל,681,951,13,0,561,457,0,457,13,24,1,0,0,0,159,0,0,0,0,0,0,0,0,7,137,0,0,0,3,0,81,0,0,0,0,0,0,32,
15,7439,גבעתיים,6300,1,6,0,524,357,1,356,55,2,0,0,0,0,11,0,0,0,0,0,0,0,0,9,64,0,0,0,1,0,207,0,0,0,0,0,0,7,
15,7440,גבעתיים,6300,2,19,0,620,411,1,410,46,3,7,0,0,0,19,0,1,0,0,0,0,0,0,16,96,0,0,0,0,0,213,0,0,0,0,0,0,9,
15,7441,גבעתיים,6300,3,43,0,697,480,2,478,86,5,6,1,0,0,13,0,0,0,0,0,0,0,0,16,80,0,0,0,1,0,262,1,0,0,0,0,1,6,
15,7442,גבעתיים,6300,4,18,0,679,410,1,409,53,1,1,0,0,0,21,0,0,0,0,0,0,0,0,10,84,0,0,0,2,0,231,0,0,0,0,0,0,6,
15,7443,גבעתיים,6300,5,8,0,719,563,2,561,78,1,2,0,0,0,20,0,0,0,0,0,0,0,0,15,97,0,0,0,1,0,337,1,0,0,0,0,0,9,
15,7444,גבעתיים,6300,6,11,0,519,301,0,301,30,0,2,0,0,0,3,0,0,0,0,0,0,0,0,14,75,0,0,0,0,0,174,0,0,0,0,0,0,3,
15,7445,גבעתיים,6300,7,16,0,649,421,0,421,69,3,5,1,0,0,8,0,0,0,0,1,0,0,0,17,87,1,0,0,1,0,220,0,0,0,0,0,1,7,
15,7446,גבעתיים,6300,8,16,0,630,394,1,393,46,7,2,0,0,0,17,0,0,0,0,0,0,0,0,11,88,0,0,0,0,0,213,0,0,1,0,0,0,8,
15,7447,גבעתיים,6300,9,16,0,623,458,5,453,54,0,7,1,0,0,9,0,0,0,0,0,0,0,0,14,93,0,0,0,0,0,273,0,0,0,0,0,0,2,
15,7448,גבעתיים,6300,10,16,0,716,437,3,434,67,2,4,0,0,0,9,0,0,0,0,0,0,0,0,19,118,0,0,0,3,0,202,0,0,0,0,0,0,10,
15,7449,גבעתיים,6300,11,19,0,785,599,2,597,68,0,1,1,0,0,12,0,0,0,0,0,0,0,0,16,156,0,0,0,0,0,337,0,0,0,0,0,0,6,
15,7450,גבעתיים,6300,12,18,0,622,446,0,446,54,1,12,0,0,0,7,0,0,0,0,0,0,0,0,8,49,0,0,0,0,0,312,0,0,0,0,0,0,3,
15,7451,גבעתיים,6300,13,16,0,699,497,1,496,74,2,8,0,0,0,10,0,0,0,0,0,0,0,0,16,106,1,0,0,2,0,267,0,0,0,0,0,0,10,
15,7452,גבעתיים,6300,14,8,0,591,457,1,456,60,5,2,0,0,0,19,0,0,0,0,0,0,0,0,14,86,0,0,0,0,0,266,0,0,0,0,0,0,4,
15,7453,גבעתיים,6300,18,16,0,764,456,2,454,75,7,7,0,0,0,12,0,0,0,0,0,0,0,0,43,90,1,0,0,1,0,211,0,0,0,0,0,1,6,
15,7454,גבעתיים,6300,19,43,0,669,482,2,480,72,3,1,2,0,0,16,0,0,0,0,0,0,0,0,15,115,0,0,0,2,0,248,0,0,0,0,0,0,6,
15,7455,גבעתיים,6300,21,40,0,503,353,0,353,47,4,4,1,0,0,16,0,0,0,0,0,0,0,0,3,106,0,0,0,1,0,161,1,0,0,0,0,0,9,
15,7456,גבעתיים,6300,24,40,0,650,486,2,484,73,3,6,0,0,0,11,0,0,0,0,0,0,0,1,17,92,0,0,0,0,0,280,0,0,0,0,0,0,1,
15,7457,גבעתיים,6300,25,28,0,563,409,1,408,60,1,9,0,0,0,8,0,1,0,0,0,0,0,0,9,70,0,0,0,0,0,245,0,0,0,0,0,0,5,
15,7458,גבעתיים,6300,26,24,0,544,406,1,405,68,3,2,1,0,0,10,0,0,0,0,0,0,0,0,8,82,0,0,0,0,0,222,0,0,0,0,0,0,9,
15,7459,גבעתיים,6300,27,40,0,720,506,2,504,76,6,6,0,0,0,12,0,0,0,0,0,0,0,0,20,93,2,0,0,0,0,282,0,0,1,0,0,0,6,
15,7460,גבעתיים,6300,28,6,0,567,371,0,371,63,1,3,0,0,0,7,0,0,0,0,0,0,0,1,14,63,0,0,0,0,0,212,0,0,0,0,0,0,7,
15,7461,גבעתיים,6300,30,18,0,634,484,0,484,71,4,6,0,0,0,10,0,0,0,0,0,0,0,0,14,81,1,2,0,0,0,292,0,0,0,0,0,0,3,
15,7462,גבעתיים,6300,31,19,0,643,478,0,478,57,1,2,0,0,0,19,0,0,0,0,0,0,0,0,16,62,0,1,0,2,0,317,0,0,0,0,0,0,1,
15,7463,גבעתיים,6300,32,19,0,570,432,3,429,62,6,4,1,0,0,19,0,0,0,0,0,0,0,0,8,96,0,0,0,0,0,225,0,0,0,0,0,0,8,
15,7464,גבעתיים,6300,33,24,0,576,452,1,451,46,0,2,0,0,0,16,0,0,0,0,0,0,0,0,10,81,1,0,0,1,0,291,0,0,0,0,0,0,3,
15,7465,גבעתיים,6300,34,1,0,665,489,2,487,55,7,1,2,0,0,19,0,0,0,0,0,0,0,0,12,111,0,0,0,1,0,264,0,0,0,0,0,1,14,
15,7466,גבעתיים,6300,35,1,0,635,485,1,484,50,3,5,1,0,0,15,0,0,0,0,0,0,0,0,11,102,0,0,0,3,0,285,0,0,0,0,0,0,9,
15,7467,גבעתיים,6300,36,28,0,541,415,0,415,58,0,2,1,0,0,14,0,0,0,0,0,0,0,0,10,73,0,0,0,1,0,245,0,0,0,0,0,0,11,
15,7468,גבעתיים,6300,37,28,0,669,460,6,454,81,9,7,0,0,0,10,0,0,0,0,0,0,0,0,3,87,0,0,0,3,0,240,0,0,0,0,0,0,14,
15,7469,גבעתיים,6300,38,2,0,715,517,2,515,69,4,2,0,0,0,16,0,0,0,0,0,0,0,1,9,93,0,0,0,1,0,313,0,0,0,0,0,0,7,
15,7470,גבעתיים,6300,39,1,0,601,466,0,466,53,3,0,0,0,0,19,0,0,0,0,0,0,1,0,7,109,0,0,0,0,0,271,0,0,0,0,0,0,3,
15,7471,גבעתיים,6300,41,1,0,620,485,1,484,53,3,0,0,0,0,14,0,0,0,0,0,0,0,0,11,126,0,0,0,1,0,270,1,0,0,0,0,0,5,
15,7472,גבעתיים,6300,43,11,0,727,429,1,428,51,3,2,1,0,0,21,0,0,0,0,0,0,0,0,12,82,1,0,0,1,0,248,0,0,0,0,1,0,5,
15,7473,גבעתיים,6300,44,11,1,633,409,2,407,66,4,6,2,0,0,13,0,0,0,0,0,0,0,0,15,70,0,0,0,1,0,224,0,0,0,0,0,0,6,
15,7474,גבעתיים,6300,45.1,4,0,645,442,0,442,65,2,3,1,0,0,16,0,0,0,0,0,0,0,0,14,115,0,0,0,2,0,219,0,0,0,0,0,0,5,
15,7475,גבעתיים,6300,45.2,4,0,645,419,1,418,50,2,6,1,0,0,11,0,0,0,0,0,0,0,0,16,79,0,0,0,2,0,248,0,0,0,0,0,0,3,
15,7476,גבעתיים,6300,45.3,4,0,645,415,2,413,65,3,4,2,0,0,13,0,0,0,0,0,0,0,0,6,74,0,0,0,1,0,236,0,0,0,0,0,0,9,
15,7477,גבעתיים,6300,45.4,4,0,645,428,2,426,44,3,4,1,0,0,14,0,0,0,0,0,0,0,0,8,128,0,0,0,0,0,220,0,0,0,0,0,0,4,
15,7478,גבעתיים,6300,45.5,4,0,645,425,2,423,55,2,7,2,0,0,11,0,0,0,0,0,1,0,0,15,72,1,0,0,1,0,249,2,0,0,0,0,0,5,
15,7479,גבעתיים,6300,45.6,4,0,645,415,2,413,60,0,6,0,0,0,6,0,0,0,0,0,0,0,0,9,80,0,0,0,1,0,247,0,0,0,0,0,0,4,
15,7480,גבעתיים,6300,45.7,4,0,645,438,2,436,65,2,4,1,0,0,10,0,0,0,0,0,0,0,0,16,75,0,0,0,1,0,259,0,0,0,0,0,0,3,
15,7481,גבעתיים,6300,45.8,4,0,638,439,3,436,78,3,6,0,0,0,12,0,0,0,0,0,0,0,0,14,81,0,0,0,0,0,227,1,0,0,0,1,0,13,
15,7482,גבעתיים,6300,53,11,0,590,358,0,358,46,1,5,0,0,0,14,0,0,0,0,0,0,0,0,13,85,0,0,0,0,0,187,0,0,1,0,1,0,5,
15,7483,גבעתיים,6300,54,3,0,612,441,1,440,72,1,3,1,0,0,20,0,0,0,0,0,0,0,0,12,81,2,0,0,1,0,243,0,0,0,0,0,0,4,
15,7484,גבעתיים,6300,55,3,0,655,441,2,439,82,3,8,0,0,0,8,0,0,0,0,0,0,0,0,15,91,0,0,0,0,0,223,0,0,0,0,0,0,9,
15,7485,גבעתיים,6300,56,3,0,679,463,2,461,54,2,6,3,0,0,16,0,0,0,0,0,0,0,0,14,99,0,0,0,0,0,256,0,0,0,0,0,0,11,
15,7486,גבעתיים,6300,57,3,0,649,476,2,474,79,5,7,0,0,0,14,0,0,0,0,0,0,0,0,8,88,0,0,0,0,0,260,0,1,0,0,1,0,11,
15,7487,גבעתיים,6300,58,3,0,682,488,0,488,112,2,4,1,0,0,13,0,0,0,0,0,0,0,0,16,79,0,0,0,3,0,258,0,0,0,0,0,0,0,
15,7488,גבעתיים,6300,60,1,0,617,477,0,477,62,2,3,0,0,0,20,0,0,0,0,0,0,0,0,13,94,0,0,0,2,0,275,0,0,0,0,0,0,6,
15,7489,גבעתיים,6300,66,39,0,765,530,6,524,106,0,6,0,0,0,13,0,0,0,0,0,0,0,0,19,73,0,0,0,2,0,301,0,0,1,0,0,1,2,
15,7490,גבעתיים,6300,68,39,0,773,485,1,484,101,4,13,1,0,0,12,0,0,0,0,0,0,0,0,17,50,0,0,0,1,0,281,1,0,0,0,0,0,3,
15,7491,גבעתיים,6300,70,2,0,708,495,0,495,78,1,6,0,0,0,15,0,0,0,0,0,0,0,0,8,88,0,0,0,1,0,291,0,0,0,0,0,0,7,
15,7492,גבעתיים,6300,71,10,0,740,535,2,533,86,0,5,0,0,0,11,0,0,0,0,0,0,0,0,18,88,0,0,0,2,0,321,0,0,0,0,0,0,2,
15,7493,גבעתיים,6300,72,44,0,695,484,2,482,77,1,3,2,0,0,5,0,0,0,0,0,0,0,0,11,104,0,0,0,0,0,269,2,0,0,0,1,0,7,
15,7494,גבעתיים,6300,73,44,0,576,372,0,372,66,1,4,0,0,0,15,0,0,0,0,0,0,0,0,9,64,0,0,0,1,0,207,0,0,1,0,0,0,4,
15,7495,גבעתיים,6300,76,44,0,545,378,0,378,79,0,7,0,0,0,10,0,0,0,0,0,0,0,0,7,50,0,0,0,1,0,215,0,0,0,0,1,0,8,
15,7496,גבעתיים,6300,82,5,0,471,289,1,288,43,5,4,0,0,0,10,0,0,0,0,0,0,0,0,5,89,0,0,0,1,0,125,0,0,0,0,0,0,6,
15,7497,גבעתיים,6300,83,41,0,527,328,3,325,48,0,2,0,0,0,7,0,0,0,0,0,0,0,0,8,115,1,0,0,0,0,133,0,0,0,0,0,0,11,
15,7498,גבעתיים,6300,84.1,9,0,286,194,0,194,52,1,0,1,1,0,2,0,0,0,0,0,0,0,0,4,22,0,0,0,0,0,107,0,0,0,0,2,0,2,
15,7499,גבעתיים,6300,84.2,9,0,283,219,2,217,55,1,3,0,0,0,6,0,0,0,0,0,0,0,0,4,34,0,0,0,0,0,113,0,0,1,0,0,0,0,
15,7500,גבעתיים,6300,86,5,0,612,405,2,403,52,9,4,0,0,0,23,0,0,0,0,0,0,0,0,6,96,0,0,0,0,0,208,0,0,0,0,0,0,5,
15,7501,גבעתיים,6300,87,5,0,630,389,0,389,41,7,2,0,0,0,7,0,0,0,0,0,0,0,0,17,142,0,0,0,4,0,155,1,0,0,0,0,0,13,
15,7502,גבעתיים,6300,88,5,0,568,410,2,408,66,3,3,0,0,0,18,0,0,0,0,0,0,0,0,9,81,1,0,0,2,0,216,0,0,0,0,0,0,9,
15,7503,גבעתיים,6300,89,5,0,606,434,1,433,72,2,2,0,0,0,16,0,0,0,0,0,0,0,0,8,57,0,0,0,0,0,273,0,0,0,0,0,0,3,
15,7504,גבעתיים,6300,90,12,0,562,418,2,416,46,8,3,1,0,0,25,0,0,0,0,0,0,0,0,5,114,1,0,0,1,0,210,0,0,0,0,0,0,2,
15,7505,גבעתיים,6300,91,5,0,557,367,4,363,39,2,0,0,0,0,7,0,0,0,0,0,0,0,0,15,97,1,0,0,2,0,191,0,0,0,0,0,0,9,
15,7506,גבעתיים,6300,92,5,0,582,424,1,423,86,0,6,0,0,0,9,0,0,0,1,0,0,0,0,2,77,0,0,0,0,0,241,0,0,0,0,0,0,1,
15,7507,גבעתיים,6300,93,12,0,460,321,0,321,44,3,2,0,0,0,12,0,0,0,0,0,0,0,0,9,55,0,0,0,0,0,194,0,0,0,0,0,0,2,
15,7508,גבעתיים,6300,94,1,0,664,529,6,523,56,4,5,0,0,0,61,0,0,0,0,0,0,0,0,13,105,0,0,0,0,0,269,1,0,0,0,0,0,9,
15,7509,גבעתיים,6300,95,5,0,618,471,5,466,39,0,1,0,0,0,10,0,1,0,0,0,0,0,0,13,136,0,0,0,1,0,253,0,0,0,0,2,0,10,
15,7510,גבעתיים,6300,97,12,0,542,415,1,414,58,3,0,0,0,0,45,0,0,0,0,0,0,0,0,10,74,0,1,0,2,0,213,0,0,0,0,0,0,8,
15,7511,גבעתיים,6300,98.1,7,0,658,482,2,480,82,4,12,0,0,0,11,0,0,0,0,0,0,0,1,15,92,1,0,0,0,0,253,0,0,0,0,0,0,9,
15,7512,גבעתיים,6300,98.2,7,0,658,489,0,489,80,1,4,0,0,0,11,0,0,0,0,0,0,0,1,16,106,0,0,0,0,0,260,0,0,0,0,1,0,9,
15,7513,גבעתיים,6300,98.3,7,0,658,477,1,476,76,2,3,1,0,0,9,0,0,0,0,0,0,0,0,14,113,0,0,0,0,0,243,0,1,1,0,0,0,13,
15,7514,גבעתיים,6300,98.4,7,0,658,497,1,496,79,4,3,0,0,0,11,0,0,0,0,0,0,0,0,12,96,0,0,0,2,0,279,0,0,0,0,0,0,10,
15,7515,גבעתיים,6300,98.5,7,0,657,470,0,470,73,0,6,1,0,0,12,0,0,0,0,0,0,0,0,14,101,2,0,0,0,0,258,0,0,0,0,0,0,3,
15,7516,גבעתיים,6300,99,8,0,545,405,2,403,48,1,4,0,0,0,6,0,0,0,0,0,0,0,0,11,77,0,1,0,0,0,251,0,0,0,0,0,0,4,
13,6404,גדרה,2550,1,8,0,690,486,2,484,19,10,2,0,0,0,14,0,0,0,0,0,0,0,0,12,260,0,0,0,6,0,85,1,0,0,0,0,0,75,
13,6405,גדרה,2550,2,4,0,582,438,4,434,18,4,0,0,0,0,45,0,0,0,0,0,0,0,0,11,195,0,0,0,1,0,125,0,0,0,0,0,0,35,
13,6406,גדרה,2550,3,5,0,562,439,3,436,9,13,1,0,0,0,25,0,0,0,0,0,0,0,0,2,276,1,1,0,10,0,30,0,0,0,0,0,0,68,
13,6407,גדרה,2550,4,2,0,724,538,3,535,37,5,2,0,0,0,26,0,0,0,0,0,0,0,0,10,222,0,0,0,5,0,178,0,0,0,0,0,0,50,
13,6408,גדרה,2550,5,2,0,725,496,3,493,13,16,3,0,0,0,34,0,0,0,0,0,1,0,0,14,252,0,0,0,3,0,89,0,0,0,0,0,0,68,
13,6409,גדרה,2550,6,7,0,789,574,0,574,52,0,2,0,0,0,15,0,0,0,0,0,0,0,0,12,143,0,1,0,2,0,342,0,0,0,0,0,1,4,
13,6410,גדרה,2550,7,13,0,609,378,3,375,15,2,3,1,0,0,12,0,0,0,0,0,0,0,2,8,210,0,0,0,1,0,90,0,0,0,0,0,0,31,
13,6411,גדרה,2550,8,7,0,722,559,0,559,52,3,2,1,0,0,32,0,0,0,0,0,0,0,0,16,156,0,0,0,1,0,286,1,0,0,0,0,0,9,
13,6412,גדרה,2550,9,14,0,576,476,0,476,25,0,0,0,0,0,41,0,0,0,0,0,0,0,0,16,143,0,0,0,6,0,236,0,0,0,0,0,0,9,
13,6413,גדרה,2550,10,4,0,715,502,4,498,19,23,1,0,0,0,28,0,0,0,0,0,0,0,0,8,275,0,0,0,2,0,72,0,0,0,0,0,0,70,
13,6414,גדרה,2550,11,7,0,680,521,1,520,67,1,4,1,0,0,11,0,0,0,0,0,0,0,0,18,106,1,0,0,1,0,308,0,0,0,0,0,0,2,
13,6415,גדרה,2550,12,9,0,683,523,0,523,45,3,0,1,0,0,28,0,0,0,0,0,0,0,0,13,179,0,0,0,9,0,221,1,0,0,0,0,0,23,
13,6416,גדרה,2550,13,6,0,606,455,1,454,39,4,1,1,0,0,21,0,0,0,0,0,0,0,0,16,155,0,0,0,1,0,204,0,0,0,0,0,0,12,
13,6417,גדרה,2550,14,9,0,717,519,1,518,9,13,1,0,0,0,29,0,0,0,0,0,0,0,0,2,315,0,0,0,8,0,79,1,0,0,0,0,0,61,
13,6418,גדרה,2550,15,11,0,622,480,3,477,32,4,1,2,0,0,22,0,0,0,0,0,0,0,0,17,199,1,0,0,2,0,185,0,0,0,0,0,0,12,
13,6419,גדרה,2550,16,14,0,728,604,0,604,47,6,0,0,0,0,29,0,0,0,0,0,0,0,0,14,237,0,0,0,0,0,259,0,0,1,0,0,0,11,
13,6420,גדרה,2550,17,11,0,678,493,0,493,46,1,0,0,0,0,24,0,0,0,0,0,0,0,0,15,171,0,0,0,0,0,213,0,0,0,0,0,0,23,
13,6421,גדרה,2550,18,13,0,552,313,5,308,14,5,1,0,0,0,7,0,0,0,1,0,0,0,1,5,165,0,1,0,4,1,79,0,0,0,0,0,1,23,
13,6422,גדרה,2550,19,6,0,668,513,3,510,43,1,2,0,0,0,21,0,0,0,0,0,0,0,0,8,198,0,0,0,0,0,226,1,0,0,0,0,0,10,
13,6423,גדרה,2550,20,12,0,687,546,2,544,29,5,2,1,0,0,27,0,0,0,0,0,0,0,0,16,197,0,0,0,3,0,253,0,0,0,0,0,0,11,
13,6424,גדרה,2550,21,7,0,665,465,3,462,59,4,2,0,0,0,16,0,0,0,0,0,0,0,0,14,121,1,0,0,0,0,239,1,0,0,0,0,0,5,
13,6425,גדרה,2550,22,4,0,603,437,3,434,16,6,0,0,0,0,28,0,0,0,0,0,0,0,0,4,269,0,0,0,13,0,39,0,0,0,0,0,0,59,
13,6426,גדרה,2550,23,12,0,753,591,6,585,42,4,0,0,0,0,25,0,0,0,0,0,0,0,0,19,219,0,0,0,0,0,257,0,0,0,0,0,0,19,
13,6427,גדרה,2550,24,12,0,627,478,0,478,24,1,0,0,0,0,23,0,0,0,0,0,0,0,0,22,154,0,0,0,1,0,230,0,0,0,0,0,0,23,
13,6428,גדרה,2550,25,9,0,625,497,4,493,19,5,0,1,0,0,20,0,0,0,0,0,0,0,0,27,188,0,0,0,2,0,209,0,0,0,0,0,0,22,
13,6429,גדרה,2550,26,15,0,508,375,8,367,25,4,0,1,0,0,4,2,0,0,0,0,0,0,0,132,54,0,0,0,0,0,142,0,2,0,0,0,0,1,
13,6430,גדרה,2550,27,11,0,532,426,1,425,19,1,0,0,0,0,19,0,0,0,0,0,0,0,0,10,153,1,0,0,0,0,210,1,0,0,0,0,0,11,
12,5689,גזר,370,1,1,0,385,207,1,206,61,0,8,0,0,0,1,0,0,0,0,0,0,0,0,1,19,0,0,0,0,0,116,0,0,0,0,0,0,0,
18,9396,גילת,736,1.1,1,0,511,382,3,379,15,2,0,0,0,0,29,0,0,0,0,0,0,0,0,8,222,1,0,0,2,0,81,0,0,0,0,0,0,19,
18,9397,גילת,736,1.2,1,0,510,393,1,392,12,5,0,1,0,0,32,0,0,0,0,0,0,0,0,3,239,0,0,0,3,0,80,0,0,0,0,0,0,17,
15,7517,גליל ים,346,1,1,1,352,275,0,275,77,0,7,0,0,0,3,0,0,0,0,0,0,0,0,4,10,0,0,0,1,0,165,0,0,0,0,0,0,8,
9,3848,גן שמואל,72,1,1,0,411,312,0,312,127,0,1,0,0,0,1,0,0,0,0,0,0,0,0,1,9,0,0,0,0,0,173,0,0,0,0,0,0,0,
9,3849,גן שמואל,72,2,1,0,460,362,1,361,157,0,4,0,0,0,0,0,0,0,0,0,0,0,0,2,5,0,0,0,0,0,193,0,0,0,0,0,0,0,
11,5262,גני תקווה,229,1,4,0,747,566,3,563,43,10,1,0,0,0,27,0,0,0,0,0,0,0,1,11,173,0,0,0,0,0,238,0,0,0,0,0,0,59,
11,5263,גני תקווה,229,2,1,0,722,528,4,524,26,10,3,0,0,0,22,0,0,0,0,0,0,0,0,12,219,0,0,0,5,0,200,0,0,1,0,0,0,26,
11,5264,גני תקווה,229,4,10,0,746,614,5,609,4,98,0,0,0,0,122,0,0,0,0,0,0,0,0,2,166,0,0,0,3,0,16,0,0,0,0,0,0,198,
11,5265,גני תקווה,229,5,10,0,727,533,2,531,8,25,2,0,0,0,32,0,0,0,0,0,0,0,0,20,157,0,0,0,0,0,141,0,0,0,0,0,0,146,
11,5266,גני תקווה,229,6,11,0,500,333,0,333,18,3,1,1,0,0,10,0,0,0,0,0,0,0,0,10,108,1,0,0,1,0,131,0,1,0,1,0,0,47,
11,5267,גני תקווה,229,7,2,0,618,465,1,464,46,5,1,0,0,0,16,0,0,0,0,0,0,0,0,17,115,1,0,0,0,0,237,0,0,0,0,0,0,26,
11,5268,גני תקווה,229,8,5,0,623,465,1,464,60,6,0,0,0,0,16,0,0,0,0,0,1,0,0,11,72,1,0,0,1,0,288,0,0,0,0,0,0,8,
11,5269,גני תקווה,229,9,2,0,682,489,0,489,29,4,2,0,0,0,19,0,0,0,0,0,0,0,0,10,133,1,1,0,2,0,237,0,0,0,0,0,0,51,
11,5270,גני תקווה,229,10,3,0,596,470,2,468,44,2,1,0,0,0,18,0,0,0,0,0,0,0,0,19,100,0,0,0,0,0,278,0,0,0,0,0,0,6,
11,5271,גני תקווה,229,11,4,0,626,411,3,408,20,2,0,0,0,0,19,0,0,0,0,0,0,0,1,11,167,1,0,0,1,0,93,0,0,1,0,0,0,92,
11,5272,גני תקווה,229,12,10,0,703,535,1,534,30,60,5,1,0,0,10,0,0,0,0,0,0,0,0,16,99,0,0,0,2,0,181,0,0,0,0,0,0,130,
11,5273,גני תקווה,229,13,5,0,420,325,0,325,32,2,1,0,0,0,6,0,0,0,0,0,0,0,0,11,75,0,0,0,0,0,191,0,0,0,0,0,0,7,
11,5274,גני תקווה,229,14,3,0,710,552,2,550,44,3,1,0,0,0,21,0,0,0,0,0,0,0,0,10,178,0,0,0,3,0,265,0,0,0,0,0,0,25,
11,5275,גני תקווה,229,15,3,0,686,543,1,542,53,2,1,1,0,0,7,0,0,0,0,0,0,0,0,10,94,1,0,0,0,0,372,0,0,0,0,0,0,1,
11,5276,גני תקווה,229,16,5,0,538,387,2,385,37,0,2,0,0,0,14,0,0,0,0,0,0,0,0,14,87,0,0,0,0,0,216,0,0,0,0,0,0,15,
11,5277,גני תקווה,229,17,10,0,642,518,1,517,41,1,1,0,0,0,19,0,0,0,0,0,0,0,0,14,112,1,0,0,0,0,317,0,0,0,0,0,0,11,
11,5278,גני תקווה,229,18,11,0,521,446,2,444,28,0,0,0,0,0,17,0,0,0,0,0,0,0,0,9,111,2,0,0,2,0,274,0,0,0,0,0,0,1,
11,5279,גני תקווה,229,19,11,0,522,454,2,452,17,1,2,0,0,0,12,0,0,0,0,0,0,0,0,9,70,0,0,0,0,0,337,0,0,0,0,0,0,4,
11,5280,גני תקווה,229,20,11,0,719,620,2,618,36,1,1,1,0,0,11,0,0,0,0,0,0,0,0,16,124,0,0,0,0,0,415,0,0,0,0,0,0,13,
11,5281,גני תקווה,229,21,11,0,724,611,1,610,26,11,0,2,0,0,24,0,0,0,0,0,0,0,0,31,158,1,0,0,0,0,339,0,0,0,0,1,0,17,
11,5282,גני תקווה,229,22,10,0,715,587,1,586,51,0,2,1,0,0,12,0,0,0,0,0,0,0,0,25,137,1,0,0,2,0,339,1,0,0,0,0,0,15,
11,5283,גני תקווה,229,23,10,0,760,614,1,613,51,1,2,1,0,0,14,0,0,0,0,0,0,0,0,17,139,0,0,0,0,0,383,0,0,0,0,0,0,5,
11,5284,גני תקווה,229,24,11,0,490,431,0,431,33,5,2,0,0,0,8,0,0,0,0,0,0,0,0,10,87,0,0,0,1,0,270,0,0,0,0,0,0,15,
4,1378,דגניה א,62,1,1,0,512,341,1,340,96,0,0,1,0,0,2,0,0,0,0,0,0,0,0,8,22,0,0,0,0,0,210,0,0,0,0,0,0,1,
17,9148,דורות,336,1,1,0,554,408,0,408,120,1,2,0,0,0,9,0,0,0,0,0,0,0,0,4,32,1,0,0,1,0,235,0,0,0,0,0,0,3,
5,1491,דחי,475,1,1,0,511,292,4,288,3,0,276,0,0,0,1,0,0,0,0,0,0,0,0,0,3,0,0,0,0,0,4,0,0,0,0,0,0,1,
9,3763,הבונים,675,1,2,0,300,205,0,205,43,0,1,0,0,0,2,0,0,0,0,0,0,0,0,4,14,0,0,0,0,0,141,0,0,0,0,0,0,0,
19,10450,הוד השרון,9700,1,7,0,748,568,0,568,56,4,1,1,0,0,11,0,1,0,0,0,0,0,0,15,120,2,0,0,1,0,344,0,0,0,0,0,0,12,
19,10451,הוד השרון,9700,2,18,0,664,496,3,493,60,2,5,1,0,0,12,0,0,0,0,0,0,0,0,18,105,0,0,0,0,0,274,0,0,0,0,0,0,16,
19,10452,הוד השרון,9700,3,26,0,786,624,1,623,54,0,2,0,0,0,14,0,0,0,0,0,0,1,0,21,97,0,0,0,1,1,426,0,0,0,0,0,0,6,
19,10453,הוד השרון,9700,4,26,0,686,477,2,475,25,4,0,0,0,0,14,0,0,0,0,0,0,0,0,14,238,0,0,0,1,0,112,0,0,0,0,0,0,67,
19,10454,הוד השרון,9700,5,9,0,604,471,1,470,46,1,2,0,0,0,11,0,0,0,0,0,0,0,0,15,114,0,0,0,1,0,250,0,0,0,0,0,0,30,
19,10455,הוד השרון,9700,6,3,0,553,405,3,402,45,3,0,0,0,0,17,0,0,0,0,0,0,0,0,2,153,1,0,0,1,0,145,0,0,0,0,0,0,35,
19,10456,הוד השרון,9700,7,3,0,498,356,1,355,43,4,0,0,0,0,13,1,0,0,0,0,0,0,0,8,124,0,0,0,2,0,145,0,0,0,0,0,0,15,
19,10457,הוד השרון,9700,8,3,0,654,453,5,448,33,4,1,0,0,0,12,0,0,0,0,0,0,0,0,3,207,0,0,0,0,0,159,0,0,0,0,0,1,28,
19,10459,הוד השרון,9700,10,20,0,699,459,2,457,39,8,1,0,0,0,10,0,0,0,0,0,0,0,0,17,115,0,0,0,2,0,246,0,0,0,0,0,0,19,
19,10460,הוד השרון,9700,11,11,0,544,403,1,402,45,0,4,0,0,0,9,0,0,0,0,0,0,0,0,13,81,1,0,0,0,0,244,0,0,0,0,0,0,5,
19,10461,הוד השרון,9700,12,24,0,672,564,2,562,69,3,1,1,0,0,9,0,0,0,0,0,0,0,0,22,80,1,0,0,0,0,372,0,0,0,0,0,0,4,
19,10462,הוד השרון,9700,13,21,0,666,505,0,505,55,1,1,0,0,0,10,0,0,0,0,0,0,0,0,15,90,0,0,0,0,0,326,0,0,0,0,0,0,7,
19,10463,הוד השרון,9700,14,4,0,650,500,1,499,55,0,2,1,0,0,10,0,0,0,0,0,0,0,0,15,90,0,0,0,0,0,308,0,0,0,0,0,0,18,
19,10464,הוד השרון,9700,15,13,0,580,448,1,447,30,7,1,0,0,0,19,0,0,0,0,0,0,0,0,5,230,0,0,0,2,0,116,0,0,0,0,0,0,37,
19,10465,הוד השרון,9700,16,7,0,744,514,2,512,50,2,3,0,0,0,9,0,0,0,0,0,0,0,0,19,114,0,1,0,0,0,302,0,0,0,1,0,0,11,
19,10466,הוד השרון,9700,17,4,0,561,441,2,439,32,16,2,0,0,0,10,0,0,0,0,0,0,0,0,6,156,0,0,0,3,0,175,0,0,0,0,0,0,39,
19,10467,הוד השרון,9700,18,20,0,630,438,1,437,59,4,1,0,0,0,10,0,0,0,0,0,0,0,0,6,76,0,0,0,0,0,278,0,0,0,0,0,0,3,
19,10468,הוד השרון,9700,19,20,0,488,369,2,367,40,1,2,0,0,0,11,0,0,0,0,0,0,0,0,16,63,1,0,0,2,0,228,0,0,0,0,0,0,3,
19,10469,הוד השרון,9700,20,18,0,636,467,1,466,45,4,0,0,0,0,18,0,0,0,0,0,0,0,0,22,125,0,0,0,0,0,234,0,0,0,0,0,0,18,
19,10470,הוד השרון,9700,21,17,0,645,437,1,436,49,3,0,1,0,0,7,0,0,0,0,0,0,0,1,21,89,0,0,0,0,1,257,0,0,0,0,0,0,7,
19,10471,הוד השרון,9700,22,19,0,740,570,1,569,52,1,0,1,0,0,14,0,0,0,1,0,0,0,0,31,142,1,0,0,1,0,318,0,0,0,0,0,0,7,
19,10472,הוד השרון,9700,23,13,0,548,392,1,391,26,4,2,0,0,0,9,0,0,0,0,0,0,0,0,6,226,1,0,0,2,0,91,0,0,0,0,0,0,24,
19,10473,הוד השרון,9700,24,7,0,752,607,2,605,58,6,2,0,0,0,10,0,0,0,0,0,0,0,0,22,87,1,0,0,0,0,415,1,0,0,0,0,0,3,
19,10474,הוד השרון,9700,25,6,0,757,581,4,577,48,7,1,0,0,0,13,0,0,0,0,0,0,0,0,16,144,0,1,0,0,0,335,0,0,0,0,0,0,12,
19,10475,הוד השרון,9700,26,17,0,698,491,1,490,51,3,1,2,0,0,6,0,0,0,1,0,0,0,0,14,109,0,0,0,3,1,292,0,0,0,0,0,0,7,
19,10476,הוד השרון,9700,27,5,0,680,506,3,503,55,0,1,0,0,0,17,0,0,0,0,0,0,0,0,10,126,0,0,0,0,0,288,0,0,0,0,0,0,6,
19,10477,הוד השרון,9700,28,18,0,692,452,2,450,61,0,0,3,0,0,5,0,0,0,0,0,0,0,0,19,91,2,0,0,0,0,264,0,0,0,0,0,0,5,
19,10478,הוד השרון,9700,29,5,0,745,574,2,572,58,4,0,1,0,0,8,0,0,0,0,0,0,0,0,18,132,1,0,0,0,0,333,0,0,0,0,0,0,17,
19,10479,הוד השרון,9700,30,7,0,714,477,2,475,53,2,1,1,0,0,13,0,0,0,0,0,0,0,0,15,106,0,0,0,1,0,279,0,0,0,0,0,0,4,
19,10480,הוד השרון,9700,31,14,0,735,424,0,424,35,7,1,0,0,0,14,0,0,0,0,0,0,0,0,20,161,1,0,0,4,0,152,0,0,0,0,0,0,29,
19,10481,הוד השרון,9700,32,5,0,711,519,0,519,71,2,2,0,0,0,9,0,0,0,0,0,0,1,0,13,130,5,0,0,0,0,280,0,0,0,0,0,0,6,
19,10482,הוד השרון,9700,33,23,0,780,586,0,586,52,1,0,0,0,0,9,0,0,0,0,0,0,0,0,20,107,0,0,0,1,0,394,0,0,0,0,0,0,2,
19,10483,הוד השרון,9700,34,17,0,666,521,1,520,63,0,1,2,0,0,10,0,0,0,0,0,0,0,0,13,86,0,0,0,0,0,340,0,0,0,0,0,0,5,
19,10484,הוד השרון,9700,35,10,0,729,543,2,541,44,1,4,0,0,0,21,0,0,0,0,0,0,0,0,6,237,0,0,0,2,0,189,0,0,0,0,0,0,37,
19,10485,הוד השרון,9700,36,12,0,684,531,0,531,73,1,1,1,0,0,12,0,0,0,0,0,0,0,0,14,91,0,0,0,1,0,334,0,0,0,1,0,0,2,
19,10486,הוד השרון,9700,37,12,0,489,372,0,372,34,0,1,0,0,0,7,0,0,0,0,0,0,0,0,6,68,0,0,0,0,0,255,0,0,0,0,0,0,1,
19,10487,הוד השרון,9700,38,5,0,745,602,0,602,56,0,1,1,0,0,9,0,0,0,0,0,0,0,0,25,120,0,0,0,0,0,383,0,0,0,0,0,0,7,
19,10488,הוד השרון,9700,39,23,0,643,491,2,489,50,0,1,0,0,0,8,0,0,0,0,0,0,0,1,5,54,0,0,0,0,0,369,0,0,0,0,0,0,1,
19,10489,הוד השרון,9700,40,25,0,518,449,0,449,41,0,3,0,0,0,8,0,0,0,0,0,0,0,0,13,82,0,0,0,0,0,291,0,0,0,0,0,0,11,
19,10490,הוד השרון,9700,41,18,0,765,535,1,534,47,1,3,0,0,0,21,0,0,0,0,0,0,0,0,17,161,1,0,0,1,0,262,1,0,0,0,0,0,19,
19,10491,הוד השרון,9700,42,21,0,608,472,2,470,48,0,5,0,0,0,13,0,0,0,0,0,0,0,0,9,89,0,0,0,0,0,298,0,0,0,0,0,0,8,
19,10492,הוד השרון,9700,43,1,0,552,435,3,432,42,1,1,0,0,0,5,0,0,0,0,0,0,0,0,18,109,0,0,0,0,0,249,0,0,0,0,0,0,7,
19,10493,הוד השרון,9700,44,19,0,742,619,3,616,61,1,1,0,0,0,15,0,0,0,0,0,0,0,0,24,81,1,0,0,0,0,426,0,0,0,0,0,0,6,
19,10494,הוד השרון,9700,45,7,0,694,528,1,527,66,0,4,0,0,0,8,0,0,0,0,0,0,0,0,11,83,0,0,0,1,0,344,0,0,2,0,0,0,8,
19,10495,הוד השרון,9700,46,28,0,493,387,0,387,48,0,3,0,0,0,6,0,0,0,0,0,0,0,0,18,48,0,0,0,0,0,263,0,0,0,0,0,0,1,
19,10496,הוד השרון,9700,47,12,0,632,506,1,505,52,0,1,0,0,0,5,0,0,0,0,0,0,0,0,8,74,1,0,0,0,0,362,0,0,1,0,0,0,1,
19,10497,הוד השרון,9700,49,4,0,725,491,3,488,28,3,1,0,0,0,11,0,0,0,0,0,0,0,0,19,231,0,0,0,2,0,141,0,0,0,0,0,0,52,
19,10498,הוד השרון,9700,50.1,27,0,333,244,3,241,36,0,1,0,0,0,4,0,0,0,0,0,0,0,0,5,32,0,0,0,0,0,163,0,0,0,0,0,0,0,
19,10499,הוד השרון,9700,50.2,27,0,318,258,1,257,30,1,1,0,0,0,5,0,0,0,0,1,0,0,0,3,36,0,1,1,2,0,175,0,0,1,0,0,0,0,
19,10500,הוד השרון,9700,51,13,0,610,460,2,458,46,7,0,0,0,0,7,0,0,0,0,0,0,0,0,10,165,0,0,0,0,0,200,0,0,0,0,0,0,23,
19,10501,הוד השרון,9700,52,14,0,680,467,1,466,38,3,0,2,0,0,22,0,0,0,0,0,0,0,0,12,137,0,0,0,5,0,235,0,0,0,0,0,0,12,
19,10502,הוד השרון,9700,53,17,0,621,476,1,475,62,1,4,0,0,0,19,0,0,0,0,0,0,0,0,8,91,0,0,0,0,0,290,0,0,0,0,0,0,0,
19,10503,הוד השרון,9700,54,23,0,659,437,2,435,24,0,1,0,0,0,1,0,0,0,0,0,0,0,0,99,81,1,0,0,0,0,227,0,0,0,0,0,0,1,
19,10504,הוד השרון,9700,55,19,0,693,562,0,562,57,5,1,1,0,0,18,0,0,0,0,0,0,0,1,7,131,0,0,0,1,0,324,0,0,0,0,0,1,15,
19,10505,הוד השרון,9700,56,4,0,498,375,2,373,33,4,1,0,0,0,7,0,0,0,0,0,0,0,0,1,91,0,0,0,3,0,181,0,0,0,0,0,0,52,
19,10506,הוד השרון,9700,57,18,0,560,440,5,435,57,1,2,0,0,0,4,0,0,0,0,0,0,0,0,7,116,0,0,0,1,0,234,0,0,0,0,0,0,13,
19,10507,הוד השרון,9700,58,1,0,603,472,0,472,35,3,0,1,0,0,23,0,0,0,0,0,0,0,0,8,148,0,0,0,2,0,244,0,0,0,0,0,0,8,
19,10508,הוד השרון,9700,59,21,0,570,407,0,407,45,0,5,0,0,0,25,0,0,0,0,0,0,0,0,10,90,0,0,0,0,0,225,0,0,0,0,0,0,7,
19,10509,הוד השרון,9700,60,26,0,614,429,2,427,29,6,0,0,0,0,15,0,0,0,0,0,0,0,0,13,187,1,0,0,1,0,145,0,0,0,0,0,0,30,
19,10510,הוד השרון,9700,61,26,0,644,477,0,477,64,1,4,1,0,0,9,0,0,0,0,0,0,0,0,6,56,0,0,0,0,0,332,1,0,0,0,0,0,3,
19,10511,הוד השרון,9700,62,19,0,763,646,1,645,58,2,2,0,0,0,14,0,0,0,0,0,0,0,0,25,99,0,0,0,0,0,440,0,1,0,0,0,0,4,
19,10512,הוד השרון,9700,63,10,0,729,550,2,548,59,1,1,0,0,0,17,0,0,0,0,0,0,0,0,18,118,0,0,0,1,0,324,0,0,0,0,0,0,9,
19,10513,הוד השרון,9700,64,25,0,596,498,2,496,38,1,0,0,0,0,13,0,0,0,0,0,0,0,0,15,95,0,0,0,0,0,331,0,0,0,0,0,0,3,
19,10514,הוד השרון,9700,65,25,0,526,455,0,455,33,1,0,0,0,0,6,0,0,0,0,0,0,0,0,19,62,1,0,0,0,0,333,0,0,0,0,0,0,0,
19,10515,הוד השרון,9700,66,7,0,637,485,2,483,48,3,2,0,0,0,12,0,0,0,0,0,0,0,0,14,88,0,0,0,1,0,308,0,0,0,0,0,0,7,
19,10516,הוד השרון,9700,67,24,0,621,514,1,513,41,1,2,0,0,0,19,0,0,0,0,0,0,0,0,11,107,2,0,0,0,0,328,0,0,0,0,0,0,2,
19,10517,הוד השרון,9700,68,9,0,628,502,0,502,41,1,0,0,0,0,10,0,0,0,0,0,0,0,0,10,91,0,0,1,1,0,345,0,0,0,0,0,0,2,
19,10518,הוד השרון,9700,69,25,0,642,554,0,554,40,1,2,0,0,0,17,0,0,0,0,0,0,0,0,27,104,1,1,0,0,0,358,0,0,1,0,0,0,2,
19,10519,הוד השרון,9700,70,24,0,760,620,2,618,37,1,0,0,0,0,12,0,0,0,0,0,0,0,0,16,147,0,1,0,1,0,396,0,0,0,0,0,0,7,
19,10520,הוד השרון,9700,71,1,0,574,450,3,447,54,0,0,2,0,0,9,0,0,0,0,0,0,0,0,15,103,1,0,0,2,0,248,1,0,0,0,0,0,12,
19,10521,הוד השרון,9700,72,25,0,609,498,0,498,30,0,2,0,0,0,21,0,0,0,0,0,0,0,0,17,80,0,0,0,0,0,342,0,0,0,0,0,0,6,
15,7518,הרצליה,6400,1,8,0,484,289,1,288,7,1,0,1,0,0,3,0,0,0,0,0,0,1,0,55,127,0,0,0,1,0,65,0,0,0,0,0,0,27,
15,7519,הרצליה,6400,2,4,0,485,304,0,304,4,6,0,0,0,0,8,0,0,0,0,0,0,0,0,14,157,2,0,0,1,0,60,0,0,0,0,0,0,52,
15,7520,הרצליה,6400,3,47,0,624,425,0,425,48,21,5,0,0,0,25,0,0,0,0,0,0,0,0,6,108,0,0,0,1,0,196,0,0,0,0,0,3,12,
15,7521,הרצליה,6400,4,9,1,790,554,3,551,47,12,2,0,0,0,22,0,0,0,0,0,0,1,0,22,176,0,0,0,2,0,227,0,0,0,0,0,0,40,
15,7522,הרצליה,6400,5,9,0,673,472,2,470,35,9,0,0,0,0,8,0,0,0,0,0,0,0,0,7,217,0,0,0,0,0,158,0,0,0,0,0,0,36,
15,7523,הרצליה,6400,6,6,0,720,537,4,533,34,16,4,2,0,0,13,0,0,0,0,0,1,0,1,19,199,0,0,0,3,0,186,0,0,0,0,0,0,55,
15,7524,הרצליה,6400,7,47,0,508,328,5,323,12,2,0,1,0,0,3,0,0,0,0,0,0,0,0,28,183,6,0,0,2,0,51,0,0,0,0,0,0,35,
15,7525,הרצליה,6400,8,8,0,513,296,4,292,6,7,0,0,0,0,8,0,0,0,0,0,0,0,0,58,122,0,0,0,2,0,60,0,0,0,0,0,0,29,
15,7526,הרצליה,6400,9,4,0,624,353,1,352,17,7,1,1,0,0,7,0,0,0,1,0,0,0,0,46,143,1,0,0,0,0,93,0,0,0,0,0,0,35,
15,7527,הרצליה,6400,10,47,0,630,372,2,370,28,9,1,0,0,0,6,1,0,0,0,0,0,0,0,47,139,1,0,0,3,0,104,0,0,0,0,0,0,31,
15,7528,הרצליה,6400,11,9,0,750,542,2,540,41,1,3,0,0,0,17,0,0,0,0,0,0,0,0,30,193,0,0,0,2,0,217,0,0,0,0,0,0,36,
15,7529,הרצליה,6400,17,6,0,617,425,1,424,36,14,1,0,0,0,19,0,0,0,0,0,0,0,0,26,185,0,0,0,1,0,114,0,0,0,0,0,0,28,
15,7530,הרצליה,6400,18,19,0,415,292,0,292,31,3,2,0,0,0,8,0,0,0,0,0,0,0,0,5,37,0,0,0,2,0,202,0,0,0,0,0,0,2,
15,7531,הרצליה,6400,19,6,0,532,393,2,391,30,22,2,0,0,0,17,0,0,0,0,0,0,0,0,3,174,0,0,0,7,0,107,1,0,0,0,0,0,28,
15,7532,הרצליה,6400,20,6,0,727,517,3,514,38,25,1,0,0,0,20,0,0,0,0,0,0,0,0,14,194,0,0,0,2,0,181,0,0,0,0,0,0,39,
15,7533,הרצליה,6400,21,25,0,642,456,1,455,14,37,2,1,0,0,34,0,0,0,0,0,0,0,0,7,182,0,0,0,3,0,117,0,0,0,0,0,0,58,
15,7534,הרצליה,6400,22,6,0,500,341,2,339,12,26,1,0,0,0,6,0,0,0,0,0,0,1,0,5,178,0,0,0,3,0,48,0,0,0,0,0,0,59,
15,7535,הרצליה,6400,23,6,0,665,502,1,501,39,20,1,0,0,0,18,0,0,0,0,0,0,0,0,14,227,0,0,0,2,0,151,0,0,1,0,0,1,27,
15,7536,הרצליה,6400,24,22,0,570,409,0,409,25,2,0,1,0,0,7,0,0,0,0,0,0,0,0,26,148,1,0,0,1,0,170,0,0,0,0,0,0,28,
15,7537,הרצליה,6400,25,10,0,519,323,1,322,33,0,0,1,0,0,12,0,0,0,0,0,0,0,0,27,91,0,0,0,0,0,151,0,0,0,0,0,0,7,
15,7538,הרצליה,6400,26,21,0,570,372,2,370,26,7,0,0,0,0,10,0,0,0,0,0,0,0,0,29,131,0,0,0,2,0,145,0,0,0,0,0,0,20,
15,7539,הרצליה,6400,27,36,0,637,438,1,437,51,6,0,1,0,0,3,0,0,0,0,1,0,0,0,16,122,0,0,0,0,0,230,0,0,0,0,0,0,7,
15,7540,הרצליה,6400,28,19,0,595,452,1,451,47,2,0,0,0,0,10,0,0,0,0,0,0,0,0,11,53,0,0,0,0,0,328,0,0,0,0,0,0,0,
15,7541,הרצליה,6400,29,25,0,748,532,2,530,44,8,1,0,0,0,23,0,0,0,0,0,2,0,0,11,162,0,0,0,2,0,244,0,0,0,0,0,0,33,
15,7542,הרצליה,6400,30,19,0,488,365,1,364,35,4,1,3,0,0,5,0,0,0,0,0,0,0,0,12,80,0,0,0,0,0,220,0,0,0,0,0,0,4,
15,7543,הרצליה,6400,31,19,0,540,422,1,421,52,1,2,0,0,0,3,0,0,0,0,0,0,0,0,5,61,0,0,0,0,0,293,0,0,0,0,0,0,4,
15,7544,הרצליה,6400,32,19,0,604,433,1,432,38,1,2,0,0,0,13,0,0,0,0,0,0,0,0,1,63,0,0,0,0,0,311,0,0,0,0,0,0,3,
15,7545,הרצליה,6400,33,12,0,659,489,3,486,52,0,3,3,0,0,14,0,0,0,0,0,0,0,0,17,137,0,1,0,1,0,245,0,0,0,0,0,0,13,
15,7546,הרצליה,6400,34,36,0,689,484,0,484,74,3,4,0,0,0,6,0,0,0,0,0,0,0,0,13,58,0,0,0,0,0,324,0,0,0,0,0,0,2,
15,7547,הרצליה,6400,35,22,0,621,443,1,442,35,3,0,0,0,0,5,0,0,0,0,0,0,0,0,20,171,0,0,0,2,0,181,0,0,0,0,0,0,25,
15,7548,הרצליה,6400,36,2,0,616,440,3,437,36,4,4,2,0,0,8,0,0,0,0,0,0,0,0,12,165,0,0,0,1,0,164,0,0,0,0,0,0,41,
15,7549,הרצליה,6400,37,21,0,669,401,1,400,35,1,1,0,0,0,10,0,0,0,0,0,0,0,0,26,121,0,0,0,0,0,190,0,0,0,0,0,0,16,
15,7550,הרצליה,6400,38,12,0,571,366,0,366,48,2,4,1,0,0,5,0,0,0,0,0,0,0,0,18,69,0,0,0,0,0,213,0,0,0,0,0,0,6,
15,7551,הרצליה,6400,39,12,0,719,505,3,502,52,8,0,1,0,0,14,0,0,0,0,0,0,0,0,22,122,0,0,0,0,0,280,1,0,0,0,0,0,2,
15,7552,הרצליה,6400,41,36,0,581,371,0,371,26,3,2,2,0,0,6,0,0,0,0,0,0,0,0,15,95,0,0,0,3,1,206,0,0,0,0,0,0,12,
15,7553,הרצליה,6400,42,22,0,692,470,2,468,54,0,2,0,0,0,10,0,0,0,0,0,0,0,0,8,67,1,0,0,0,0,323,0,0,0,0,0,1,2,
15,7554,הרצליה,6400,43,12,0,590,397,0,397,39,1,3,0,0,0,4,0,0,0,0,0,0,0,0,11,67,0,0,0,0,0,271,0,0,0,0,0,0,1,
15,7555,הרצליה,6400,44,2,0,462,334,0,334,29,6,2,1,0,0,6,0,0,0,0,0,0,0,0,3,69,0,0,0,3,0,204,0,0,0,0,0,0,11,
15,7556,הרצליה,6400,45,10,0,707,430,4,426,47,3,2,0,0,0,12,0,0,0,0,0,1,0,0,19,133,0,0,0,5,0,192,0,0,0,0,0,0,12,
15,7557,הרצליה,6400,46,21,0,561,391,0,391,30,6,3,0,0,0,13,0,0,0,0,0,0,0,0,16,126,0,0,0,1,0,182,1,0,0,0,0,0,13,
15,7558,הרצליה,6400,47,21,0,628,377,3,374,25,4,0,0,0,0,13,0,0,0,0,0,0,0,0,23,145,0,0,0,1,0,143,0,0,0,0,0,0,20,
15,7559,הרצליה,6400,48,10,1,557,359,1,358,32,3,2,0,0,0,15,0,0,0,1,0,0,0,0,51,90,1,0,0,1,0,155,1,0,0,0,0,0,6,
15,7560,הרצליה,6400,49,21,0,519,334,2,332,21,6,2,0,0,0,11,0,0,0,0,0,0,0,0,15,115,0,0,0,1,0,147,0,0,0,0,0,0,14,
15,7561,הרצליה,6400,50,3,0,679,384,0,384,22,1,2,0,0,0,10,0,0,0,1,0,0,0,0,20,151,0,0,0,1,0,155,0,0,0,0,0,0,21,
15,7562,הרצליה,6400,51.1,14,0,604,408,3,405,32,8,0,0,0,0,18,0,0,0,0,0,0,0,0,22,111,0,0,0,3,0,199,0,1,0,0,0,0,11,
15,7563,הרצליה,6400,51.2,14,0,604,397,0,397,40,8,2,2,0,0,22,0,0,0,0,0,0,0,0,23,91,0,0,0,0,0,199,0,0,0,0,0,0,10,
15,7564,הרצליה,6400,51.3,14,0,604,418,0,418,30,4,2,0,0,0,19,0,0,0,0,0,0,0,0,19,131,1,0,0,0,0,199,0,0,0,0,0,0,13,
15,7565,הרצליה,6400,51.4,14,0,604,399,2,397,27,3,0,0,0,0,10,0,0,0,0,0,0,0,0,21,119,0,0,0,0,0,203,0,0,1,0,0,0,13,
15,7566,הרצליה,6400,51.5,14,0,604,382,4,378,37,6,1,0,0,0,25,0,0,0,0,0,0,0,0,20,88,0,0,0,1,0,189,0,0,0,0,0,0,11,
15,7567,הרצליה,6400,51.6,14,0,602,391,2,389,34,17,1,1,0,0,22,0,0,0,0,0,0,0,0,6,105,1,0,0,2,0,192,0,0,0,0,0,1,7,
15,7568,הרצליה,6400,53.1,15,0,642,440,1,439,42,9,2,1,0,0,21,0,0,0,0,0,0,0,0,8,152,0,0,0,2,0,178,0,0,0,0,0,1,23,
15,7569,הרצליה,6400,53.2,15,0,642,428,2,426,41,14,2,0,0,0,18,0,0,0,0,0,0,0,0,27,107,2,0,0,1,0,201,0,0,0,0,0,0,13,
15,7570,הרצליה,6400,53.3,15,0,642,423,1,422,36,13,1,1,0,0,16,0,0,0,0,0,0,0,0,22,134,0,2,0,0,0,183,0,0,0,0,0,0,14,
15,7571,הרצליה,6400,53.4,15,0,642,420,1,419,27,14,0,0,0,0,20,0,0,0,0,0,0,0,0,23,141,0,0,0,5,0,171,0,0,0,0,0,0,18,
15,7572,הרצליה,6400,53.5,15,0,641,425,0,425,43,5,2,0,0,0,14,0,0,0,0,0,0,0,0,20,99,0,0,0,0,0,229,0,0,0,0,1,0,12,
15,7573,הרצליה,6400,54,21,0,526,350,0,350,30,4,3,0,0,0,7,0,0,0,0,0,0,0,0,18,98,0,0,0,0,0,178,0,0,1,0,0,0,11,
15,7574,הרצליה,6400,59.1,16,0,600,407,3,404,42,3,1,2,0,0,6,0,0,0,0,0,0,0,0,9,98,1,0,0,0,0,234,0,0,0,0,0,0,8,
15,7575,הרצליה,6400,59.2,16,0,600,421,1,420,42,0,4,0,0,0,9,0,0,0,0,0,0,0,0,12,69,0,0,0,0,0,280,0,0,0,0,0,0,4,
15,7576,הרצליה,6400,59.3,16,0,600,437,2,435,47,1,0,1,1,0,8,0,0,0,0,0,0,0,0,22,91,0,0,0,0,0,258,0,0,0,0,0,0,6,
15,7577,הרצליה,6400,59.4,16,0,600,422,1,421,28,1,2,0,0,0,18,0,0,0,0,0,0,0,0,27,97,0,0,0,1,0,239,1,0,0,0,0,0,7,
15,7578,הרצליה,6400,59.5,16,0,600,398,0,398,52,4,2,0,0,0,10,0,0,0,0,0,0,0,0,10,69,1,0,0,0,0,245,0,0,0,0,0,0,5,
15,7579,הרצליה,6400,59.6,16,0,595,406,1,405,48,1,3,0,0,0,14,0,0,0,0,0,0,0,0,9,75,1,0,0,0,0,249,0,0,0,0,0,2,3,
15,7580,הרצליה,6400,60,3,0,618,394,0,394,33,5,3,0,0,0,14,0,0,0,0,0,0,0,0,35,91,1,0,0,0,0,200,0,0,0,0,0,0,12,
15,7581,הרצליה,6400,61,7,0,527,327,0,327,34,3,1,0,0,0,8,0,0,0,0,0,0,0,0,7,75,0,0,0,0,0,193,2,0,0,0,0,0,4,
15,7582,הרצליה,6400,62,5,0,717,461,2,459,52,8,4,0,0,0,8,0,0,0,0,0,0,0,0,18,116,0,0,1,0,0,233,0,0,0,2,0,0,17,
15,7583,הרצליה,6400,63,11,0,662,480,0,480,68,5,5,0,0,0,12,0,0,0,0,0,0,0,0,20,82,0,0,0,0,0,282,0,0,0,0,0,0,6,
15,7584,הרצליה,6400,66,5,0,486,347,2,345,41,1,4,1,0,0,7,0,0,0,0,0,0,0,0,9,76,0,0,0,0,0,204,0,0,0,0,0,0,2,
15,7585,הרצליה,6400,67,24,0,529,371,0,371,37,2,1,1,0,0,10,0,0,0,0,0,0,0,0,6,120,1,0,0,0,0,184,0,0,0,0,0,0,9,
15,7586,הרצליה,6400,68,32,0,402,275,3,272,17,4,2,0,0,0,9,0,0,0,0,0,0,0,0,8,93,0,0,0,0,0,126,0,0,0,0,0,0,13,
15,7587,הרצליה,6400,70.1,46,0,635,492,1,491,48,0,0,0,0,0,7,0,0,0,0,0,0,0,0,4,97,0,0,0,0,0,331,1,0,0,0,0,0,3,
15,7588,הרצליה,6400,70.2,46,0,635,504,0,504,46,0,5,1,0,0,10,0,0,0,0,0,0,0,0,8,126,1,0,0,1,0,302,0,0,0,0,0,0,4,
15,7589,הרצליה,6400,70.3,46,0,634,490,3,487,40,1,2,1,0,0,16,0,0,0,0,0,0,0,0,17,74,0,0,0,0,0,335,0,0,0,0,0,0,1,
15,7590,הרצליה,6400,71,17,0,656,447,2,445,52,3,0,2,0,0,4,0,0,0,0,0,0,0,0,8,110,0,0,0,2,0,254,0,0,0,0,0,0,10,
15,7591,הרצליה,6400,72,1,0,554,379,1,378,44,0,5,1,0,0,3,0,0,0,0,0,0,0,0,15,67,0,1,0,0,0,238,0,0,0,0,0,0,4,
15,7592,הרצליה,6400,73,1,0,530,320,0,320,26,7,3,0,0,0,13,0,0,0,0,0,0,0,0,13,121,0,1,0,2,0,112,0,0,0,0,0,0,22,
15,7593,הרצליה,6400,74,10,0,545,341,3,338,22,6,0,2,0,0,6,0,0,0,0,0,0,0,0,13,129,1,0,0,0,0,141,0,1,0,1,0,0,16,
15,7594,הרצליה,6400,75,5,0,620,402,0,402,30,1,2,0,0,0,9,0,0,0,0,0,0,0,0,10,77,0,0,0,0,0,267,1,0,0,0,0,0,5,
15,7595,הרצליה,6400,76,11,0,518,383,0,383,36,3,1,0,0,0,11,0,0,0,0,0,0,0,0,11,65,0,0,0,2,0,251,0,0,0,0,0,0,3,
15,7596,הרצליה,6400,77,11,0,588,439,1,438,55,0,3,1,0,0,15,0,0,0,0,0,0,0,0,16,63,1,0,0,0,0,283,0,0,0,0,0,0,1,
15,7597,הרצליה,6400,78,7,0,589,403,0,403,53,3,2,0,1,0,12,0,0,0,0,0,0,0,0,16,79,0,0,0,1,0,231,0,0,0,0,0,0,5,
15,7598,הרצליה,6400,79,11,0,662,493,0,493,54,1,1,0,0,0,13,0,0,0,0,0,0,0,0,19,105,2,0,0,0,0,277,0,0,0,0,0,0,21,
15,7599,הרצליה,6400,80,1,0,590,347,1,346,39,0,1,0,0,0,8,0,0,0,0,0,0,0,0,21,78,0,0,0,1,0,174,0,0,0,0,0,0,24,
15,7600,הרצליה,6400,83,44,0,686,443,1,442,41,2,2,0,0,0,17,0,0,0,0,0,0,0,0,8,97,0,0,0,0,0,273,0,0,0,0,0,0,2,
15,7601,הרצליה,6400,84,51,0,721,453,1,452,54,2,5,0,0,0,5,0,0,0,0,0,0,0,0,10,93,2,0,0,1,0,275,0,0,0,0,0,0,5,
15,7602,הרצליה,6400,85,51,0,711,433,2,431,37,6,3,0,0,0,6,0,0,0,0,0,0,0,0,7,128,1,0,0,1,0,215,0,0,0,0,0,0,27,
15,7603,הרצליה,6400,86,13,0,652,399,3,396,38,5,2,0,0,0,10,0,0,0,0,0,0,0,0,7,123,0,0,0,1,0,202,0,0,0,0,0,0,8,
15,7604,הרצליה,6400,87,13,0,726,385,1,384,31,3,6,1,0,0,16,0,0,0,0,0,0,0,0,11,89,0,0,0,0,0,220,0,0,0,0,0,0,7,
15,7605,הרצליה,6400,88,44,0,616,410,2,408,31,1,1,0,0,0,11,0,0,0,0,0,0,0,1,13,106,0,0,0,1,0,232,0,0,0,0,0,0,11,
15,7606,הרצליה,6400,90,18,0,653,359,1,358,18,3,1,0,0,0,5,0,0,0,0,0,0,0,0,12,105,0,0,0,1,0,207,0,0,0,0,0,0,6,
15,7607,הרצליה,6400,91,24,0,635,474,0,474,40,2,0,0,0,0,9,0,0,1,0,0,0,0,0,5,80,1,0,0,0,0,331,0,0,0,0,0,0,5,
15,7608,הרצליה,6400,92,10,0,463,282,0,282,24,2,2,2,0,0,8,0,0,0,0,0,0,0,1,15,83,0,0,0,0,0,131,0,0,0,0,0,0,14,
15,7609,הרצליה,6400,93,24,0,639,449,0,449,53,7,0,2,0,0,8,0,0,0,0,0,0,0,0,21,121,0,0,0,0,0,223,0,0,0,0,0,0,14,
15,7610,הרצליה,6400,94,18,0,610,399,1,398,40,4,0,0,0,0,12,0,0,0,0,0,0,0,0,16,101,1,0,0,0,0,216,0,1,0,0,0,0,7,
15,7611,הרצליה,6400,96,5,0,708,437,1,436,40,11,2,1,0,0,12,0,0,0,0,0,0,0,0,28,123,0,0,0,1,0,204,0,0,0,0,0,0,14,
15,7612,הרצליה,6400,97,54,0,726,546,0,546,34,2,3,1,0,0,17,0,0,0,0,0,0,0,0,26,143,0,0,0,0,0,313,0,0,0,0,0,0,7,
15,7613,הרצליה,6400,98,50,0,600,418,0,418,34,1,1,0,0,0,5,0,0,0,0,0,0,0,0,13,65,0,1,0,0,0,289,0,0,0,0,0,0,9,
15,7614,הרצליה,6400,99,7,0,537,326,2,324,33,5,1,1,0,0,8,0,0,0,0,0,0,0,0,16,93,0,0,0,0,0,158,0,0,0,0,0,0,9,
15,7615,הרצליה,6400,101,44,0,568,355,3,352,34,1,3,0,0,0,12,0,0,0,0,0,0,0,0,1,77,0,0,0,0,0,222,0,0,0,0,0,0,2,
15,7616,הרצליה,6400,102,49,0,645,309,1,308,11,0,1,0,0,0,8,0,0,0,0,0,0,0,0,6,98,0,0,1,0,0,167,0,0,0,0,0,1,15,
15,7617,הרצליה,6400,103,48,0,754,384,0,384,19,3,3,0,0,0,19,0,0,0,0,0,0,0,0,20,123,0,0,0,0,0,178,0,0,0,0,0,0,19,
15,7618,הרצליה,6400,104.1,23,0,675,342,1,341,21,2,1,0,0,0,7,0,0,0,0,0,0,0,0,20,124,0,0,0,1,0,148,0,0,0,0,0,0,17,
15,7619,הרצליה,6400,104.2,23,0,675,353,0,353,18,0,6,0,0,0,12,0,0,0,0,0,0,0,0,18,103,0,0,0,0,0,190,0,0,0,0,0,0,6,
15,7620,הרצליה,6400,104.3,23,0,675,319,1,318,17,3,2,0,0,0,17,0,0,0,0,0,1,0,0,18,105,0,0,0,2,0,149,1,0,0,0,0,0,3,
15,7621,הרצליה,6400,104.4,23,0,675,349,0,349,28,2,0,0,0,0,5,0,0,0,0,0,0,0,0,23,94,0,0,0,2,0,188,0,0,0,0,0,0,7,
15,7622,הרצליה,6400,104.5,23,0,675,302,3,299,32,1,1,0,0,0,6,0,0,0,0,0,0,0,0,22,94,0,0,0,0,0,129,0,0,0,0,0,0,14,
15,7623,הרצליה,6400,104.6,23,0,675,336,6,330,21,3,0,0,0,0,7,0,0,0,0,0,0,0,0,29,96,2,0,0,0,0,170,0,0,0,0,1,0,1,
15,7624,הרצליה,6400,106,18,0,730,489,1,488,49,3,4,0,0,0,18,0,0,0,0,0,0,0,0,13,117,0,0,0,0,0,280,0,0,0,0,0,0,4,
15,7625,הרצליה,6400,107,51,0,704,454,2,452,40,2,2,0,0,0,8,0,0,0,0,0,0,1,0,18,111,0,0,0,2,0,263,0,1,0,0,0,0,4,
15,7626,הרצליה,6400,108,21,0,591,319,0,319,21,19,1,0,0,0,8,0,0,0,0,0,1,0,0,25,99,2,0,0,0,0,140,0,0,0,0,0,0,3,
15,7627,הרצליה,6400,111,3,0,598,362,4,358,27,1,2,0,1,0,7,0,0,0,0,0,0,0,0,26,117,0,0,0,2,0,166,0,0,0,0,0,0,9,
15,7628,הרצליה,6400,112,5,0,685,483,0,483,50,9,3,0,0,0,23,0,0,0,0,0,0,0,0,17,78,0,0,0,2,1,291,0,0,0,0,0,0,9,
15,7629,הרצליה,6400,113,17,0,557,344,0,344,37,3,1,1,0,0,8,0,0,0,0,0,0,1,0,20,58,0,0,0,0,0,212,0,0,0,0,0,0,3,
15,7630,הרצליה,6400,116,3,0,715,451,1,450,37,9,0,3,0,0,8,0,0,0,0,0,0,0,0,28,154,1,0,0,2,0,190,0,0,1,0,0,0,17,
15,7631,הרצליה,6400,117,32,0,452,325,2,323,24,9,1,0,0,0,8,0,0,0,0,0,0,0,0,14,104,2,1,0,0,0,146,0,0,0,0,0,0,14,
15,7632,הרצליה,6400,118,21,0,621,438,2,436,33,0,3,0,0,0,10,0,0,0,0,0,0,0,0,11,87,0,0,0,0,0,283,1,0,0,0,0,0,8,
15,7633,הרצליה,6400,119,11,0,562,401,2,399,45,2,1,0,0,0,12,0,0,0,0,0,0,0,0,21,60,0,0,0,0,0,248,0,0,0,0,0,0,10,
15,7634,הרצליה,6400,120,11,0,713,515,0,515,73,0,1,0,0,0,13,0,0,0,0,0,0,0,0,19,80,0,0,0,0,0,328,0,0,0,0,0,0,1,
15,7635,הרצליה,6400,121,24,0,602,411,1,410,36,10,2,1,0,0,8,0,0,0,0,0,0,0,0,12,138,0,0,0,0,0,179,0,0,0,0,0,0,24,
15,7636,הרצליה,6400,122,24,0,661,489,1,488,40,3,0,0,0,0,10,0,0,0,0,0,0,0,0,13,137,1,0,0,1,0,274,0,0,0,0,0,0,9,
15,7637,הרצליה,6400,123,17,0,525,327,1,326,29,5,1,0,0,0,9,0,0,0,0,0,0,0,0,22,91,0,0,0,0,0,161,0,0,0,0,0,0,8,
15,7638,הרצליה,6400,124,44,0,619,434,1,433,39,2,6,0,0,0,14,0,0,0,0,0,0,0,0,12,87,0,0,0,2,0,260,0,0,0,0,0,0,11,
15,7639,הרצליה,6400,125,1,0,609,420,0,420,18,2,1,0,0,0,15,0,0,0,0,0,0,0,0,28,159,0,0,0,0,0,143,0,0,0,0,0,1,53,
15,7640,הרצליה,6400,126,45,0,486,361,2,359,40,3,0,1,0,0,15,0,0,0,0,0,0,1,2,17,68,0,2,0,0,0,208,0,0,0,0,1,0,1,
15,7641,הרצליה,6400,127,2,0,443,311,3,308,20,3,0,0,0,0,12,0,0,0,0,0,0,0,0,5,148,0,0,0,1,0,72,0,0,0,0,0,1,46,
15,7642,הרצליה,6400,128,36,0,575,367,0,367,20,9,2,1,0,0,11,0,0,0,0,0,0,0,0,15,101,0,0,0,1,0,199,0,0,0,0,0,0,8,
15,7643,הרצליה,6400,129,3,0,644,465,1,464,46,2,4,0,0,0,11,0,1,0,0,0,0,1,1,16,89,0,0,0,0,0,271,0,0,0,0,0,0,22,
15,7644,הרצליה,6400,130,55,0,645,414,1,413,26,5,1,0,0,0,15,0,0,0,0,0,0,0,0,16,113,0,0,0,1,0,226,1,0,1,0,0,0,8,
15,7645,הרצליה,6400,131,55,0,684,531,4,527,53,4,3,0,0,0,8,0,0,0,0,0,0,0,0,15,87,0,0,0,0,0,353,0,0,0,0,0,0,4,
15,7646,הרצליה,6400,135,24,0,609,442,1,441,37,1,0,0,0,0,9,0,0,0,0,0,0,0,0,14,91,1,0,0,0,0,278,0,0,0,0,0,0,10,
15,7647,הרצליה,6400,140,19,0,603,427,2,425,39,1,1,0,0,0,23,0,0,0,0,0,0,0,0,15,56,0,0,0,1,0,287,0,0,0,0,0,0,2,
15,7648,הרצליה,6400,141,7,0,596,445,0,445,37,2,0,0,0,0,12,0,0,0,0,0,0,0,0,17,111,0,0,0,0,0,264,0,0,0,0,0,0,2,
15,7649,הרצליה,6400,142,7,0,501,372,0,372,43,0,3,0,0,0,8,0,0,0,0,0,0,0,0,12,92,0,0,0,1,0,205,0,0,0,0,0,0,8,
15,7650,הרצליה,6400,150,54,0,701,588,2,586,42,0,2,3,0,0,17,0,0,0,0,0,0,0,0,22,110,0,0,0,2,0,377,0,0,0,0,0,0,11,
15,7651,הרצליה,6400,151,49,0,762,303,1,302,14,2,2,0,0,0,18,0,0,0,0,1,0,0,0,12,104,1,0,0,1,0,132,0,0,0,0,0,1,14,
15,7652,הרצליה,6400,152,44,0,674,467,2,465,39,2,1,0,0,0,6,0,0,0,0,0,0,0,0,16,109,1,0,0,0,0,288,0,0,0,0,0,0,3,
12,5694,זיתן,788,1,1,0,303,252,0,252,4,2,0,0,0,0,6,0,0,0,0,0,0,0,1,0,168,0,0,0,2,0,22,0,0,0,0,0,0,47,
12,5695,זיתן,788,2,1,0,514,442,1,441,11,4,0,0,0,0,8,0,0,0,0,0,0,0,0,6,301,1,0,0,2,0,59,0,0,0,0,0,0,49,
9,3898,זכרון יעקב,9300,1,1,0,683,473,3,470,7,51,0,0,0,0,12,0,1,0,0,0,0,0,0,13,132,1,0,0,3,0,73,0,0,0,0,0,0,177,
9,3899,זכרון יעקב,9300,2,8,0,681,470,0,470,40,4,3,0,0,0,11,0,0,0,0,0,0,0,0,10,80,0,0,0,1,0,315,0,0,0,0,0,0,6,
9,3900,זכרון יעקב,9300,3,2,0,785,512,0,512,47,1,5,0,0,0,30,0,0,0,0,0,0,0,0,11,148,0,0,0,0,0,265,0,0,0,0,0,0,5,
9,3901,זכרון יעקב,9300,4,2,0,728,487,0,487,47,1,1,1,0,0,26,0,0,0,0,0,0,0,0,13,99,0,0,0,1,0,294,0,0,0,0,0,0,4,
9,3902,זכרון יעקב,9300,5,7,0,697,483,0,483,59,2,3,0,0,0,26,0,0,0,0,0,0,0,0,19,68,1,0,0,1,0,301,0,0,0,0,0,0,3,
9,3903,זכרון יעקב,9300,6,3,0,720,511,3,508,36,10,0,0,1,0,26,0,0,0,0,0,0,0,0,7,222,0,0,0,2,0,155,0,0,0,0,0,0,49,
9,3904,זכרון יעקב,9300,7,7,0,737,512,2,510,72,1,3,0,0,0,22,0,0,0,0,0,0,0,0,9,124,2,0,0,3,0,262,0,0,0,0,0,0,12,
9,3905,זכרון יעקב,9300,8,2,0,683,482,1,481,56,4,2,1,0,0,35,0,0,0,0,0,0,0,0,12,89,0,0,0,0,0,274,0,0,0,0,0,0,8,
9,3906,זכרון יעקב,9300,9,7,0,702,552,1,551,57,5,4,1,0,0,26,0,0,0,0,0,0,0,0,10,113,0,0,0,2,0,325,0,0,0,0,0,0,8,
9,3907,זכרון יעקב,9300,10,12,0,713,572,5,567,5,260,0,0,0,0,8,0,0,0,0,0,0,0,0,10,48,1,0,0,3,0,26,0,0,0,0,0,0,206,
9,3908,זכרון יעקב,9300,11,4,0,709,472,2,470,44,6,3,0,0,0,37,0,0,0,0,0,0,0,0,11,111,0,0,0,1,0,250,0,0,0,0,0,0,7,
9,3910,זכרון יעקב,9300,13,8,0,622,444,0,444,51,0,3,0,0,0,26,0,0,0,0,0,0,0,0,5,87,0,0,0,0,0,265,1,0,0,0,0,0,6,
9,3911,זכרון יעקב,9300,14,4,0,687,456,2,454,67,9,3,0,0,0,34,0,0,0,0,0,0,0,0,13,101,2,0,0,1,0,222,0,0,0,0,0,0,2,
9,3912,זכרון יעקב,9300,15,2,0,642,480,0,480,45,50,1,0,0,0,21,0,0,0,0,0,0,0,0,14,52,0,0,0,0,0,275,0,0,0,0,0,0,22,
9,3913,זכרון יעקב,9300,16,3,0,680,475,2,473,52,1,5,0,0,0,23,0,0,0,0,0,0,0,0,8,167,1,0,0,1,0,179,0,0,0,0,0,0,36,
9,3914,זכרון יעקב,9300,17,12,0,755,580,3,577,46,18,0,0,0,0,56,0,0,0,0,0,0,1,0,20,134,1,0,0,0,0,278,0,0,0,0,0,0,23,
9,3915,זכרון יעקב,9300,18,2,0,738,532,1,531,84,0,3,1,0,0,16,0,0,0,0,0,0,0,0,6,83,0,0,0,0,0,334,0,0,0,0,0,0,4,
9,3916,זכרון יעקב,9300,19,8,0,727,557,2,555,75,0,3,1,0,0,13,0,0,0,0,0,0,0,0,11,111,0,0,0,0,0,340,0,0,0,0,0,0,1,
9,3917,זכרון יעקב,9300,20,2,0,708,550,2,548,21,182,0,0,1,0,28,0,0,0,0,0,0,0,0,4,63,2,0,0,3,0,113,1,0,0,0,0,0,130,
9,3918,זכרון יעקב,9300,21,7,0,732,504,0,504,55,1,9,0,0,0,26,0,0,0,0,0,0,0,0,17,56,0,0,0,0,0,338,0,0,0,0,0,0,2,
9,3919,זכרון יעקב,9300,22,1,0,646,472,2,470,38,2,0,0,0,0,57,0,0,0,0,0,0,0,1,6,150,0,0,0,0,0,192,0,0,0,0,0,0,24,
9,3921,זכרון יעקב,9300,24,12,0,650,508,1,507,42,4,2,0,0,0,20,0,0,0,0,0,0,0,0,31,109,2,0,0,1,0,288,1,0,1,0,0,0,6,
5,1593,חבר,1110,1,1,0,362,259,0,259,8,1,0,0,0,0,7,0,0,0,0,0,0,0,0,14,147,1,0,0,3,0,59,1,0,0,0,0,0,18,
9,4084,חדרה,6500,1.1,2,0,620,412,0,412,11,4,2,0,0,0,9,0,0,0,0,0,0,0,0,19,205,0,0,1,2,0,83,0,1,0,1,0,0,74,
9,4085,חדרה,6500,1.2,2,0,620,395,0,395,19,7,0,1,0,0,16,0,0,0,0,0,0,0,0,18,153,0,0,0,0,0,94,0,0,0,1,0,1,85,
9,4086,חדרה,6500,1.3,2,0,620,415,3,412,10,10,4,0,0,0,24,0,0,0,0,0,0,0,0,15,161,0,0,0,2,0,107,0,0,0,0,0,0,79,
9,4087,חדרה,6500,1.4,2,0,620,399,4,395,18,6,0,0,0,0,8,0,0,0,0,0,0,0,0,14,180,0,0,0,1,1,80,0,0,0,0,0,0,87,
9,4088,חדרה,6500,1.5,2,0,620,417,1,416,19,7,0,0,0,0,13,0,0,0,0,0,0,0,0,19,199,0,0,0,0,0,85,0,0,0,0,0,0,74,
9,4089,חדרה,6500,1.6,2,0,620,392,3,389,10,10,1,0,0,0,17,0,0,0,0,0,0,0,0,21,172,0,0,0,2,0,83,0,1,0,0,0,0,72,
9,4090,חדרה,6500,1.7,2,0,620,352,3,349,15,4,2,1,0,0,6,0,0,0,0,0,0,0,0,34,127,0,0,0,0,0,114,0,0,0,0,0,0,46,
9,4091,חדרה,6500,1.8,2,0,620,405,2,403,11,10,0,0,0,0,10,0,0,0,0,0,0,0,0,19,199,0,0,0,1,0,87,0,0,1,0,0,0,65,
9,4092,חדרה,6500,3,55,0,676,455,1,454,26,2,3,0,0,0,16,0,0,0,0,0,0,0,1,29,166,0,1,0,5,0,160,0,0,0,0,0,0,45,
9,4093,חדרה,6500,7,64,0,600,391,3,388,15,12,0,0,0,0,21,0,0,0,0,0,0,0,1,24,140,0,0,0,3,0,119,0,0,0,0,0,1,52,
9,4094,חדרה,6500,8,64,0,598,323,4,319,12,5,0,0,0,0,15,0,0,0,0,0,0,0,0,23,107,0,0,0,2,0,83,0,0,0,0,0,0,72,
9,4095,חדרה,6500,10,64,0,741,549,1,548,16,11,0,0,0,0,35,0,0,0,0,0,0,0,0,15,237,0,0,0,2,0,172,0,0,0,0,0,0,60,
9,4096,חדרה,6500,12,64,0,680,492,4,488,11,2,1,1,1,0,24,0,0,0,0,0,0,0,0,38,213,0,0,0,3,0,157,0,0,0,0,0,0,37,
9,4097,חדרה,6500,13,13,0,586,392,2,390,16,7,7,0,0,0,15,0,0,0,0,0,0,0,0,4,195,0,0,0,2,0,130,0,0,0,0,0,0,14,
9,4098,חדרה,6500,14,8,0,479,307,1,306,11,1,0,0,0,0,9,0,0,0,0,0,0,0,0,18,139,0,1,0,2,0,95,0,0,1,0,0,0,29,
9,4099,חדרה,6500,15,32,1,562,300,3,297,10,2,0,0,1,0,10,0,0,0,0,0,0,0,0,19,176,0,0,0,0,0,52,0,0,2,0,0,0,25,
9,4100,חדרה,6500,16,13,0,692,483,1,482,17,1,0,0,0,0,13,0,0,0,0,0,0,0,0,27,256,1,0,0,7,0,134,0,0,0,0,0,0,26,
9,4101,חדרה,6500,17,14,0,615,436,0,436,21,2,6,0,0,0,9,0,0,0,0,0,0,0,0,8,274,1,0,0,1,0,94,0,0,0,0,0,0,20,
9,4102,חדרה,6500,18,14,0,636,440,0,440,14,3,17,0,0,0,13,0,0,0,0,0,0,0,0,33,238,2,0,0,3,0,85,0,0,0,0,0,0,32,
9,4103,חדרה,6500,19,15,0,539,237,4,233,10,1,4,0,0,0,1,0,0,0,0,0,0,1,0,17,137,0,0,0,0,0,37,0,0,0,1,0,0,24,
9,4104,חדרה,6500,20,8,0,528,269,1,268,7,5,0,0,0,0,9,0,0,0,0,0,0,0,0,22,141,0,0,0,1,0,47,0,0,0,0,0,1,35,
9,4105,חדרה,6500,21,32,0,566,305,5,300,4,4,5,1,0,0,4,0,0,0,0,0,0,0,1,28,180,0,0,0,2,0,40,0,0,0,0,0,0,31,
9,4106,חדרה,6500,22,15,0,471,199,4,195,4,0,3,0,0,0,5,0,1,0,0,0,0,0,1,24,112,0,0,0,1,0,24,0,0,1,0,0,1,18,
9,4107,חדרה,6500,23,15,0,633,356,2,354,9,3,3,2,0,0,7,0,0,0,0,0,0,0,0,72,160,1,0,0,1,0,81,0,0,0,0,0,0,15,
9,4108,חדרה,6500,24,17,0,690,471,3,468,18,15,0,0,0,0,19,0,0,0,0,0,0,0,0,22,262,2,0,0,1,0,59,0,0,0,0,0,1,69,
9,4109,חדרה,6500,25,18,0,745,471,3,468,18,3,1,0,0,0,12,0,0,0,0,0,0,0,0,26,278,0,0,0,2,0,68,0,0,0,0,0,0,60,
9,4110,חדרה,6500,26,19,0,786,524,2,522,22,10,4,0,0,0,15,0,0,0,0,0,0,0,0,25,239,1,0,1,0,0,177,1,0,0,0,0,0,27,
9,4111,חדרה,6500,27,20,0,499,288,5,283,9,5,0,0,0,0,10,0,0,0,0,0,0,0,0,30,159,0,0,0,0,0,35,0,0,0,0,0,3,32,
9,4112,חדרה,6500,28,21,0,578,333,4,329,5,9,1,0,0,0,17,0,0,0,0,0,0,0,0,22,192,1,0,0,1,0,27,0,0,1,0,0,1,52,
9,4113,חדרה,6500,29,21,0,615,371,3,368,2,11,0,0,0,0,12,0,0,0,0,0,0,0,0,24,225,0,0,0,1,0,40,0,0,0,0,0,1,52,
9,4114,חדרה,6500,30,20,0,619,408,6,402,11,7,1,1,0,0,14,0,0,0,0,0,0,0,0,20,236,0,1,0,1,0,54,0,0,0,0,0,0,56,
9,4115,חדרה,6500,31,60,0,580,364,2,362,17,4,1,0,0,0,8,0,0,0,0,0,0,0,0,28,217,0,0,0,1,0,47,0,0,0,0,0,0,39,
9,4116,חדרה,6500,32,64,0,749,563,3,560,20,9,1,0,0,0,57,0,0,0,0,0,0,0,0,22,185,1,0,0,9,0,178,0,0,0,0,0,1,77,
9,4117,חדרה,6500,33,19,0,668,483,4,479,7,6,0,0,0,0,17,0,0,0,0,0,0,0,0,14,314,0,0,0,4,0,36,0,0,0,0,0,0,81,
9,4118,חדרה,6500,34,21,0,494,373,0,373,61,0,4,0,0,0,4,0,0,0,0,0,0,0,0,8,65,1,0,0,0,0,226,0,0,1,0,0,0,3,
9,4119,חדרה,6500,35,21,0,678,425,8,417,9,2,1,0,0,0,11,0,0,0,0,0,1,0,0,11,258,1,0,0,1,0,51,0,0,0,0,0,0,71,
9,4120,חדרה,6500,36,32,0,648,390,2,388,11,4,0,0,0,0,9,0,0,0,0,0,0,0,0,78,182,0,0,0,0,0,80,0,0,0,0,0,0,24,
9,4122,חדרה,6500,38,64,0,706,392,0,392,18,16,0,0,0,0,11,0,0,0,0,0,0,0,0,40,187,0,0,0,2,0,90,0,0,0,0,0,0,28,
9,4123,חדרה,6500,39,64,0,675,367,1,366,14,3,2,1,0,0,12,0,0,0,0,0,0,1,0,30,178,0,0,0,5,0,81,0,0,0,1,0,1,37,
9,4124,חדרה,6500,40,1,0,779,494,3,491,16,6,2,0,0,0,12,0,0,0,0,0,0,0,0,51,207,0,0,0,3,0,157,0,0,0,0,0,0,37,
9,4125,חדרה,6500,41,6,0,601,316,2,314,9,2,0,0,0,0,8,0,0,0,0,0,0,0,0,31,158,0,1,0,1,0,65,0,0,0,0,0,0,39,
9,4126,חדרה,6500,42,6,0,575,352,1,351,21,6,0,0,0,0,8,0,0,0,0,0,0,0,0,39,152,0,0,0,1,0,89,0,0,0,0,0,0,35,
9,4127,חדרה,6500,43,64,0,757,426,2,424,17,7,1,0,0,0,16,0,1,0,0,0,0,0,0,37,178,1,0,0,0,0,123,0,0,0,0,0,0,43,
9,4128,חדרה,6500,44,64,0,707,354,1,353,9,3,0,0,0,0,8,0,0,0,0,0,0,0,0,43,183,0,0,0,0,0,90,0,0,0,0,0,0,17,
9,4129,חדרה,6500,45,64,0,702,306,2,304,13,8,0,0,0,0,10,0,0,0,0,1,0,0,0,82,120,0,0,0,0,0,61,0,0,1,0,0,0,8,
9,4130,חדרה,6500,46,1,0,689,414,2,412,12,8,0,1,0,0,8,0,0,0,0,0,0,0,0,32,233,0,0,0,3,0,86,0,0,0,0,0,1,28,
9,4131,חדרה,6500,47,54,0,637,350,3,347,12,2,0,0,0,0,10,0,0,0,0,0,0,1,2,53,141,0,0,0,0,0,90,0,0,0,0,0,0,36,
9,4132,חדרה,6500,48,1,0,767,451,2,449,17,4,0,0,0,0,8,0,0,0,0,0,0,0,0,39,224,0,0,0,2,0,108,0,0,0,0,0,0,47,
9,4133,חדרה,6500,49,6,0,652,378,5,373,18,8,6,0,0,0,10,0,0,0,0,0,0,1,0,38,169,0,0,0,2,0,105,0,0,0,0,0,0,16,
9,4134,חדרה,6500,50,1,0,746,461,4,457,14,6,1,0,0,0,6,0,0,0,0,0,0,0,0,50,193,0,0,0,3,0,143,0,0,0,0,0,0,41,
9,4135,חדרה,6500,51,51,0,531,253,4,249,6,43,5,0,0,0,13,0,0,0,0,0,0,0,0,6,68,1,0,0,2,0,51,0,0,0,0,0,0,54,
9,4136,חדרה,6500,52,31,0,658,398,3,395,12,37,0,0,0,0,10,0,0,0,0,0,0,0,0,19,170,1,0,0,2,0,65,1,1,0,0,0,0,77,
9,4137,חדרה,6500,53.1,4,0,680,420,6,414,25,2,7,0,0,0,7,0,0,0,0,0,0,0,0,27,162,1,0,0,2,0,136,0,0,0,0,0,0,45,
9,4138,חדרה,6500,53.2,4,0,680,467,4,463,28,8,3,0,1,0,9,0,0,0,0,0,0,0,0,36,164,0,0,0,0,0,177,0,0,0,0,0,0,37,
9,4139,חדרה,6500,53.3,4,0,680,442,2,440,19,7,0,1,0,0,18,0,0,0,0,0,0,0,0,34,180,0,0,0,0,0,150,0,0,0,2,0,0,29,
9,4140,חדרה,6500,53.4,4,0,680,451,3,448,18,10,2,2,1,0,15,0,0,0,0,0,0,0,0,36,165,0,0,0,0,0,167,0,0,0,0,0,0,32,
9,4141,חדרה,6500,53.5,4,0,680,427,3,424,26,13,2,0,0,0,13,0,0,0,0,0,0,0,0,36,159,0,0,0,0,0,146,0,0,0,0,0,0,29,
9,4142,חדרה,6500,53.6,4,0,678,464,3,461,31,7,2,0,0,0,9,0,0,0,0,0,0,0,0,39,134,1,0,0,2,1,199,0,0,1,0,1,0,34,
9,4143,חדרה,6500,54,52,0,687,495,1,494,19,3,1,0,0,0,12,0,0,0,0,0,0,0,0,25,188,0,0,0,1,0,227,0,0,0,0,0,0,18,
9,4144,חדרה,6500,56,1,0,666,367,2,365,26,6,2,0,0,0,9,0,0,0,0,0,0,0,0,51,142,1,0,0,2,0,109,0,1,0,0,0,0,16,
9,4145,חדרה,6500,57,51,0,615,411,1,410,7,7,0,0,0,0,24,0,0,0,0,0,0,0,0,23,207,0,0,0,1,0,105,0,0,0,0,0,0,36,
9,4146,חדרה,6500,59,44,0,695,439,4,435,6,3,0,3,0,0,6,0,0,0,0,0,0,0,1,102,185,2,0,0,1,0,111,0,0,0,0,0,0,15,
9,4147,חדרה,6500,60,40,0,551,348,0,348,9,1,0,0,0,0,11,0,0,0,0,0,0,0,0,59,142,0,0,0,0,0,123,0,0,0,0,0,0,3,
9,4148,חדרה,6500,62,60,0,538,307,5,302,5,6,1,0,0,0,6,0,0,0,0,0,0,0,0,38,189,1,1,0,0,0,29,0,0,0,0,0,0,26,
9,4149,חדרה,6500,63,5,0,635,438,3,435,20,1,9,0,0,0,6,0,0,0,0,0,0,0,0,12,179,0,0,0,2,0,191,0,0,0,0,0,0,15,
9,4150,חדרה,6500,64,41,0,729,496,0,496,30,1,0,1,0,0,12,0,0,0,0,0,0,0,1,20,228,0,0,0,2,0,162,0,1,0,0,0,1,37,
9,4151,חדרה,6500,65,3,0,717,478,2,476,23,5,0,0,0,0,15,0,0,0,0,0,0,0,0,10,296,0,0,0,4,0,81,0,0,0,0,0,0,42,
9,4152,חדרה,6500,66,59,0,535,316,2,314,21,3,1,0,0,0,16,0,0,0,0,0,0,0,0,19,136,0,0,0,0,0,90,0,0,0,0,0,0,28,
9,4153,חדרה,6500,67.1,42,0,633,383,1,382,12,6,0,1,0,0,18,1,0,0,1,1,0,0,0,43,203,0,0,1,2,0,73,0,0,0,0,0,1,19,
9,4154,חדרה,6500,67.2,42,0,633,388,2,386,9,3,0,2,1,0,5,0,0,0,0,0,0,0,1,72,199,0,0,0,0,0,84,0,0,0,0,0,0,10,
9,4155,חדרה,6500,67.3,42,0,633,393,3,390,16,7,0,0,0,0,10,0,0,0,0,0,0,0,0,67,187,2,0,0,2,0,76,0,0,0,0,0,0,23,
9,4156,חדרה,6500,67.4,42,0,632,374,2,372,12,6,0,0,0,0,11,0,0,0,0,0,0,0,0,96,141,0,0,0,2,0,97,1,0,0,0,0,0,6,
9,4157,חדרה,6500,68,43,0,637,417,3,414,11,5,0,0,0,0,4,0,0,0,0,0,0,0,0,33,209,0,0,0,3,0,81,0,0,0,0,0,0,68,
9,4158,חדרה,6500,69,3,0,696,463,3,460,22,2,0,0,0,0,8,0,0,0,0,0,0,0,0,74,218,0,0,0,0,0,115,0,0,0,0,0,0,21,
9,4159,חדרה,6500,70,43,0,659,382,3,379,7,0,1,2,0,0,8,0,0,0,0,0,0,1,0,122,169,0,0,0,2,0,56,1,0,0,0,0,0,10,
9,4160,חדרה,6500,71,3,0,622,333,0,333,9,8,0,0,0,0,9,0,0,0,0,0,0,0,0,70,177,0,0,0,0,0,42,0,0,0,0,0,0,18,
9,4161,חדרה,6500,73,3,0,540,291,0,291,9,1,0,1,0,0,4,0,0,0,0,0,0,0,0,76,136,1,0,0,0,0,46,1,1,0,0,0,2,13,
9,4162,חדרה,6500,74,41,0,569,308,0,308,14,1,0,0,0,0,7,0,0,0,0,1,0,0,1,83,123,0,0,0,2,0,52,0,0,0,0,0,0,24,
9,4163,חדרה,6500,75,43,0,675,434,3,431,16,2,0,1,0,0,13,0,0,0,0,0,0,0,0,95,197,0,0,0,0,0,76,0,0,0,0,2,0,29,
9,4164,חדרה,6500,77,41,0,568,334,2,332,15,2,0,0,0,0,6,0,0,0,0,0,0,0,0,68,144,0,0,0,0,0,84,0,0,0,0,0,0,13,
9,4165,חדרה,6500,79,59,0,589,408,1,407,14,3,2,0,0,0,15,0,0,0,0,0,0,0,0,25,221,0,0,0,3,0,94,0,0,0,0,0,1,29,
9,4166,חדרה,6500,80,5,0,584,417,1,416,23,5,0,0,0,0,13,0,0,0,0,0,0,0,0,16,216,1,0,0,1,0,107,0,0,0,0,0,0,34,
9,4167,חדרה,6500,81,14,0,582,405,1,404,10,3,3,0,0,0,24,0,0,0,0,0,0,0,0,7,200,1,0,0,1,0,139,0,0,0,0,0,0,16,
9,4168,חדרה,6500,82,19,0,629,414,5,409,13,6,1,0,0,0,13,0,0,0,0,0,0,0,0,23,252,0,0,0,5,1,49,0,0,0,0,0,1,45,
9,4169,חדרה,6500,83,59,0,629,413,1,412,15,2,0,0,0,0,17,0,0,0,0,0,0,0,0,30,154,0,0,0,0,0,171,0,0,0,0,0,0,23,
9,4170,חדרה,6500,84,13,0,685,497,1,496,26,2,2,0,0,0,17,0,0,0,0,0,0,0,0,15,209,1,0,0,4,0,200,0,0,0,0,0,0,20,
9,4171,חדרה,6500,85,8,0,555,346,2,344,13,2,2,0,0,0,13,0,0,0,0,0,0,0,1,30,167,0,0,0,1,0,94,0,0,0,1,0,0,20,
9,4172,חדרה,6500,86,14,0,584,428,2,426,13,0,9,0,0,0,48,0,0,0,0,0,0,0,0,10,239,0,0,0,2,0,74,0,0,1,0,0,0,30,
9,4173,חדרה,6500,87,52,0,588,437,1,436,20,4,1,2,0,0,15,0,0,0,0,0,0,0,0,28,161,0,0,0,2,0,171,0,0,0,0,0,0,32,
9,4174,חדרה,6500,88,15,0,498,309,5,304,16,2,2,0,0,0,0,0,0,0,0,0,0,0,0,79,117,0,0,0,1,0,79,0,0,0,0,0,1,7,
9,4175,חדרה,6500,89,17,0,720,352,3,349,4,0,0,0,0,0,10,0,0,0,0,0,0,0,0,64,195,0,0,0,0,0,45,0,0,0,0,0,1,30,
9,4176,חדרה,6500,90,1,0,593,375,3,372,14,3,1,0,0,0,10,0,0,0,0,0,0,0,0,26,174,0,0,0,2,0,99,1,0,0,0,0,0,42,
9,4177,חדרה,6500,91,1,0,697,437,6,431,18,1,2,1,0,0,15,0,0,0,0,0,0,1,0,45,164,0,0,0,2,0,149,0,0,0,0,0,1,32,
9,4178,חדרה,6500,92,52,0,613,301,5,296,6,1,1,0,0,0,6,0,0,0,0,0,0,0,0,79,124,0,0,0,0,0,65,1,0,0,0,0,0,13,
9,4179,חדרה,6500,93,64,0,554,300,3,297,7,5,1,0,0,0,8,0,0,0,1,0,0,0,0,29,152,2,0,0,0,0,77,0,0,0,0,0,0,15,
9,4180,חדרה,6500,94,64,0,654,314,2,312,18,2,2,0,0,0,2,0,0,0,0,0,0,0,0,44,129,0,0,0,2,0,89,0,0,0,0,0,0,24,
9,4181,חדרה,6500,95,20,0,515,321,3,318,3,4,1,0,0,0,1,0,0,0,0,0,0,0,0,19,198,0,0,0,1,0,31,0,0,0,0,1,0,59,
9,4182,חדרה,6500,96,40,0,621,433,1,432,14,6,0,2,0,0,4,0,0,0,0,0,0,0,0,113,134,1,0,0,1,0,144,0,0,0,0,0,0,13,
9,4183,חדרה,6500,97,6,0,560,305,2,303,15,1,0,0,0,0,6,0,0,0,0,0,0,0,0,46,145,0,1,0,1,0,56,0,0,0,0,0,0,32,
9,4184,חדרה,6500,98,6,1,633,336,0,336,9,1,1,0,0,0,10,0,0,1,0,0,0,0,0,51,167,0,0,0,3,0,62,0,0,0,0,0,0,31,
9,4185,חדרה,6500,99,6,0,571,339,1,338,19,8,4,1,0,0,22,0,0,0,0,0,0,0,0,30,128,0,0,0,2,0,107,0,1,0,0,0,0,16,
9,4186,חדרה,6500,100,44,0,708,396,3,393,15,5,0,0,0,0,13,0,0,0,0,0,0,0,0,80,170,0,0,0,4,0,78,0,0,1,0,0,0,27,
9,4187,חדרה,6500,103,53,0,705,511,4,507,46,2,7,0,0,0,18,0,0,0,0,0,0,0,0,13,122,0,1,0,0,0,284,1,0,0,0,0,0,13,
9,4188,חדרה,6500,104,31,0,646,382,5,377,14,6,1,1,0,0,11,0,0,0,0,0,0,0,2,28,167,1,0,0,1,0,103,0,0,0,1,0,1,40,
9,4189,חדרה,6500,105,31,0,722,505,2,503,27,10,9,0,0,0,19,0,0,0,0,0,0,0,0,29,174,0,0,0,0,0,189,0,0,0,0,0,0,46,
9,4190,חדרה,6500,106,31,0,571,381,2,379,8,26,22,0,0,0,17,0,0,0,0,0,0,0,0,6,160,0,0,0,1,1,81,0,0,0,0,0,0,57,
9,4191,חדרה,6500,107,31,0,540,350,3,347,6,20,0,1,0,0,13,0,0,0,0,0,0,0,0,15,140,0,0,0,3,0,84,1,0,0,0,0,0,64,
9,4192,חדרה,6500,109,44,0,692,437,2,435,11,2,2,0,0,0,5,0,0,0,0,0,0,1,0,177,131,1,0,0,2,0,88,0,1,1,0,0,0,13,
9,4193,חדרה,6500,110,44,0,585,380,5,375,9,2,2,0,0,0,5,0,0,0,0,0,0,0,0,77,141,0,0,0,0,0,129,0,0,0,0,0,0,10,
9,4194,חדרה,6500,111,52,0,714,562,1,561,36,3,0,0,0,0,25,0,0,0,0,0,0,0,0,36,215,0,0,0,0,0,236,0,0,0,0,0,0,10,
9,4195,חדרה,6500,113,44,0,662,446,1,445,12,6,1,0,0,0,9,0,0,0,0,0,0,0,0,56,183,0,0,0,0,0,170,0,0,0,0,0,0,8,
9,4196,חדרה,6500,114,52,0,567,432,1,431,21,2,1,1,0,0,15,0,0,0,0,0,0,0,0,39,175,0,0,0,2,0,158,1,0,0,0,0,0,16,
9,4197,חדרה,6500,115,60,0,679,493,4,489,42,2,1,0,0,0,16,0,0,0,0,0,0,0,0,16,124,0,0,0,0,0,273,0,0,0,0,0,0,15,
9,4198,חדרה,6500,116,44,0,782,591,2,589,17,8,0,1,0,0,18,0,0,0,0,0,0,0,1,51,217,0,0,0,5,0,255,0,0,0,0,0,1,15,
9,4199,חדרה,6500,117,44,0,624,413,2,411,15,3,0,0,0,0,5,0,1,0,0,0,0,0,0,68,192,0,0,0,1,0,117,0,0,1,0,0,0,8,
9,4200,חדרה,6500,118,13,0,597,434,4,430,21,4,0,0,0,0,27,0,0,0,0,0,0,0,0,7,232,0,0,0,0,0,116,0,0,0,0,0,0,23,
9,4201,חדרה,6500,119,60,0,775,569,3,566,46,3,0,0,0,0,15,0,0,0,0,0,0,0,0,24,170,2,0,0,0,0,290,0,0,0,0,0,0,16,
9,4202,חדרה,6500,120,52,0,570,387,3,384,19,7,0,1,0,0,18,0,0,0,0,0,0,0,1,56,138,0,0,0,3,0,118,1,0,0,0,0,0,22,
9,4203,חדרה,6500,121,52,0,601,428,3,425,13,3,0,2,0,0,11,0,0,0,0,0,0,0,0,48,172,2,0,0,3,0,153,0,0,0,0,0,0,18,
9,4204,חדרה,6500,951,59,0,548,345,1,344,13,1,13,0,0,0,9,0,0,0,0,0,0,0,0,48,144,0,0,0,0,0,108,0,0,0,0,0,0,8,
18,9919,חורה,1303,1,4,0,715,230,0,230,3,0,201,0,0,0,1,0,0,1,0,0,0,0,0,1,19,0,0,0,0,0,2,0,0,1,0,1,0,0,
18,9921,חורה,1303,3,5,0,618,383,8,375,10,0,359,1,0,0,0,0,0,0,0,0,1,0,0,0,1,0,1,0,0,0,1,0,0,0,1,0,0,0,
18,9922,חורה,1303,4,3,0,585,411,6,405,3,0,335,0,0,0,1,0,0,0,0,0,0,1,0,0,59,0,0,0,0,0,6,0,0,0,0,0,0,0,
18,9923,חורה,1303,5,2,0,666,296,2,294,1,0,257,0,0,0,0,0,0,1,1,0,0,0,0,0,32,0,0,0,0,0,1,0,0,0,0,1,0,0,
18,9924,חורה,1303,6,8,0,646,365,7,358,3,1,341,0,0,0,0,0,0,0,0,0,0,0,1,0,4,0,2,1,1,0,4,0,0,0,0,0,0,0,
18,9925,חורה,1303,7,5,0,568,281,2,279,2,0,266,0,0,0,0,0,0,0,0,0,0,0,0,0,0,0,1,0,0,0,9,0,0,0,0,0,0,1,
18,9926,חורה,1303,8,8,0,512,338,4,334,3,0,314,0,0,0,0,0,0,1,0,0,0,0,0,0,2,0,1,0,0,0,12,0,0,0,1,0,0,0,
18,9927,חורה,1303,9,8,0,624,320,8,312,0,0,301,0,0,0,0,0,0,1,0,0,0,0,0,0,4,0,0,0,0,0,4,0,0,1,0,0,0,1,
18,9928,חורה,1303,10,7,0,601,255,3,252,0,0,232,0,0,0,0,0,0,0,0,0,0,1,1,6,9,0,0,1,0,0,1,0,0,0,0,0,0,1,
18,9929,חורה,1303,11,7,0,719,212,1,211,3,0,188,0,0,0,0,0,0,1,0,0,0,0,0,0,14,0,0,0,0,1,3,0,0,0,0,1,0,0,
18,9930,חורה,1303,12,4,0,579,306,5,301,2,0,284,0,0,0,0,0,0,1,0,0,0,0,0,0,11,0,1,0,0,1,1,0,0,0,0,0,0,0,
18,9931,חורה,1303,13,3,0,613,442,9,433,11,0,384,0,0,0,0,0,0,0,0,0,0,0,0,0,17,0,0,0,0,0,20,0,0,0,0,1,0,0,
3,1196,חצור הגלילית,2034,1,5,0,638,448,3,445,8,4,0,3,0,0,34,0,0,0,0,0,0,0,0,37,256,0,0,0,8,0,43,0,0,0,0,0,0,52,
3,1197,חצור הגלילית,2034,2,6,0,666,471,0,471,7,11,0,0,0,0,32,0,0,0,0,0,0,0,0,22,261,0,0,0,1,0,40,0,0,0,0,0,0,97,
3,1198,חצור הגלילית,2034,3,4,0,698,656,0,656,0,653,0,0,0,0,0,0,0,0,0,0,0,0,0,0,1,0,0,0,0,0,0,0,0,0,0,0,0,2,
3,1199,חצור הגלילית,2034,4,6,0,448,289,0,289,3,8,0,0,0,0,12,0,0,0,0,0,0,0,0,18,198,0,0,0,1,0,13,0,0,0,0,0,0,36,
3,1200,חצור הגלילית,2034,5,3,0,701,464,3,461,3,11,1,0,0,0,12,0,0,0,0,1,0,1,0,55,253,0,0,0,5,0,28,0,0,0,0,0,0,91,
3,1201,חצור הגלילית,2034,6,10,0,579,381,0,381,6,2,0,0,0,0,18,0,0,0,0,0,0,0,0,9,230,0,0,0,2,0,26,0,0,0,0,0,0,88,
3,1202,חצור הגלילית,2034,7,3,0,695,493,3,490,9,26,0,0,0,0,14,0,0,0,0,0,0,0,0,35,290,1,0,0,1,0,24,0,0,0,0,0,0,90,
3,1203,חצור הגלילית,2034,8,9,0,666,418,6,412,5,12,0,1,0,0,24,0,0,0,0,0,0,0,0,28,254,1,0,0,1,0,31,0,0,0,0,0,0,55,
3,1204,חצור הגלילית,2034,9,10,0,515,354,1,353,1,16,1,0,0,0,11,0,0,0,0,0,0,0,0,9,223,0,0,0,1,0,13,0,0,0,0,0,0,78,
3,1205,חצור הגלילית,2034,10,4,0,521,399,1,398,12,7,0,0,0,0,28,0,0,0,0,0,0,0,0,18,255,0,0,0,3,0,34,0,0,0,0,0,0,41,
3,1206,חצור הגלילית,2034,11,6,0,475,304,2,302,8,4,0,0,0,0,20,0,0,0,0,0,0,0,0,11,175,0,0,0,3,0,42,0,0,0,0,0,1,38,
3,1207,חצור הגלילית,2034,13,11,0,505,358,1,357,5,9,2,0,0,0,21,0,0,0,0,0,0,0,0,11,241,0,0,0,2,0,43,0,0,0,0,0,0,23,
9,4076,חרמש,3717,1,1,0,207,132,0,132,3,0,0,2,0,0,12,0,0,0,0,0,0,0,0,19,60,0,0,0,6,0,28,0,0,0,0,0,0,2,
4,1311,טבריה,6700,1,3,0,659,408,1,407,8,9,1,0,0,0,19,0,0,0,0,0,0,0,0,13,258,0,0,0,0,0,77,0,0,0,0,0,0,22,
4,1312,טבריה,6700,2,14,0,593,345,2,343,6,12,1,0,0,0,23,0,0,0,0,0,0,0,0,25,172,0,0,0,5,0,39,0,0,0,0,0,0,60,
4,1313,טבריה,6700,3,2,0,581,416,3,413,2,93,0,0,0,0,9,0,0,0,0,0,0,0,0,2,62,0,0,1,3,0,24,0,0,0,0,0,0,217,
4,1314,טבריה,6700,4,2,0,715,462,0,462,4,27,0,0,0,0,20,1,0,0,0,0,0,0,0,26,175,0,0,0,3,0,70,0,0,0,0,0,0,136,
4,1315,טבריה,6700,5,30,0,570,408,2,406,5,48,2,0,0,0,5,0,0,0,0,0,0,0,0,3,143,0,0,0,0,0,36,0,0,0,0,0,0,164,
4,1316,טבריה,6700,6,3,0,757,467,1,466,5,12,2,0,0,0,9,0,0,0,0,0,0,0,0,30,274,0,1,0,3,0,98,0,0,0,0,0,0,32,
4,1317,טבריה,6700,7,30,0,684,457,2,455,3,46,1,0,0,0,3,0,0,0,0,0,0,0,0,12,138,0,0,0,3,0,38,0,0,0,0,0,0,211,
4,1318,טבריה,6700,8,3,0,686,373,1,372,7,5,5,0,0,0,13,0,0,0,0,0,1,0,0,24,211,0,0,0,2,0,76,1,0,0,0,0,0,27,
4,1319,טבריה,6700,9,3,0,659,287,2,285,13,1,0,0,0,0,9,0,0,0,0,0,0,0,0,32,165,0,0,0,2,0,46,0,0,0,0,0,0,17,
4,1320,טבריה,6700,10,31,0,711,474,2,472,4,1,0,0,0,0,11,1,0,0,0,0,0,0,0,28,333,0,0,0,4,0,72,0,0,0,0,0,0,18,
4,1321,טבריה,6700,11,40,0,494,312,1,311,5,32,0,0,0,0,6,0,0,0,0,0,0,0,0,12,141,0,0,0,2,0,17,0,0,0,0,0,0,96,
4,1322,טבריה,6700,12,37,0,501,184,4,180,3,10,2,0,0,0,6,0,0,0,0,0,0,0,0,19,102,0,0,0,2,0,24,0,0,0,0,0,0,12,
4,1323,טבריה,6700,13,2,0,587,290,2,288,6,11,4,1,0,0,5,0,0,0,0,0,0,0,0,19,157,0,0,0,0,0,34,0,0,0,0,0,0,51,
4,1324,טבריה,6700,14,40,0,632,373,0,373,6,25,1,0,1,0,15,0,0,0,0,0,0,0,1,19,138,0,0,0,1,0,62,0,0,1,0,0,1,102,
4,1325,טבריה,6700,15,28,0,626,356,0,356,3,4,0,1,0,0,13,0,0,0,0,0,0,0,0,23,225,1,0,0,2,0,36,0,0,0,0,0,0,48,
4,1326,טבריה,6700,16,4,0,501,239,2,237,4,10,0,0,0,0,2,0,0,0,0,0,0,0,0,53,117,0,0,0,5,0,23,0,0,0,0,0,0,23,
4,1327,טבריה,6700,17,2,0,631,478,4,474,1,107,0,0,0,0,7,0,0,0,0,0,0,0,0,2,85,0,0,0,1,0,5,0,0,0,0,0,0,266,
4,1328,טבריה,6700,18,4,0,634,363,3,360,8,11,1,0,0,0,19,0,0,0,0,0,0,0,0,41,195,1,0,0,1,0,43,0,0,0,0,0,0,40,
4,1329,טבריה,6700,19,16,0,502,329,2,327,4,15,0,0,0,0,15,0,0,0,0,0,0,0,0,6,183,0,0,0,4,0,19,0,0,0,0,0,0,81,
4,1330,טבריה,6700,20,38,0,433,207,1,206,2,13,1,0,0,0,1,0,0,0,0,0,0,0,0,4,130,0,0,0,0,0,11,0,0,0,0,0,0,44,
4,1331,טבריה,6700,21,5,0,540,327,2,325,9,4,2,0,0,0,17,0,0,0,0,0,0,0,0,24,204,0,0,0,3,1,32,0,0,0,0,0,0,29,
4,1332,טבריה,6700,22,5,0,746,463,3,460,12,7,0,1,0,0,13,0,0,0,0,0,0,0,0,82,253,0,0,0,2,0,62,0,0,0,0,0,1,27,
4,1333,טבריה,6700,23,33,0,432,229,4,225,6,6,0,0,0,0,6,1,0,0,0,0,0,0,0,36,128,0,0,0,1,0,24,0,0,0,0,0,0,17,
4,1334,טבריה,6700,24,39,0,636,303,2,301,10,7,2,0,0,0,5,0,0,0,0,0,0,0,0,70,117,0,0,0,1,0,30,0,0,0,0,0,0,59,
4,1335,טבריה,6700,25,28,0,493,321,0,321,7,7,0,0,0,0,10,0,0,0,0,0,0,0,0,40,202,0,0,0,4,0,36,0,0,0,0,0,1,14,
4,1336,טבריה,6700,26,4,0,462,204,2,202,1,1,1,0,0,0,10,0,0,0,0,0,0,0,0,64,87,1,0,0,0,0,29,0,0,0,0,0,0,8,
4,1337,טבריה,6700,27,5,0,656,377,1,376,9,15,1,0,0,0,13,0,0,0,0,0,0,0,0,30,215,0,0,0,1,0,71,0,0,0,0,0,0,21,
4,1338,טבריה,6700,28,4,0,389,184,0,184,0,2,0,0,0,0,2,0,0,0,0,0,0,0,0,48,84,0,0,0,3,0,21,0,0,0,0,0,0,24,
4,1339,טבריה,6700,29,33,0,509,272,2,270,5,6,0,1,0,0,4,0,0,0,0,0,0,1,0,69,116,0,0,0,3,0,37,0,0,0,0,0,1,27,
4,1340,טבריה,6700,30,1,0,761,452,2,450,4,56,0,0,0,0,10,0,0,0,0,0,0,0,0,12,255,0,0,0,1,0,56,0,0,0,0,0,0,56,
4,1341,טבריה,6700,31,1,0,546,320,2,318,5,9,0,0,0,0,12,0,0,0,0,0,0,0,0,13,209,0,0,0,8,0,38,0,0,0,0,0,0,24,
4,1342,טבריה,6700,32,23,0,592,367,0,367,7,8,2,0,0,0,7,0,0,0,0,0,0,0,0,6,248,1,0,1,2,0,32,0,0,0,0,0,0,53,
4,1343,טבריה,6700,33,7,0,560,348,3,345,3,5,1,0,0,0,9,0,0,0,0,0,0,0,0,12,208,0,0,0,4,0,32,0,0,0,0,0,0,71,
4,1344,טבריה,6700,34,8,0,544,337,0,337,5,5,0,0,0,0,2,0,0,0,0,0,0,0,0,5,221,0,0,0,2,0,13,0,0,0,0,0,0,84,
4,1345,טבריה,6700,35,32,0,560,332,1,331,2,62,0,0,0,0,7,0,0,0,0,0,0,0,0,22,158,0,1,0,0,0,8,0,0,0,0,0,0,71,
4,1346,טבריה,6700,36,11,0,557,400,1,399,4,135,0,0,0,0,6,0,0,0,0,0,0,0,0,7,120,0,0,0,4,0,11,0,0,0,0,0,0,112,
4,1347,טבריה,6700,37,32,0,570,331,3,328,2,36,0,0,0,0,10,0,0,0,0,0,0,0,0,17,170,0,0,0,1,0,15,0,0,0,0,0,0,77,
4,1348,טבריה,6700,38.1,25,0,613,385,8,377,13,3,1,0,1,0,10,0,0,0,0,0,0,0,0,32,234,0,0,0,2,0,61,0,0,0,0,0,0,20,
4,1349,טבריה,6700,38.2,25,0,613,375,1,374,10,8,1,0,0,0,5,0,0,0,0,0,1,0,0,46,207,0,0,0,2,0,61,0,0,1,0,1,1,30,
4,1350,טבריה,6700,38.3,25,0,613,383,1,382,9,2,1,0,0,0,19,0,0,0,0,0,0,0,0,33,226,0,0,0,3,0,64,0,0,0,0,0,1,24,
4,1351,טבריה,6700,38.4,25,0,611,363,2,361,9,0,0,0,0,0,16,0,0,0,0,0,0,0,0,66,192,1,0,0,0,0,66,0,0,1,0,0,0,10,
4,1352,טבריה,6700,39,1,0,614,396,0,396,14,12,0,1,0,0,15,0,0,0,0,0,0,0,0,16,226,0,0,0,7,0,76,0,0,0,0,0,1,28,
4,1353,טבריה,6700,40,9,0,748,442,2,440,3,41,0,0,0,0,3,0,0,0,0,0,0,0,0,38,220,0,0,0,1,0,21,0,0,0,0,0,0,113,
4,1354,טבריה,6700,41,9,0,653,363,3,360,8,15,3,2,0,0,3,0,0,0,0,0,0,0,1,34,205,0,0,0,2,0,15,0,0,0,0,0,0,72,
4,1355,טבריה,6700,42,42,0,515,315,2,313,7,28,1,0,0,0,2,0,0,0,0,0,0,0,0,23,149,0,0,0,3,0,13,0,0,0,0,0,0,87,
4,1356,טבריה,6700,44,11,0,569,371,1,370,4,25,0,0,0,0,6,0,0,0,0,0,0,0,0,15,176,1,0,1,2,0,18,0,0,0,0,0,0,122,
4,1357,טבריה,6700,45,8,0,494,305,0,305,3,20,0,0,0,0,5,0,0,0,0,0,0,0,0,16,174,0,0,0,2,0,14,1,0,1,0,0,0,69,
4,1358,טבריה,6700,46,42,0,623,381,1,380,2,23,0,0,0,0,1,0,0,0,0,0,0,0,0,24,222,0,0,0,3,0,22,0,0,0,0,0,1,82,
4,1359,טבריה,6700,48,8,0,580,367,3,364,5,17,1,0,0,0,5,0,0,0,0,0,0,0,0,11,213,0,0,0,3,0,14,1,0,0,0,0,0,94,
4,1360,טבריה,6700,49,3,0,619,397,0,397,14,4,0,0,0,0,15,0,0,0,0,0,0,0,0,10,277,0,0,0,2,0,49,0,0,0,0,0,0,26,
4,1361,טבריה,6700,50,31,0,655,419,3,416,6,1,0,0,0,0,12,0,0,0,0,0,0,0,0,33,269,0,0,0,1,0,57,0,0,0,0,0,0,37,
4,1362,טבריה,6700,51,30,0,654,465,1,464,7,52,0,0,0,0,20,0,0,0,0,0,0,0,0,9,126,0,0,0,2,0,28,0,0,0,0,0,0,220,
4,1363,טבריה,6700,52,5,0,705,415,4,411,7,8,0,0,0,0,15,0,0,0,0,0,0,0,0,58,220,0,0,0,2,0,68,0,1,1,0,0,1,30,
4,1364,טבריה,6700,53.1,34,0,567,392,1,391,5,7,0,0,0,0,11,0,0,0,0,0,0,0,0,15,248,0,0,1,3,0,51,0,0,0,0,0,0,50,
4,1365,טבריה,6700,53.2,34,0,567,368,0,368,7,4,0,0,0,0,19,0,0,0,0,0,0,0,0,15,251,0,0,0,4,0,44,0,0,0,0,0,0,24,
4,1366,טבריה,6700,53.3,34,0,566,370,3,367,4,4,4,0,0,0,13,0,0,0,0,0,0,0,0,46,222,0,0,0,0,0,43,0,0,0,0,0,0,31,
4,1367,טבריה,6700,55,33,0,365,179,1,178,3,0,1,0,0,0,2,1,0,0,0,0,0,0,0,67,65,0,0,0,2,0,19,0,0,0,0,0,0,18,
4,1368,טבריה,6700,56,1,0,682,401,3,398,5,61,1,0,0,0,9,0,0,0,0,0,0,0,0,17,211,0,0,0,3,0,46,0,1,0,0,0,0,44,
4,1369,טבריה,6700,57,45,0,202,176,0,176,0,120,0,0,0,0,0,0,0,0,0,0,0,0,0,0,2,0,0,0,0,0,0,0,0,0,0,0,0,54,
4,1370,טבריה,6700,59,32,0,524,428,0,428,1,199,0,0,0,0,2,0,0,0,0,0,0,0,0,1,51,0,0,0,1,0,0,0,0,0,0,0,0,173,
3,1208,טובאזנגריה,962,1,2,0,782,410,1,409,8,0,347,0,0,0,3,0,0,0,0,0,0,0,0,0,3,0,0,0,0,0,45,0,0,0,0,0,0,3,
3,1209,טובאזנגריה,962,2,3,0,759,466,2,464,7,0,395,0,0,0,1,0,0,0,0,0,0,0,0,0,3,0,1,1,0,0,49,0,2,1,0,1,1,2,
3,1210,טובאזנגריה,962,3,2,0,762,398,4,394,9,0,325,0,0,0,1,0,0,0,0,0,0,0,1,0,2,0,0,0,0,0,54,0,0,0,0,2,0,0,
3,1211,טובאזנגריה,962,4,3,0,684,313,3,310,6,0,266,1,0,0,2,0,0,0,0,1,0,0,0,0,7,0,0,0,0,0,22,2,0,0,0,0,2,1,
3,1212,טובאזנגריה,962,5,2,0,783,364,2,362,10,0,307,0,0,0,1,0,0,0,0,0,0,0,0,0,6,0,0,0,1,0,36,0,0,0,0,0,0,1,
3,1213,טובאזנגריה,962,6,3,0,703,367,2,365,2,0,324,0,0,0,0,0,0,0,0,0,0,0,0,0,7,0,0,0,1,0,26,0,0,0,2,1,0,2,
5,2095,טורעאן,498,1,1,0,755,496,1,495,2,0,485,0,0,0,0,0,0,0,0,0,0,0,0,1,3,0,0,0,0,0,1,0,0,1,0,0,0,2,
5,2096,טורעאן,498,2,4,0,707,436,0,436,1,0,427,0,0,0,0,0,0,0,0,0,0,0,1,0,1,0,0,0,0,0,3,0,0,0,0,0,1,2,
5,2097,טורעאן,498,3,1,0,624,345,2,343,0,0,291,0,0,0,0,0,0,1,0,0,0,0,0,0,1,0,0,0,0,0,2,0,0,0,1,0,0,47,
5,2098,טורעאן,498,4,4,0,788,468,4,464,0,0,426,0,0,0,0,0,0,0,0,0,0,0,0,1,0,0,1,1,0,0,0,0,0,0,0,0,0,35,
5,2099,טורעאן,498,5,4,0,736,499,1,498,4,0,472,0,0,0,1,0,0,0,0,0,0,0,0,7,3,0,0,0,0,0,9,0,0,0,0,0,0,2,
5,2100,טורעאן,498,6,5,0,676,462,0,462,4,0,428,0,0,0,0,0,1,0,0,0,0,0,1,4,1,0,0,0,0,0,12,0,0,0,0,0,0,11,
5,2101,טורעאן,498,7,5,0,772,519,1,518,1,0,503,0,0,0,0,0,0,0,0,0,1,0,1,0,2,0,0,0,0,0,1,0,0,0,0,0,0,9,
5,2102,טורעאן,498,8,2,0,737,466,6,460,2,0,442,0,0,0,0,0,0,0,0,0,0,0,0,3,2,0,1,0,1,0,4,0,0,0,1,1,0,3,
5,2103,טורעאן,498,9,2,0,763,497,0,497,4,0,476,1,0,0,0,0,1,1,2,0,0,0,0,3,5,0,0,0,1,0,3,0,0,0,0,0,0,0,
5,2104,טורעאן,498,10,1,0,702,443,1,442,4,0,426,0,0,0,0,0,0,0,0,0,0,0,0,1,2,0,1,0,1,0,4,0,1,0,0,0,0,2,
5,2105,טורעאן,498,11,3,0,751,478,5,473,0,0,462,0,0,0,0,0,0,2,0,0,1,1,0,1,2,0,0,0,0,0,4,0,0,0,0,0,0,0,
5,2106,טורעאן,498,12,3,0,732,481,3,478,3,0,470,0,0,0,0,0,0,0,0,0,0,1,0,0,0,0,0,0,0,0,2,1,0,0,0,0,0,1,
5,2107,טורעאן,498,13,2,0,732,467,3,464,5,0,422,0,0,1,0,0,0,0,0,0,0,0,0,1,2,0,0,0,0,0,8,0,0,0,0,0,0,25,
4,1381,יבנאל,46,1,3,0,609,430,0,430,9,7,0,0,0,0,10,0,0,0,0,0,0,0,0,4,110,0,0,0,9,0,77,0,1,0,0,0,0,203,
4,1382,יבנאל,46,2,4,0,668,453,2,451,12,28,0,0,0,0,16,0,0,0,0,0,0,0,0,8,111,0,0,0,11,0,112,0,0,0,0,0,0,153,
4,1383,יבנאל,46,3,4,0,683,458,1,457,9,22,1,0,0,0,16,0,0,0,0,0,0,0,0,5,130,0,0,0,2,0,74,0,0,0,0,0,0,198,
4,1384,יבנאל,46,4,4,0,537,392,4,388,5,13,2,0,0,0,9,0,0,0,0,0,0,0,0,2,106,7,0,0,0,0,44,0,0,0,0,0,0,200,
13,6507,יבנה,2660,1,1,0,471,305,3,302,7,6,0,1,0,0,15,0,0,0,0,0,0,0,0,7,169,0,0,0,2,0,48,0,0,0,0,0,0,47,
13,6508,יבנה,2660,2,15,0,645,405,3,402,5,1,0,0,0,0,7,0,0,0,0,0,0,0,1,47,223,0,0,0,2,0,37,0,0,0,0,0,0,79,
13,6509,יבנה,2660,3,8,0,676,479,4,475,11,10,0,0,0,0,16,0,0,0,0,0,0,0,0,9,293,1,0,0,1,1,43,0,0,1,0,0,1,88,
13,6510,יבנה,2660,4,5,0,770,515,3,512,13,5,1,1,0,0,12,0,0,0,0,0,0,0,0,21,291,0,0,0,1,0,37,0,0,0,0,0,1,129,
13,6511,יבנה,2660,5,12,0,677,502,5,497,13,9,0,1,0,0,36,1,0,0,0,0,0,1,0,15,286,0,0,0,3,0,53,0,0,0,0,0,0,79,
13,6512,יבנה,2660,6,21,0,769,578,2,576,8,15,0,0,0,0,50,0,0,0,0,0,0,0,0,6,291,0,0,0,3,0,62,0,0,0,0,0,0,141,
13,6513,יבנה,2660,7,17,0,717,533,7,526,2,11,0,0,0,0,26,0,0,0,0,0,0,0,0,13,269,0,0,0,8,0,33,0,0,0,0,0,0,164,
13,6514,יבנה,2660,8,12,0,619,412,6,406,4,6,1,1,0,0,12,0,0,0,0,0,0,0,0,30,247,0,0,0,2,0,47,0,0,0,0,0,0,56,
13,6515,יבנה,2660,9,8,0,702,435,5,430,7,9,0,0,0,0,13,0,0,0,0,0,0,0,0,28,232,0,0,0,6,0,64,0,0,1,0,0,1,69,
13,6516,יבנה,2660,10,6,0,648,435,3,432,11,8,3,0,0,0,23,0,0,0,0,0,0,0,0,12,235,0,0,0,1,0,42,0,0,0,0,0,0,97,
13,6517,יבנה,2660,11,15,0,567,413,2,411,14,6,0,0,0,0,20,0,0,0,0,0,0,0,1,27,214,0,0,0,1,0,52,0,0,0,0,0,0,76,
13,6518,יבנה,2660,12,3,0,676,550,3,547,21,3,0,0,0,0,27,0,0,0,0,0,0,0,0,19,250,0,0,0,0,0,181,1,0,0,0,0,0,45,
13,6519,יבנה,2660,13,4,0,543,419,0,419,36,2,3,0,0,0,9,0,0,0,0,0,0,0,0,4,79,1,0,0,1,0,280,0,0,0,0,0,0,4,
13,6520,יבנה,2660,14,3,0,536,419,0,419,24,0,1,0,0,0,15,0,0,0,0,0,0,0,0,9,195,0,0,0,3,0,148,1,0,0,0,0,0,23,
13,6521,יבנה,2660,15,4,0,420,315,2,313,29,1,0,0,0,0,14,0,0,0,0,0,0,0,0,2,45,0,0,0,0,0,220,0,0,0,0,0,0,2,
13,6522,יבנה,2660,16,2,0,661,435,2,433,15,3,1,1,0,0,24,0,0,0,0,0,0,0,0,24,217,0,0,0,4,0,98,0,0,0,0,0,0,46,
13,6523,יבנה,2660,17,11,0,571,416,2,414,12,5,0,0,0,0,15,0,0,0,0,0,0,0,0,26,230,0,0,0,3,0,51,0,0,0,0,0,0,72,
13,6524,יבנה,2660,18,2,0,473,325,2,323,2,10,0,0,0,0,11,0,0,1,0,0,0,0,0,37,172,0,0,0,3,0,34,0,0,0,0,0,0,53,
13,6525,יבנה,2660,19,11,0,416,274,6,268,6,2,1,0,0,0,4,0,1,0,0,0,0,0,0,36,129,0,0,0,3,0,38,0,0,0,0,0,0,48,
13,6526,יבנה,2660,20,11,0,522,346,8,338,8,8,0,1,0,0,13,0,0,0,0,0,0,0,0,27,163,0,0,0,3,0,46,0,0,1,0,0,1,67,
13,6527,יבנה,2660,21,13,0,542,379,2,377,12,7,2,0,0,0,12,0,0,0,0,0,0,0,0,7,233,1,0,0,7,0,29,0,0,0,0,0,0,67,
13,6528,יבנה,2660,22,2,0,708,517,7,510,6,12,0,1,0,0,33,0,0,0,0,0,0,0,2,26,281,1,0,0,3,0,66,1,0,0,0,0,0,78,
13,6529,יבנה,2660,23,10,0,760,603,1,602,18,5,0,0,0,0,16,1,0,0,0,0,0,0,0,42,301,0,0,0,3,0,172,0,0,0,0,0,0,44,
13,6530,יבנה,2660,24,16,0,650,486,1,485,18,0,0,0,0,0,32,0,0,0,0,0,0,0,0,10,187,0,0,0,1,0,216,0,0,0,0,0,0,21,
13,6531,יבנה,2660,25,4,0,621,481,2,479,22,0,0,0,0,0,14,0,0,0,0,0,0,0,1,9,147,0,0,0,3,0,270,0,0,0,0,0,0,13,
13,6532,יבנה,2660,26.1,19,0,535,399,0,399,17,1,1,1,0,0,20,0,0,0,0,0,0,0,0,3,171,0,0,0,0,1,170,0,0,0,0,0,0,14,
13,6533,יבנה,2660,26.2,19,0,535,407,0,407,23,2,0,0,0,0,23,0,0,0,0,0,0,0,0,11,183,0,0,0,3,0,154,0,0,0,0,0,0,8,
13,6534,יבנה,2660,26.3,19,0,535,403,2,401,19,0,0,1,0,0,17,0,0,0,0,0,0,0,0,13,150,1,0,0,0,0,180,0,0,0,0,0,0,20,
13,6535,יבנה,2660,27,3,0,529,398,2,396,16,4,0,0,0,0,14,0,0,0,0,0,0,0,0,43,126,1,0,0,0,0,176,0,0,0,0,0,0,16,
13,6536,יבנה,2660,28,4,0,380,295,1,294,20,0,1,0,0,0,5,0,0,0,0,0,0,0,0,5,70,0,0,0,0,0,187,0,0,0,0,0,0,6,
13,6537,יבנה,2660,30,13,0,721,520,2,518,12,7,0,1,0,0,26,0,0,1,0,0,0,0,0,27,295,0,6,0,0,0,104,0,0,0,0,0,0,39,
13,6538,יבנה,2660,31,18,0,458,343,0,343,10,3,0,0,0,0,17,0,0,0,0,0,0,0,0,44,160,0,0,0,3,0,72,0,0,0,0,0,0,34,
13,6539,יבנה,2660,32,16,0,572,467,2,465,20,5,0,0,0,0,25,0,0,0,0,0,0,0,0,19,241,0,0,0,6,0,106,0,0,0,0,0,0,43,
13,6540,יבנה,2660,33,16,0,690,538,0,538,24,1,1,2,0,0,18,0,0,0,0,0,0,0,0,30,226,0,0,0,0,0,194,0,0,0,0,0,0,42,
13,6541,יבנה,2660,34,16,0,734,594,3,591,28,8,0,0,1,0,31,0,0,0,0,0,0,0,0,27,268,0,1,0,8,0,155,0,0,0,0,0,0,64,
13,6542,יבנה,2660,35,11,0,577,438,3,435,5,8,0,1,0,0,32,0,0,0,0,0,0,0,0,12,229,0,0,0,5,0,53,0,0,0,0,0,0,90,
13,6543,יבנה,2660,36,15,0,585,344,2,342,1,3,1,0,0,0,5,0,0,0,0,0,0,0,1,39,194,0,0,0,4,0,46,0,0,0,1,0,0,47,
13,6544,יבנה,2660,37,6,0,672,513,3,510,11,17,0,0,0,0,26,0,0,0,0,0,0,0,0,8,250,0,0,0,1,0,37,0,0,0,0,0,0,160,
13,6545,יבנה,2660,38,18,0,448,333,4,329,14,8,1,1,0,0,23,0,0,0,0,0,0,0,0,23,127,0,0,0,2,0,90,0,0,0,0,0,0,40,
13,6546,יבנה,2660,39,1,0,425,327,1,326,8,1,0,0,0,0,14,0,0,0,0,0,0,0,0,0,179,0,0,0,3,0,65,0,0,0,0,0,0,56,
13,6547,יבנה,2660,40,4,0,435,334,0,334,23,1,1,0,0,0,5,0,0,0,0,0,0,0,0,3,51,0,0,0,0,0,244,0,0,0,0,0,0,6,
13,6548,יבנה,2660,41,11,0,403,295,0,295,13,4,1,1,0,0,23,0,0,0,0,0,0,0,0,10,136,0,0,0,2,0,43,0,0,0,0,0,0,62,
13,6549,יבנה,2660,43,24,0,517,395,1,394,16,2,1,0,0,0,20,0,0,0,0,0,0,0,0,13,187,1,0,0,0,0,125,0,0,0,0,0,0,29,
13,6550,יבנה,2660,45,3,0,570,440,2,438,25,1,1,2,0,0,11,0,0,0,0,0,0,0,0,9,124,1,0,0,1,0,246,0,0,0,0,0,0,17,
13,6551,יבנה,2660,46,22,0,583,476,0,476,11,5,0,0,1,0,15,0,0,0,0,0,0,0,0,14,177,1,0,0,4,0,216,0,0,0,0,0,0,32,
13,6552,יבנה,2660,47,20,0,623,526,1,525,23,3,0,0,0,0,33,0,0,0,0,0,0,0,0,19,195,1,0,0,0,0,240,0,0,0,0,0,0,11,
13,6553,יבנה,2660,48,23,0,636,508,6,502,22,2,0,0,0,0,20,0,0,0,0,0,0,0,0,23,212,2,0,0,2,0,187,0,0,0,0,0,0,32,
13,6554,יבנה,2660,49,23,0,643,537,2,535,7,5,0,1,0,0,23,0,0,0,0,0,0,0,0,26,255,0,0,0,2,0,192,0,0,0,0,0,0,24,
13,6555,יבנה,2660,50,21,0,648,538,1,537,17,4,0,0,0,0,19,0,0,0,0,0,0,0,0,19,231,0,0,0,3,0,214,0,0,0,0,0,0,30,
13,6556,יבנה,2660,51,20,0,555,450,1,449,10,3,0,0,0,0,14,0,0,0,0,0,0,0,0,13,188,1,0,0,0,0,196,0,0,1,0,0,0,23,
13,6557,יבנה,2660,52,21,0,716,549,2,547,21,1,0,0,0,0,27,0,0,0,0,0,0,0,0,24,222,0,0,0,2,0,222,1,0,0,0,0,0,27,
13,6558,יבנה,2660,53,20,0,549,448,3,445,9,2,0,1,0,0,17,0,0,0,0,0,0,0,0,14,200,0,0,0,2,0,175,0,0,0,0,0,0,25,
13,6559,יבנה,2660,54,22,0,545,445,3,442,14,1,0,0,0,0,10,1,0,0,0,0,0,0,0,14,183,0,0,0,2,0,196,0,0,0,0,0,0,21,
13,6560,יבנה,2660,55,24,0,640,511,0,511,17,1,1,1,0,0,15,0,0,0,0,0,0,0,0,23,204,0,0,0,0,0,230,0,0,0,0,0,0,19,
13,6561,יבנה,2660,56,20,0,558,446,0,446,11,2,0,0,0,0,24,0,0,0,0,0,0,0,0,17,193,0,0,0,0,0,181,0,0,0,0,0,0,18,
13,6562,יבנה,2660,57,23,0,538,436,1,435,8,0,0,0,0,0,9,0,0,0,0,0,0,0,0,15,219,0,0,0,2,0,145,0,0,0,0,0,0,37,
13,6563,יבנה,2660,951,24,0,640,518,0,518,20,3,0,0,0,0,28,0,0,0,0,0,0,0,0,24,196,1,0,0,2,0,210,1,0,0,0,0,0,33,
12,5700,יד רמבם,64,1,1,0,420,347,1,346,9,3,0,0,0,0,19,0,0,0,0,0,0,0,0,2,232,1,0,0,1,0,41,0,0,0,0,0,0,38,
12,5701,יד רמבם,64,2,1,0,433,313,0,313,13,4,0,0,0,0,8,0,0,0,0,0,0,0,0,3,215,0,0,0,0,0,41,0,0,0,0,0,0,29,
11,5285,יהודמונוסון,9400,1,8,0,408,278,1,277,23,0,1,0,0,0,15,0,0,0,0,0,0,0,0,10,123,0,0,0,2,0,96,0,0,0,0,0,0,7,
11,5286,יהודמונוסון,9400,2,4,0,644,484,2,482,20,7,1,0,0,0,17,0,0,0,0,0,0,0,0,6,246,0,0,0,7,0,154,0,0,0,0,0,0,24,
11,5287,יהודמונוסון,9400,3,19,0,565,410,2,408,11,2,1,0,0,0,19,0,0,0,0,0,0,0,0,13,183,0,0,0,2,0,146,0,0,0,0,0,0,31,
11,5288,יהודמונוסון,9400,4.1,20,0,614,449,2,447,7,1,0,1,0,0,12,0,0,0,0,0,0,0,0,6,251,0,0,0,0,2,136,0,0,0,0,0,0,31,
11,5289,יהודמונוסון,9400,4.2,20,0,614,447,3,444,25,3,1,2,0,0,17,0,0,0,0,0,1,1,0,24,217,2,0,0,1,0,131,0,0,0,0,0,0,19,
11,5291,יהודמונוסון,9400,4.4,20,0,614,445,2,443,8,6,0,2,0,0,18,0,0,0,0,0,0,0,0,18,239,0,0,0,3,0,115,0,0,0,0,0,0,34,
11,5292,יהודמונוסון,9400,4.5,20,0,611,437,1,436,19,3,0,2,0,0,25,0,0,0,0,0,0,0,0,16,190,0,0,0,7,0,155,0,0,0,0,0,2,17,
11,5293,יהודמונוסון,9400,5,103,0,568,434,2,432,15,7,0,0,0,0,16,0,0,0,0,0,0,0,0,19,191,0,0,0,7,0,147,0,0,0,0,0,0,30,
11,5294,יהודמונוסון,9400,6,2,0,584,392,0,392,17,2,0,0,0,0,18,0,0,0,0,1,0,0,0,13,182,0,0,0,1,0,133,0,0,0,1,0,0,24,
11,5295,יהודמונוסון,9400,7,8,0,619,465,2,463,36,0,2,0,0,0,16,0,0,0,0,0,0,0,0,14,111,0,0,0,2,0,274,0,0,0,0,0,0,8,
11,5296,יהודמונוסון,9400,8,1,0,532,385,1,384,20,5,0,0,0,0,13,0,0,0,0,0,0,0,1,12,190,0,0,0,2,0,96,0,0,0,0,0,0,45,
11,5297,יהודמונוסון,9400,9,1,0,462,328,2,326,28,3,1,0,0,0,11,0,0,0,0,0,0,0,0,8,142,0,0,0,0,0,122,0,0,0,0,0,0,11,
11,5298,יהודמונוסון,9400,10,9,0,460,311,7,304,11,2,0,0,0,0,13,0,0,0,0,0,0,0,0,5,155,0,0,0,4,0,62,0,1,0,0,0,1,50,
11,5299,יהודמונוסון,9400,11,9,0,366,252,0,252,14,10,0,0,0,0,8,0,0,0,0,0,0,0,0,9,134,0,0,0,0,0,64,0,0,0,0,0,0,13,
11,5300,יהודמונוסון,9400,12,9,0,515,341,7,334,7,5,1,0,0,0,8,0,0,0,0,0,0,1,1,18,193,0,0,0,8,0,63,0,0,0,0,0,0,29,
11,5301,יהודמונוסון,9400,13,8,0,574,386,0,386,31,4,1,1,0,0,8,0,0,0,0,0,0,0,0,11,118,0,0,0,1,0,201,0,0,0,0,0,1,9,
11,5302,יהודמונוסון,9400,14,7,0,596,463,4,459,23,10,0,1,0,0,11,0,0,0,0,0,0,0,0,16,191,0,0,0,2,0,186,0,0,0,0,0,0,19,
11,5303,יהודמונוסון,9400,15,1,0,432,303,1,302,6,4,1,0,0,0,10,0,0,0,0,0,0,0,0,10,181,0,0,0,1,0,65,0,0,0,0,0,0,24,
11,5304,יהודמונוסון,9400,16,1,0,321,208,1,207,6,1,0,0,0,0,4,0,0,0,0,0,0,0,0,3,126,0,0,0,1,0,32,0,0,0,0,0,0,34,
11,5305,יהודמונוסון,9400,18,19,0,673,458,1,457,16,2,1,0,0,0,18,0,0,0,0,0,0,0,0,32,229,0,0,0,6,0,116,0,0,1,0,0,0,36,
11,5306,יהודמונוסון,9400,19,4,0,734,521,2,519,43,3,2,0,0,0,18,0,0,0,0,0,0,0,0,11,163,0,0,0,3,0,259,0,0,0,0,0,0,17,
11,5307,יהודמונוסון,9400,20,17,0,573,436,0,436,35,3,0,0,0,0,13,0,0,0,0,0,0,0,0,13,52,0,0,0,0,0,309,0,0,0,0,0,0,11,
11,5308,יהודמונוסון,9400,22,8,0,549,380,4,376,21,4,1,0,0,0,8,0,0,0,0,0,0,0,0,11,146,0,0,0,0,0,175,1,0,0,0,0,0,9,
11,5309,יהודמונוסון,9400,23,4,0,611,457,2,455,35,5,0,1,0,0,35,0,0,0,0,0,0,0,0,5,191,1,0,0,1,0,163,0,0,0,0,0,0,18,
11,5310,יהודמונוסון,9400,25,16,0,583,443,1,442,34,0,0,0,0,0,8,0,0,0,0,0,0,0,0,12,138,1,0,0,3,0,241,0,0,0,0,0,0,5,
11,5311,יהודמונוסון,9400,26,17,0,522,432,3,429,30,1,1,0,0,0,14,0,0,0,0,0,0,0,0,9,130,0,0,0,0,0,240,0,0,0,0,0,0,4,
11,5312,יהודמונוסון,9400,27,17,0,600,465,0,465,38,0,1,0,0,0,9,0,0,0,0,0,0,0,0,13,122,0,0,0,1,0,278,0,0,0,0,0,0,3,
11,5313,יהודמונוסון,9400,28,16,0,545,415,0,415,43,1,3,0,0,0,12,0,0,0,0,0,0,0,0,11,108,0,0,0,0,0,234,0,0,0,0,0,0,3,
11,5314,יהודמונוסון,9400,29,19,0,582,429,4,425,25,2,0,0,0,0,16,3,0,0,0,0,0,0,0,43,189,0,0,0,3,0,120,0,0,0,0,0,1,23,
11,5315,יהודמונוסון,9400,30,104,0,615,429,3,426,22,5,0,0,0,0,15,0,0,0,0,0,0,0,0,14,219,0,0,0,3,0,128,0,0,0,0,0,0,20,
11,5316,יהודמונוסון,9400,31,17,0,580,437,1,436,28,1,0,0,0,0,10,0,0,0,0,0,0,0,0,4,109,0,0,0,0,0,277,0,0,0,0,0,0,7,
11,5317,יהודמונוסון,9400,33,105,0,519,362,2,360,16,4,3,0,0,0,14,0,0,0,0,0,0,0,0,7,171,0,0,0,3,0,116,0,0,0,0,0,0,26,
11,5318,יהודמונוסון,9400,34,24,0,606,401,2,399,27,10,1,1,0,0,15,0,0,0,0,0,0,0,0,9,228,1,0,0,2,0,88,0,0,0,0,0,0,17,
11,5319,יהודמונוסון,9400,35,19,0,508,359,2,357,16,2,1,0,0,0,13,0,0,0,0,0,0,0,0,4,147,0,0,0,3,0,163,0,0,0,0,0,0,8,
11,5320,יהודמונוסון,9400,37,24,0,640,512,2,510,32,4,1,0,0,0,15,0,0,0,0,0,0,0,0,25,184,0,0,0,0,0,228,0,0,0,0,0,0,21,
11,5321,יהודמונוסון,9400,38,17,0,425,334,0,334,36,1,1,0,0,0,5,0,0,0,0,0,0,0,0,6,70,0,0,0,0,0,213,0,0,0,0,0,0,2,
11,5322,יהודמונוסון,9400,101,101,0,739,533,3,530,41,5,0,1,0,0,12,0,0,0,0,0,0,0,0,11,163,0,0,0,4,0,281,0,0,0,0,0,0,12,
11,5323,יהודמונוסון,9400,102,101,0,608,476,1,475,50,1,1,1,0,0,12,0,0,0,0,0,0,0,0,7,101,1,0,0,3,0,295,0,0,0,0,0,0,3,
11,5324,יהודמונוסון,9400,103,101,0,613,457,3,454,32,0,1,0,0,0,7,0,0,0,0,0,0,0,0,11,137,0,0,0,1,0,259,0,0,0,0,1,0,5,
11,5325,יהודמונוסון,9400,104,101,0,641,491,0,491,42,3,3,0,0,0,6,0,0,0,0,0,0,1,0,3,113,0,0,0,3,0,313,0,0,0,0,0,0,4,
3,1133,יראון,623,1,1,0,369,220,1,219,68,0,3,0,0,0,4,0,0,0,0,0,0,0,0,7,7,0,0,0,0,0,130,0,0,0,0,0,0,0,
4,1439,כנף,4028,1,1,0,323,226,0,226,22,0,0,2,0,0,20,0,0,0,0,0,0,0,0,10,31,0,0,0,0,0,141,0,0,0,0,0,0,0,
4,1385,כנרת מושבה,63,1,1,0,527,380,3,377,33,3,3,0,0,0,13,0,0,0,0,0,0,0,0,3,120,0,0,0,0,0,200,0,0,0,0,0,0,2,
5,2108,כעביהטבאשחגאגרה,978,1,1,0,731,458,0,458,69,0,352,0,0,0,3,0,0,0,0,0,0,0,0,0,14,0,0,0,0,0,18,0,0,0,1,0,0,1,
5,2109,כעביהטבאשחגאגרה,978,2,5,0,465,301,2,299,4,0,272,0,0,0,0,0,0,0,0,1,0,0,0,1,8,0,0,0,0,0,11,0,0,1,0,0,0,1,
5,2110,כעביהטבאשחגאגרה,978,3,2,0,518,265,1,264,8,0,251,0,0,0,0,0,0,1,0,0,0,0,0,0,1,0,0,0,0,0,2,0,0,0,0,0,0,1,
5,2111,כעביהטבאשחגאגרה,978,4,4,0,708,451,1,450,73,0,328,0,0,0,0,0,0,1,0,0,0,0,0,5,18,0,0,0,0,0,23,0,0,0,0,1,1,0,
5,2112,כעביהטבאשחגאגרה,978,5,2,0,525,284,0,284,21,0,250,0,0,0,1,0,0,1,0,0,0,0,0,0,4,0,0,0,0,1,6,0,0,0,0,0,0,0,
5,2113,כעביהטבאשחגאגרה,978,6,6,0,742,455,3,452,52,0,355,0,0,0,0,0,0,0,0,0,0,0,1,7,15,0,0,0,1,1,18,1,0,0,0,0,0,1,
2,1059,כפר אדומים,3638,1,4,0,724,566,2,564,19,4,2,2,0,0,210,0,0,0,0,0,0,0,0,12,207,1,0,0,5,0,96,0,1,0,0,0,0,5,
2,1060,כפר אדומים,3638,2,3,0,688,503,1,502,9,3,3,1,0,0,194,0,0,0,0,0,0,0,0,10,192,0,0,0,2,0,87,0,0,0,0,0,0,1,
2,1061,כפר אדומים,3638,3,3,0,629,471,0,471,11,4,0,0,0,0,162,0,0,0,0,0,0,0,0,8,204,1,0,0,7,0,66,0,0,0,0,0,0,8,
2,1062,כפר אדומים,3638,4,5,0,493,377,3,374,26,5,0,1,0,0,136,0,0,0,0,0,0,1,0,2,104,5,0,0,0,0,93,0,0,0,0,0,0,1,
12,5704,כפר בן נון,2010,1,1,0,539,415,1,414,82,0,1,3,0,0,9,0,0,0,0,0,0,0,0,13,94,2,0,0,0,0,207,0,0,0,0,0,0,3,
12,5748,כפר האורנים,3796,1,1,0,541,371,1,370,51,2,1,0,0,0,14,0,0,0,0,0,0,0,0,8,73,0,0,0,0,0,220,0,0,0,0,0,0,1,
12,5749,כפר האורנים,3796,2,1,0,530,404,0,404,48,5,0,1,0,0,17,0,0,0,0,0,0,0,0,6,67,0,0,0,2,0,255,0,0,0,0,0,0,3,
12,5750,כפר האורנים,3796,3,1,0,552,403,0,403,39,2,1,1,0,0,15,0,0,0,0,0,0,0,0,17,63,1,0,0,1,0,263,0,0,0,0,0,0,0,
4,1408,כפר זיתים,786,1,1,0,474,356,0,356,3,6,0,1,0,0,24,0,0,0,0,0,0,1,0,0,248,0,0,0,2,0,38,0,0,0,0,0,1,32,
4,1454,כפר כמא,508,1,1,0,662,288,2,286,30,0,48,0,0,0,0,0,1,0,0,0,0,0,1,4,4,0,0,0,2,0,195,0,1,0,0,0,0,0,
4,1455,כפר כמא,508,2,2,0,636,262,0,262,38,0,46,0,0,0,0,0,0,0,0,0,0,0,0,3,5,0,0,0,0,0,170,0,0,0,0,0,0,0,
4,1456,כפר כמא,508,3,3,0,600,287,1,286,33,1,32,0,0,0,0,0,0,0,0,0,0,0,0,8,7,0,0,0,0,0,205,0,0,0,0,0,0,0,
4,1457,כפר כמא,508,4,1,0,699,262,1,261,38,0,29,0,0,0,1,0,0,2,0,0,0,0,0,1,5,0,0,0,0,1,184,0,0,0,0,0,0,0,
17,9169,כפר מנחם,274,1,1,0,428,314,2,312,81,1,1,0,0,0,7,0,0,0,0,0,0,0,0,4,20,0,0,0,0,0,197,0,0,0,0,0,0,1,
17,9170,כפר מנחם,274,2,1,0,460,353,0,353,114,0,5,0,0,0,1,0,0,0,0,0,0,0,0,8,29,0,0,0,0,0,195,0,0,0,0,0,0,1,
5,1492,כפר מצר,512,1,1,0,616,420,0,420,17,0,378,0,0,0,1,0,0,0,0,0,0,0,0,0,1,0,0,0,0,0,2,0,0,0,0,0,0,21,
5,1493,כפר מצר,512,2,1,0,565,389,0,389,11,0,349,0,0,0,0,0,0,0,0,0,0,0,0,0,4,1,1,0,1,0,4,0,0,0,0,0,0,18,
5,1494,כפר מצר,512,3,1,0,631,370,2,368,10,1,333,0,0,0,0,0,0,1,0,0,0,1,0,0,2,0,0,0,0,0,14,0,0,0,0,0,1,5,
9,3706,כפר קרע,654,1,5,0,753,558,4,554,6,0,536,0,1,0,0,0,0,0,0,0,0,0,0,0,6,0,0,0,0,1,1,0,0,0,0,1,0,2,
9,3707,כפר קרע,654,2,5,0,783,571,1,570,2,0,565,0,0,0,0,0,0,0,0,0,0,0,0,0,0,0,0,0,0,0,0,0,0,0,0,0,0,3,
9,3708,כפר קרע,654,3,2,0,771,598,0,598,2,0,575,0,0,0,0,0,0,0,1,0,0,0,0,0,9,0,0,0,1,0,2,1,2,0,0,1,0,4,
9,3709,כפר קרע,654,4,3,0,772,542,2,540,4,0,527,0,0,0,1,0,0,0,0,0,0,1,0,0,6,0,0,0,0,0,0,0,1,0,0,0,0,0,
9,3710,כפר קרע,654,5,7,0,734,516,4,512,11,0,465,0,0,0,0,0,0,0,0,0,0,0,0,0,24,0,0,0,0,0,4,0,0,1,0,0,1,6,
9,3711,כפר קרע,654,6,4,0,767,562,2,560,2,0,542,0,0,0,0,0,0,0,0,0,0,0,0,1,3,0,1,1,0,0,4,0,0,0,1,0,1,4,
9,3712,כפר קרע,654,7,2,0,747,510,0,510,1,0,498,0,0,0,0,0,0,0,0,0,0,0,0,0,9,0,0,0,0,0,1,0,0,0,0,0,0,1,
9,3713,כפר קרע,654,8,2,0,718,487,3,484,4,0,458,1,0,0,0,0,0,1,0,0,0,0,0,0,15,0,0,0,0,1,2,0,0,0,0,0,1,1,
9,3714,כפר קרע,654,9,5,0,746,554,0,554,7,0,531,0,0,0,0,0,0,0,0,0,0,0,0,0,7,0,0,0,1,0,2,0,0,0,0,0,2,4,
9,3715,כפר קרע,654,10,7,0,789,547,2,545,2,0,534,0,0,0,0,0,0,1,0,0,0,0,0,0,4,0,0,0,0,0,2,0,0,0,0,1,0,1,
9,3716,כפר קרע,654,11,4,0,789,563,2,561,7,0,536,0,0,0,0,0,0,1,1,0,0,0,0,0,2,0,0,0,0,2,3,1,0,1,0,0,1,6,
9,3717,כפר קרע,654,12,4,0,742,550,0,550,2,0,534,1,0,0,2,0,0,1,0,0,0,0,0,1,5,0,0,0,0,0,2,2,0,0,0,0,0,0,
9,3718,כפר קרע,654,13,4,0,782,554,2,552,4,0,533,0,0,0,0,0,0,1,0,0,0,0,0,0,5,0,0,0,0,1,2,0,2,0,0,1,1,2,
9,3719,כפר קרע,654,14,2,0,777,560,1,559,0,0,544,0,0,0,0,0,0,0,0,0,0,0,0,0,7,0,0,0,0,2,1,0,0,1,0,0,1,3,
9,3720,כפר קרע,654,15,2,0,740,532,6,526,5,0,512,0,0,0,0,0,0,0,0,0,0,0,0,0,1,0,0,0,0,0,4,1,1,0,0,0,1,1,
9,3721,כפר קרע,654,16,5,0,722,515,2,513,4,0,503,0,0,0,0,0,0,0,0,0,0,0,0,0,4,0,0,0,1,0,0,0,0,0,0,0,1,0,
9,3722,כפר קרע,654,17,4,0,745,545,1,544,7,1,522,0,0,0,0,0,0,0,0,0,1,0,0,0,5,0,0,0,0,0,4,0,0,0,0,0,0,4,
3,1138,כרם בן זמרה,664,1,1,0,406,296,1,295,4,6,0,0,0,0,37,0,0,0,0,0,0,0,0,0,183,1,1,0,1,0,49,0,0,0,0,0,0,13,
12,5715,כרמי יוסף,1264,1,4,0,469,379,0,379,53,3,1,1,0,0,9,0,0,0,0,0,0,0,0,11,52,0,0,0,0,0,248,0,0,0,0,0,0,1,
12,5716,כרמי יוסף,1264,2,4,0,484,355,0,355,49,0,0,0,0,0,12,0,0,0,0,0,0,0,0,4,58,0,0,0,0,0,231,0,0,0,0,0,0,1,
12,5717,כרמי יוסף,1264,3,5,0,460,345,0,345,47,3,4,0,0,0,8,0,0,0,0,0,0,0,0,16,34,0,0,0,0,0,230,0,0,0,0,1,0,2,
4,1416,לביא,585,1,1,0,535,382,2,380,13,3,0,0,0,0,204,0,0,0,0,0,0,0,0,2,90,2,0,0,1,0,53,0,0,0,0,1,0,11,
9,3861,מאור,2055,1,1,0,476,376,1,375,41,1,1,0,0,0,23,0,0,0,0,0,0,0,0,4,116,1,0,0,0,0,168,0,0,0,0,0,0,20,
9,3862,מאור,2055,2,1,0,442,335,1,334,37,2,1,0,0,0,22,0,0,0,0,0,0,0,0,4,100,1,0,0,3,0,154,0,0,0,0,0,0,10,
18,9402,מבועים,1080,1,1,0,582,421,1,420,31,2,1,0,0,0,15,0,0,0,0,0,0,0,0,11,228,0,0,0,3,0,98,0,0,0,0,0,0,31,
18,9403,מבועים,1080,2,1,0,343,248,1,247,10,4,1,2,0,0,17,0,0,0,0,0,0,0,0,2,140,0,0,0,0,0,54,0,0,0,0,0,0,17,
17,9176,מבקיעים,573,1,1,0,369,284,2,282,8,3,0,0,0,0,17,0,0,0,0,0,0,0,0,2,135,0,0,0,1,0,99,0,0,0,0,0,0,17,
2,762,מבשרת ציון,1015,1,1,0,707,529,3,526,54,1,2,1,0,0,27,0,0,0,0,0,0,0,0,15,267,1,0,0,2,0,129,0,0,3,0,0,0,24,
2,763,מבשרת ציון,1015,2,1,0,657,444,0,444,26,3,0,0,0,0,23,0,0,0,0,0,0,0,0,9,215,0,0,0,3,0,70,0,0,0,0,0,0,95,
2,764,מבשרת ציון,1015,3,16,0,623,442,0,442,44,4,7,0,0,0,18,0,0,0,0,0,0,0,0,11,208,0,0,0,2,0,117,0,0,0,0,0,0,31,
2,765,מבשרת ציון,1015,4,2,0,448,183,0,183,12,1,1,2,0,0,8,0,0,0,0,0,0,0,0,3,72,0,1,0,0,0,71,0,0,0,1,0,1,10,
2,766,מבשרת ציון,1015,5,6,0,697,517,1,516,81,1,0,0,0,0,8,0,0,0,0,0,1,0,0,21,175,0,0,0,3,0,218,0,0,0,0,0,0,8,
2,767,מבשרת ציון,1015,6,6,0,687,483,1,482,36,6,0,1,0,0,45,0,0,0,0,0,0,0,0,14,206,0,0,0,3,0,156,0,0,0,0,0,0,15,
2,768,מבשרת ציון,1015,7,2,0,502,316,0,316,75,3,4,0,0,0,5,0,0,0,0,0,0,0,0,4,68,0,0,0,1,0,155,0,0,0,0,0,0,1,
2,769,מבשרת ציון,1015,8,1,0,728,484,1,483,23,3,4,2,0,0,17,0,0,0,0,0,0,0,0,7,262,0,0,0,5,0,108,0,0,0,0,0,0,52,
2,770,מבשרת ציון,1015,9,1,0,737,559,3,556,17,2,2,0,0,0,24,0,0,0,0,0,0,0,0,6,361,0,0,0,4,0,80,0,0,0,0,0,0,60,
2,771,מבשרת ציון,1015,10,1,0,668,489,2,487,33,2,0,0,0,0,19,0,1,0,0,0,0,0,0,9,271,1,0,0,3,0,95,1,0,0,0,0,0,52,
2,772,מבשרת ציון,1015,11,2,0,677,497,2,495,106,1,7,0,0,0,13,0,0,0,0,0,0,0,1,11,92,0,0,0,3,0,252,0,0,0,0,0,0,9,
2,773,מבשרת ציון,1015,12,16,0,622,454,1,453,32,8,3,0,0,0,18,0,0,0,0,0,0,0,0,6,272,0,0,0,5,0,79,0,0,0,0,0,1,29,
2,774,מבשרת ציון,1015,13,16,0,494,383,1,382,23,7,2,0,0,0,124,0,0,0,0,0,0,0,0,2,126,0,0,0,14,0,40,0,0,0,0,0,0,44,
2,775,מבשרת ציון,1015,14,6,0,684,501,1,500,75,2,6,1,0,0,18,0,0,0,0,0,0,0,0,10,141,0,0,0,2,0,227,0,0,0,0,0,0,18,
2,776,מבשרת ציון,1015,15,2,0,452,300,0,300,48,0,5,0,0,0,19,0,1,0,0,0,0,0,0,9,83,0,0,0,0,0,127,0,0,0,0,0,0,8,
2,777,מבשרת ציון,1015,16,6,0,556,397,1,396,36,4,3,0,0,0,19,0,0,0,0,0,0,0,0,6,183,0,0,0,1,0,119,0,0,0,0,0,0,25,
2,778,מבשרת ציון,1015,18.1,9,0,660,469,1,468,68,2,5,1,0,0,23,0,0,0,0,0,0,0,0,13,133,0,0,0,3,0,207,0,0,0,0,0,0,13,
2,779,מבשרת ציון,1015,18.2,9,0,660,493,2,491,68,1,3,2,0,0,29,0,0,0,0,0,0,0,0,14,140,0,0,0,2,0,225,0,0,0,0,0,0,7,
2,780,מבשרת ציון,1015,18.3,9,0,660,489,0,489,57,3,3,0,0,0,16,0,0,0,0,0,0,0,0,17,144,1,0,0,2,0,225,0,0,0,0,0,0,21,
2,781,מבשרת ציון,1015,18.4,9,0,660,467,1,466,73,0,2,0,0,0,15,0,0,0,0,0,0,0,0,10,147,0,0,0,0,0,210,0,0,0,0,0,0,9,
2,782,מבשרת ציון,1015,18.5,9,0,657,484,0,484,74,0,3,0,0,0,11,0,0,0,0,0,0,0,0,11,127,1,0,0,1,0,251,0,0,0,0,0,0,5,
2,783,מבשרת ציון,1015,21,11,0,557,445,0,445,52,3,2,0,0,0,13,0,0,0,0,0,0,0,0,17,113,0,0,0,1,0,238,0,0,0,0,0,0,6,
2,784,מבשרת ציון,1015,22,11,0,655,495,0,495,63,1,3,0,0,0,16,0,0,0,0,0,0,0,0,8,179,0,0,0,0,0,211,0,0,0,0,0,0,14,
2,785,מבשרת ציון,1015,23,16,0,598,412,1,411,34,6,3,0,0,0,10,0,0,0,0,0,0,0,0,14,169,0,0,0,3,0,152,0,0,0,0,0,0,20,
2,786,מבשרת ציון,1015,24,6,0,641,427,1,426,25,5,1,0,0,0,16,0,0,0,0,0,1,0,0,17,207,0,0,0,3,0,127,0,0,0,0,0,1,23,
2,787,מבשרת ציון,1015,25,1,0,707,521,1,520,21,7,1,0,0,0,14,0,0,0,0,0,0,0,0,14,319,0,0,0,6,0,66,0,0,0,0,0,0,72,
2,788,מבשרת ציון,1015,26,10,0,634,491,2,489,83,3,3,0,0,0,18,0,0,0,0,0,0,0,0,19,103,0,0,0,2,0,246,0,0,0,0,0,0,12,
2,789,מבשרת ציון,1015,27,10,0,746,552,1,551,65,6,0,0,0,0,22,0,0,0,0,0,0,0,0,22,192,0,0,0,3,0,219,0,0,0,0,0,0,22,
2,790,מבשרת ציון,1015,28,11,0,480,363,1,362,42,1,3,2,0,0,16,0,0,0,0,1,0,0,0,15,97,0,0,0,0,0,180,0,0,0,0,0,0,5,
2,791,מבשרת ציון,1015,30,1,0,690,503,2,501,13,4,3,1,0,0,9,0,0,0,0,0,0,0,0,11,340,0,0,0,1,0,72,0,0,0,0,0,0,47,
5,1885,מגדל העמק,874,1,1,0,607,430,3,427,16,6,0,0,0,0,8,0,0,0,0,0,0,0,0,44,205,0,0,0,2,0,96,2,0,0,0,0,0,48,
5,1886,מגדל העמק,874,2,1,0,571,304,1,303,5,2,0,0,0,0,10,0,0,0,0,0,0,0,1,40,167,0,0,0,2,0,18,0,0,0,0,0,0,58,
5,1887,מגדל העמק,874,3,3,0,392,238,1,237,5,2,0,0,0,0,4,0,0,0,0,0,0,0,0,17,127,0,0,0,1,0,20,0,0,0,0,0,0,61,
5,1888,מגדל העמק,874,4,3,0,638,433,3,430,9,15,0,0,0,0,10,0,0,0,0,0,0,0,0,42,221,0,0,1,2,0,70,1,0,0,0,0,0,59,
5,1889,מגדל העמק,874,5,31,0,442,268,5,263,0,8,0,0,0,0,3,0,0,0,0,0,0,0,0,108,85,0,0,0,2,0,32,0,1,0,0,0,0,24,
5,1890,מגדל העמק,874,6,5,0,507,272,2,270,5,1,0,1,0,0,5,0,0,0,0,0,0,0,0,60,134,0,0,0,1,1,25,0,0,0,0,0,0,37,
5,1891,מגדל העמק,874,7,2,0,776,455,3,452,9,64,0,2,0,0,8,0,0,0,0,0,0,0,0,98,138,0,0,0,2,0,38,0,0,0,0,0,1,92,
5,1892,מגדל העמק,874,8,4,0,732,436,4,432,3,8,0,0,0,0,9,0,0,0,0,0,0,1,0,92,203,0,0,0,1,0,31,0,0,1,0,0,1,82,
5,1893,מגדל העמק,874,9,29,0,421,247,2,245,0,19,0,1,0,0,2,0,0,0,0,0,0,0,0,37,91,0,0,0,0,0,17,0,0,0,0,0,1,77,
5,1894,מגדל העמק,874,10,7,0,513,276,2,274,3,16,0,1,0,0,5,0,0,0,0,0,0,0,0,66,137,0,0,0,2,0,24,0,0,0,0,0,0,20,
5,1895,מגדל העמק,874,11,29,0,560,294,3,291,1,3,1,1,0,0,8,0,0,0,0,0,0,0,0,45,142,0,0,0,0,0,23,0,0,0,0,0,0,67,
5,1896,מגדל העמק,874,12,6,0,535,300,0,300,8,8,0,0,0,0,4,0,0,0,0,0,0,0,1,66,159,0,0,0,2,0,13,0,0,0,0,0,0,39,
5,1897,מגדל העמק,874,13,7,0,636,304,4,300,3,22,0,0,0,0,8,1,0,0,0,0,0,0,0,67,137,2,0,0,4,0,29,0,0,0,0,0,0,27,
5,1898,מגדל העמק,874,14,1,0,741,450,4,446,9,9,0,0,0,0,7,0,0,0,0,0,0,0,0,60,231,0,0,0,4,0,34,0,0,0,0,0,0,92,
5,1899,מגדל העמק,874,15,3,0,418,259,4,255,4,5,0,1,0,0,6,0,0,0,0,0,0,0,0,56,105,0,0,0,1,0,21,0,0,0,0,0,0,56,
5,1900,מגדל העמק,874,16,28,0,614,454,2,452,9,2,0,0,0,0,12,0,0,0,0,0,0,0,0,116,186,1,0,0,0,1,55,0,0,0,0,0,0,70,
5,1901,מגדל העמק,874,17,5,0,488,300,3,297,2,4,1,0,0,0,2,0,0,0,0,0,0,0,0,81,130,0,0,0,0,0,32,0,0,0,0,0,0,45,
5,1902,מגדל העמק,874,18,6,0,543,355,1,354,1,44,0,0,0,0,20,0,0,0,0,0,0,0,0,22,134,0,0,0,2,0,16,0,0,0,0,0,0,115,
5,1903,מגדל העמק,874,21,2,0,638,379,2,377,7,12,0,0,0,0,7,0,0,0,0,0,0,0,0,59,194,0,0,0,0,0,35,0,0,0,0,0,0,63,
5,1904,מגדל העמק,874,22,2,0,710,389,4,385,2,7,2,0,0,0,4,0,0,0,0,0,0,0,0,187,144,0,0,0,0,0,30,0,0,0,0,0,0,9,
5,1905,מגדל העמק,874,23,23,0,576,279,1,278,5,18,0,0,0,0,2,1,0,1,0,0,0,0,0,105,82,1,0,0,0,0,35,0,0,0,0,0,0,28,
5,1906,מגדל העמק,874,29,24,0,518,375,1,374,18,5,0,0,0,0,20,0,0,0,0,0,0,0,0,26,177,0,0,0,1,0,92,0,0,0,0,0,0,35,
5,1907,מגדל העמק,874,30,10,0,689,470,0,470,24,60,0,0,0,0,39,0,0,0,0,0,0,0,0,39,192,1,1,0,2,0,46,0,0,0,0,0,2,64,
5,1908,מגדל העמק,874,31,10,0,540,370,0,370,3,10,0,0,0,0,19,0,0,0,0,0,0,0,0,30,173,0,0,0,0,0,83,0,0,0,0,0,0,52,
5,1909,מגדל העמק,874,32,24,0,562,405,2,403,12,2,0,0,0,0,16,0,0,0,0,0,0,1,0,19,233,0,0,0,4,0,78,0,0,0,0,0,0,38,
5,1910,מגדל העמק,874,33,30,0,623,432,1,431,8,7,0,1,0,0,22,0,0,0,0,0,0,0,1,53,256,0,0,0,0,0,52,1,0,0,0,0,0,30,
5,1911,מגדל העמק,874,34,27,0,762,575,1,574,11,7,0,1,0,0,17,0,1,0,0,0,0,0,0,77,297,0,0,0,0,0,116,0,0,0,0,0,0,47,
5,1912,מגדל העמק,874,35,10,0,569,382,3,379,15,21,0,0,0,0,21,0,0,0,0,0,0,0,0,42,166,1,0,0,2,0,59,0,0,0,0,0,0,52,
5,1913,מגדל העמק,874,36,26,0,610,390,4,386,6,4,0,1,0,0,14,0,0,0,0,0,0,0,0,136,151,0,0,0,0,0,55,0,0,0,0,0,2,17,
5,1914,מגדל העמק,874,37,27,0,696,449,3,446,8,8,0,0,0,0,12,0,0,0,0,0,0,0,0,73,230,1,0,0,0,0,67,0,0,0,0,0,0,47,
5,1915,מגדל העמק,874,38,20,0,602,426,5,421,7,11,1,0,0,0,8,0,0,0,0,0,0,0,0,91,195,0,0,0,2,0,72,0,1,1,0,0,0,32,
5,1916,מגדל העמק,874,40,25,0,678,527,1,526,0,76,0,0,0,0,2,0,0,0,0,0,0,0,0,3,45,0,0,0,10,0,1,0,0,0,0,0,0,389,
5,1917,מגדל העמק,874,41,5,0,430,260,0,260,9,5,0,0,0,0,5,0,0,0,0,0,0,0,0,51,134,0,0,0,0,0,31,0,0,0,0,0,1,24,
5,1918,מגדל העמק,874,42,27,0,788,560,2,558,20,9,0,0,0,0,8,0,0,0,0,0,0,0,0,75,317,0,0,0,5,0,85,0,0,0,0,0,0,39,
5,1919,מגדל העמק,874,43,26,0,572,386,5,381,18,1,0,3,0,0,10,0,0,0,0,0,0,0,0,82,167,0,0,0,0,0,82,0,0,0,0,0,0,18,
5,1920,מגדל העמק,874,44,32,0,549,399,4,395,10,1,0,0,0,0,10,0,0,0,0,0,0,0,0,70,208,0,0,0,2,0,75,0,0,0,0,0,0,19,
5,1600,מגן שאול,1155,1,1,0,386,315,0,315,11,1,0,0,0,0,14,0,0,0,0,0,0,0,0,9,189,1,0,0,2,0,78,0,0,0,0,0,0,10,
12,5756,מודיעין עילית,3797,2,2,0,685,547,4,543,0,407,0,1,0,0,0,0,0,0,0,0,0,0,0,0,9,0,0,0,1,0,1,0,0,0,0,0,0,124,
12,5757,מודיעין עילית,3797,3,11,0,601,491,10,481,0,397,0,0,0,0,1,0,0,0,0,0,0,0,0,0,6,0,0,0,2,0,0,0,0,0,0,0,0,75,
12,5758,מודיעין עילית,3797,4,2,0,601,482,12,470,0,377,0,0,0,0,0,0,0,0,0,0,0,0,0,0,6,0,0,0,1,0,0,1,0,0,0,0,0,85,
12,5759,מודיעין עילית,3797,5,3,0,661,557,4,553,0,416,0,2,0,0,1,0,0,0,0,0,0,0,0,0,6,0,0,0,1,0,0,0,0,0,0,0,0,127,
12,5760,מודיעין עילית,3797,6,6,0,703,565,19,546,0,490,0,0,0,0,0,0,0,0,0,0,0,0,0,0,3,0,0,0,0,0,1,0,0,0,0,0,0,52,
12,5761,מודיעין עילית,3797,7,3,0,722,605,8,597,1,485,0,0,0,0,1,0,0,0,0,0,0,0,0,0,11,0,0,0,2,0,0,0,0,0,0,0,0,97,
12,5762,מודיעין עילית,3797,8,20,0,623,519,13,506,0,427,0,0,0,0,1,0,0,0,0,0,0,0,0,1,7,0,0,0,3,0,0,0,0,0,0,0,0,67,
12,5763,מודיעין עילית,3797,9,17,0,726,591,11,580,0,488,0,0,0,0,2,0,0,0,0,0,0,0,0,0,4,0,0,0,5,0,0,0,0,0,0,0,0,81,
12,5764,מודיעין עילית,3797,10,3,0,757,633,4,629,0,510,0,0,0,0,0,0,0,0,0,0,0,0,0,0,5,0,0,0,2,0,0,0,0,0,0,0,0,112,
12,5765,מודיעין עילית,3797,11,20,0,589,505,5,500,0,385,0,0,0,0,1,0,0,0,0,0,0,0,0,0,3,0,0,0,2,0,2,0,0,0,0,0,0,107,
12,5766,מודיעין עילית,3797,12,27,0,772,658,13,645,0,548,0,0,0,0,1,0,0,0,0,0,0,0,0,0,2,0,0,0,0,0,0,0,0,0,0,0,0,94,
12,5767,מודיעין עילית,3797,13,3,0,724,554,7,547,0,392,0,0,0,0,0,0,0,0,0,0,0,0,0,0,14,0,0,0,0,0,0,0,0,0,0,0,0,141,
12,5768,מודיעין עילית,3797,14,3,0,570,424,0,424,0,327,0,0,0,0,2,0,0,0,0,0,0,0,0,0,8,0,0,0,2,0,0,0,0,0,0,0,0,85,
12,5769,מודיעין עילית,3797,15,26,0,617,539,4,535,0,374,1,0,0,0,0,0,0,0,0,1,0,0,0,0,10,0,0,0,0,0,0,0,0,0,0,0,0,149,
12,5770,מודיעין עילית,3797,16,21,0,763,668,10,658,0,514,0,0,0,0,0,0,0,0,0,0,0,0,0,0,7,0,0,0,1,0,0,0,0,0,1,0,0,135,
12,5771,מודיעין עילית,3797,17,8,0,671,518,1,517,0,466,0,0,0,0,1,0,0,0,0,0,0,0,0,0,0,0,0,0,4,0,0,0,0,0,0,0,0,46,
12,5772,מודיעין עילית,3797,18,7,0,606,515,8,507,0,387,0,2,0,0,1,0,0,0,0,0,0,0,0,0,5,0,0,0,0,0,1,1,0,0,0,1,0,109,
12,5773,מודיעין עילית,3797,19,21,0,641,569,4,565,0,450,0,0,0,0,0,0,0,0,0,0,0,0,0,0,1,0,0,0,0,1,0,0,0,0,0,0,1,112,
12,5774,מודיעין עילית,3797,20,27,0,715,583,8,575,0,474,0,0,0,0,1,0,0,0,0,0,0,0,0,0,10,0,0,0,1,0,0,0,0,0,0,0,0,89,
12,5775,מודיעין עילית,3797,22,28,0,596,519,7,512,0,418,0,0,0,0,1,0,0,0,0,0,0,0,0,0,4,0,0,0,4,0,0,0,0,0,0,0,0,85,
12,5776,מודיעין עילית,3797,23,28,0,582,500,7,493,0,386,1,0,0,0,0,0,0,0,0,0,0,0,0,0,3,0,0,0,2,0,0,0,0,0,0,0,0,101,
12,5777,מודיעין עילית,3797,24,25,0,685,604,11,593,0,514,0,0,0,0,2,0,0,0,0,0,0,0,0,0,6,0,0,0,2,0,0,0,0,0,0,0,0,69,
12,5778,מודיעין עילית,3797,26,27,0,732,582,12,570,3,482,0,0,0,0,1,0,0,0,0,0,0,0,1,1,5,0,0,0,1,0,0,0,0,0,0,0,0,76,
12,5779,מודיעין עילית,3797,27,2,0,528,438,2,436,0,325,0,0,0,0,0,0,0,0,0,0,0,0,0,0,10,0,0,0,4,0,0,0,0,0,0,0,0,97,
12,5780,מודיעין עילית,3797,29,7,0,568,483,7,476,0,352,0,0,0,0,1,0,0,0,0,0,0,0,0,0,6,0,0,0,0,0,1,0,0,0,0,0,0,116,
12,5781,מודיעין עילית,3797,30,8,0,725,634,4,630,0,591,0,0,0,0,0,0,0,0,0,0,0,0,0,0,4,0,0,0,0,0,0,0,0,0,0,0,0,35,
12,5782,מודיעין עילית,3797,32,25,0,771,687,12,675,0,544,0,0,0,0,3,0,0,0,0,0,0,0,0,0,8,0,0,0,1,0,0,0,0,0,0,0,0,119,
12,5783,מודיעין עילית,3797,33,3,0,646,538,11,527,0,433,0,0,0,0,0,1,0,0,0,0,0,0,0,0,8,0,0,0,1,0,0,0,0,0,0,0,0,84,
12,5784,מודיעין עילית,3797,34,18,0,539,446,6,440,0,309,0,0,0,0,3,0,0,0,0,0,0,0,0,0,9,0,0,0,2,0,0,0,0,0,0,0,0,117,
12,5785,מודיעין עילית,3797,36,8,0,642,536,9,527,1,449,0,0,0,0,0,0,0,0,0,0,0,0,0,0,1,0,0,0,0,0,0,0,0,0,0,0,0,76,
12,5786,מודיעין עילית,3797,37,29,0,687,549,7,542,0,422,0,0,0,0,0,0,0,0,0,0,0,0,0,0,11,0,0,0,4,0,0,0,0,0,0,0,0,105,
12,5787,מודיעין עילית,3797,38.1,24,0,605,504,11,493,1,331,0,0,0,0,0,1,0,0,0,0,0,0,0,0,5,0,0,0,1,0,1,0,0,0,0,0,0,153,
12,5788,מודיעין עילית,3797,38.2,24,0,605,511,16,495,0,437,0,1,0,0,2,0,0,0,0,0,0,0,0,0,3,0,0,0,0,0,0,0,0,0,0,0,0,52,
12,5789,מודיעין עילית,3797,38.3,24,0,605,515,1,514,0,374,0,0,0,0,1,0,0,0,1,0,0,0,0,0,3,0,0,0,0,0,0,0,0,0,0,0,0,135,
12,5790,מודיעין עילית,3797,38.4,24,0,605,519,12,507,0,400,0,0,0,0,0,0,0,0,0,1,0,0,0,1,2,0,0,0,0,0,0,0,0,0,0,0,0,103,
12,5791,מודיעין עילית,3797,38.5,24,0,605,479,17,462,0,380,0,0,0,0,1,0,0,0,0,0,0,0,0,0,8,0,0,0,1,0,0,0,0,0,0,0,0,72,
12,5792,מודיעין עילית,3797,38.6,24,0,603,507,3,504,0,444,0,0,0,0,1,0,0,0,0,0,0,0,0,1,3,0,0,0,2,0,0,1,0,0,0,0,0,52,
12,5793,מודיעין עילית,3797,39,18,0,504,416,8,408,0,306,0,0,0,0,0,0,0,0,0,0,0,0,0,0,3,0,0,0,1,0,0,0,0,0,0,0,0,98,
12,5794,מודיעין עילית,3797,41,6,0,728,612,9,603,0,506,0,0,0,0,0,0,0,0,0,0,0,0,0,0,6,0,0,0,0,0,0,0,0,0,0,0,0,91,
12,5795,מודיעין עילית,3797,43,7,0,631,528,10,518,0,366,0,0,0,0,0,0,0,0,0,0,0,0,0,0,9,0,0,0,3,0,0,0,0,0,0,0,0,140,
12,5796,מודיעין עילית,3797,44,28,0,531,452,9,443,0,346,0,0,0,0,0,0,0,0,0,0,0,0,0,1,9,1,0,0,0,0,0,0,0,0,0,0,0,86,
12,5797,מודיעין עילית,3797,45,2,0,640,512,13,499,0,365,1,0,0,0,0,0,0,0,0,0,0,0,0,0,8,0,0,0,0,0,2,0,0,0,0,0,0,123,
12,5798,מודיעין עילית,3797,46,18,0,518,447,6,441,0,332,0,0,0,0,2,0,0,0,0,0,0,0,0,0,2,0,0,0,1,0,1,0,0,0,0,0,0,103,
12,5799,מודיעין עילית,3797,48,21,0,623,506,8,498,0,383,0,0,0,0,2,0,0,0,0,0,0,0,0,0,9,0,0,0,0,0,0,0,0,0,0,0,0,104,
12,5800,מודיעין עילית,3797,49,28,0,545,480,11,469,0,417,0,0,0,0,0,0,0,0,0,0,0,0,0,0,3,0,0,0,0,0,0,0,0,0,0,0,0,49,
5,1601,מולדת,269,1,3,0,371,277,0,277,44,2,0,0,0,0,8,0,0,0,0,0,0,0,0,9,24,0,0,0,1,0,188,0,0,0,0,0,0,1,
5,1602,מולדת,269,2,3,0,446,324,0,324,41,0,1,0,0,0,6,0,0,0,0,0,0,0,0,4,32,1,0,0,0,0,237,0,0,0,0,0,0,2,
5,1607,מיטב,2054,1,1,0,373,289,1,288,3,1,0,0,0,0,30,0,0,0,0,0,0,0,0,3,195,0,0,0,1,0,41,0,1,0,0,0,0,13,
2,1063,מעלה אדומים,3616,1.1,5,0,652,437,2,435,12,8,1,2,0,0,39,0,0,0,0,0,0,0,0,31,265,0,1,0,5,0,39,0,0,0,0,0,0,32,
2,1064,מעלה אדומים,3616,1.2,5,0,652,383,2,381,10,5,0,0,0,0,47,0,0,0,0,1,0,1,0,35,199,1,1,0,5,0,49,0,0,0,1,0,0,26,
2,1065,מעלה אדומים,3616,2,6,0,456,328,0,328,3,6,0,0,0,0,38,0,0,0,0,0,0,0,0,26,161,1,0,0,3,0,43,0,0,0,0,0,0,47,
2,1066,מעלה אדומים,3616,3,6,0,636,447,1,446,6,19,0,0,0,0,39,0,0,0,0,0,0,0,0,12,267,2,0,0,4,0,47,0,0,0,0,0,0,50,
2,1067,מעלה אדומים,3616,4,4,0,684,492,0,492,10,4,0,0,0,0,74,0,0,0,0,0,0,0,0,25,290,0,0,0,2,0,55,0,0,0,0,1,0,31,
2,1068,מעלה אדומים,3616,6,8,0,588,369,6,363,8,17,0,0,0,0,38,0,0,0,0,0,0,0,0,43,186,0,0,0,1,0,45,1,0,0,0,0,0,24,
2,1069,מעלה אדומים,3616,7,2,0,717,394,4,390,8,13,0,0,0,0,40,0,0,0,0,1,0,0,0,64,187,0,0,0,2,0,44,0,0,1,0,0,1,29,
2,1070,מעלה אדומים,3616,8,8,0,708,473,2,471,12,15,0,2,0,0,112,0,0,0,0,0,0,0,0,16,230,0,1,0,9,0,46,0,0,0,0,0,0,28,
2,1071,מעלה אדומים,3616,9,2,0,651,405,6,399,6,19,0,0,1,0,32,0,0,0,0,0,0,0,0,69,199,2,0,0,3,0,41,0,0,1,0,0,0,26,
2,1072,מעלה אדומים,3616,10,8,0,644,427,8,419,10,23,0,0,0,0,62,0,0,0,0,0,0,1,0,38,182,0,0,0,12,0,32,0,0,0,0,0,2,57,
2,1073,מעלה אדומים,3616,11,6,0,662,421,3,418,7,23,0,0,0,0,38,0,0,0,0,0,0,1,0,36,233,2,0,0,7,0,21,0,0,0,0,0,0,50,
2,1074,מעלה אדומים,3616,12,11,0,669,470,0,470,8,4,0,0,0,0,27,0,0,0,0,0,0,0,0,40,302,2,0,0,2,0,55,1,0,0,0,0,0,29,
2,1075,מעלה אדומים,3616,13,4,0,543,346,1,345,7,11,0,0,0,0,22,0,0,0,0,0,0,0,0,28,183,0,0,0,2,2,41,0,0,0,0,1,0,48,
2,1076,מעלה אדומים,3616,14,17,0,465,349,2,347,0,9,0,0,0,0,28,1,0,0,0,0,0,0,0,20,210,0,0,0,5,0,35,0,0,0,0,0,2,37,
2,1077,מעלה אדומים,3616,15,6,0,596,381,4,377,3,9,0,0,0,0,61,0,0,0,0,0,0,0,0,29,198,0,0,0,8,0,39,0,0,0,0,0,0,30,
2,1078,מעלה אדומים,3616,16,11,0,656,476,5,471,11,7,0,0,0,0,32,0,0,0,0,1,0,0,0,17,313,0,0,0,0,0,65,0,0,0,0,0,0,25,
2,1079,מעלה אדומים,3616,17,11,0,594,393,2,391,6,6,0,0,0,0,18,0,0,0,0,2,0,0,0,41,227,1,0,0,0,0,46,0,0,0,0,0,0,44,
2,1080,מעלה אדומים,3616,19,19,0,555,415,0,415,3,9,0,1,0,0,264,0,0,0,0,0,0,1,0,0,105,1,0,0,8,0,12,0,0,0,0,0,0,11,
2,1081,מעלה אדומים,3616,20,19,0,563,414,1,413,3,21,2,0,0,0,234,0,0,0,0,0,0,1,0,1,123,2,0,0,5,0,12,1,0,0,0,0,0,8,
2,1082,מעלה אדומים,3616,21,11,0,609,457,1,456,9,9,0,0,0,0,15,0,0,0,0,0,0,1,0,9,311,0,0,0,1,0,44,0,0,0,0,0,0,57,
2,1083,מעלה אדומים,3616,22,11,0,424,301,2,299,2,6,0,0,0,0,26,0,0,0,0,0,0,1,0,8,170,1,0,0,1,0,55,0,0,0,0,0,0,29,
2,1084,מעלה אדומים,3616,23,17,0,421,309,1,308,8,3,0,1,0,0,14,0,0,0,0,0,0,0,1,13,198,0,0,0,2,0,46,0,0,0,0,0,0,22,
2,1085,מעלה אדומים,3616,24,13,0,713,531,2,529,10,2,0,0,0,0,26,0,0,0,0,0,0,0,0,28,357,0,0,0,2,0,71,0,0,0,0,0,1,32,
2,1086,מעלה אדומים,3616,25,22,0,616,440,5,435,4,5,0,0,0,0,30,0,0,0,0,0,0,0,0,19,275,1,0,0,1,0,51,1,0,0,0,0,0,48,
2,1087,מעלה אדומים,3616,26,7,0,602,428,2,426,9,3,1,1,0,0,38,0,0,0,0,0,1,0,0,24,256,0,0,0,2,0,59,0,0,1,0,0,0,31,
2,1088,מעלה אדומים,3616,27,7,0,626,479,1,478,7,0,0,0,0,0,71,0,0,0,0,0,0,0,0,22,303,0,0,0,7,0,43,0,0,0,0,0,0,25,
2,1089,מעלה אדומים,3616,28,7,0,780,575,2,573,8,13,1,0,0,0,44,0,0,0,0,0,0,0,0,31,341,0,0,0,3,0,83,0,0,0,0,0,0,49,
2,1090,מעלה אדומים,3616,29,13,0,727,512,1,511,12,8,0,0,0,0,30,0,0,0,0,0,0,0,0,22,321,1,0,0,6,0,77,0,0,0,0,0,0,34,
2,1091,מעלה אדומים,3616,30,22,0,610,449,0,449,7,2,0,0,0,0,37,0,0,0,0,0,0,0,0,21,275,0,11,0,0,0,53,0,0,0,0,0,0,43,
2,1092,מעלה אדומים,3616,31,7,0,720,490,5,485,9,5,0,0,0,0,31,0,0,0,0,0,0,0,0,71,284,0,0,0,3,0,43,0,0,0,0,0,0,39,
2,1093,מעלה אדומים,3616,35,26,0,591,449,2,447,8,2,1,0,0,0,25,0,0,0,0,0,0,0,0,11,312,0,0,0,4,0,65,0,0,0,0,0,0,19,
2,1094,מעלה אדומים,3616,37,20,0,749,586,4,582,10,8,0,0,0,0,32,0,0,0,0,0,0,0,0,40,381,2,0,0,3,0,63,0,0,0,0,0,0,43,
2,1095,מעלה אדומים,3616,38,20,0,620,459,2,457,5,2,2,0,0,0,28,0,0,0,0,0,0,1,0,21,292,0,0,0,3,0,55,0,0,0,0,0,0,48,
2,1096,מעלה אדומים,3616,40,20,0,714,535,1,534,9,5,0,0,0,0,32,0,0,0,0,0,0,0,0,31,370,0,0,0,3,0,60,1,0,0,0,0,0,23,
2,1097,מעלה אדומים,3616,41,25,0,694,544,0,544,7,1,1,0,0,0,35,0,0,0,0,0,0,0,0,22,385,0,0,0,3,0,63,0,0,0,0,0,1,26,
2,1098,מעלה אדומים,3616,42,20,0,706,535,0,535,10,3,0,1,0,0,32,0,0,0,0,0,0,0,0,25,376,0,0,0,1,0,48,0,0,0,0,0,0,39,
2,1099,מעלה אדומים,3616,43,25,0,684,567,2,565,3,4,0,0,0,0,50,0,0,0,0,0,0,0,0,22,381,0,1,0,3,0,67,0,0,0,0,0,0,34,
2,1100,מעלה אדומים,3616,44,19,0,589,433,0,433,0,18,0,0,0,0,259,0,0,0,0,0,0,0,0,0,108,0,0,0,13,0,11,0,0,0,0,0,0,24,
2,1101,מעלה אדומים,3616,45,25,0,737,570,2,568,8,1,1,0,0,0,39,0,0,0,0,0,0,0,0,21,387,2,0,0,3,0,87,0,0,0,0,0,0,19,
2,1102,מעלה אדומים,3616,46,26,0,673,531,1,530,3,3,0,1,0,0,40,0,0,0,0,0,0,0,0,24,359,0,0,0,5,0,55,0,0,0,0,0,0,40,
2,1103,מעלה אדומים,3616,950.1,3,0,654,496,1,495,6,4,1,0,0,0,35,0,0,0,0,2,0,0,0,15,331,0,0,0,4,0,55,0,0,0,0,0,0,42,
2,1104,מעלה אדומים,3616,950.2,3,0,654,469,3,466,6,4,0,3,0,0,37,0,0,0,0,0,0,0,0,19,319,2,0,0,3,0,40,0,0,0,0,0,0,33,
2,1105,מעלה אדומים,3616,950.3,3,0,652,471,2,469,10,10,1,1,0,0,39,0,0,0,0,0,0,0,0,21,309,0,0,0,1,0,49,0,0,0,0,0,0,28,
2,1106,מעלה אדומים,3616,952,22,0,771,531,2,529,13,6,1,0,0,0,39,0,0,0,0,0,0,0,0,40,328,1,1,0,2,0,71,0,0,0,0,0,0,27,
2,795,מעלה החמישה,286,1,1,0,592,413,0,413,123,0,3,1,0,0,9,0,0,0,0,0,0,1,1,4,21,2,0,0,0,0,247,1,0,0,0,0,0,0,
9,4055,מעלה עירון,1327,1,2,0,594,360,4,356,3,0,346,0,0,0,1,0,0,0,0,1,0,0,0,0,0,0,0,0,0,1,0,0,0,2,0,0,0,2,
9,4056,מעלה עירון,1327,2,2,0,664,483,0,483,1,0,479,0,0,0,0,0,0,0,1,0,0,0,0,0,0,0,0,0,0,0,0,0,0,1,0,0,0,1,
9,4057,מעלה עירון,1327,3,1,0,645,418,1,417,3,0,411,0,0,0,0,0,1,0,0,0,0,0,0,0,0,0,0,0,0,1,1,0,0,0,0,0,0,0,
9,4058,מעלה עירון,1327,4,3,0,604,353,1,352,0,0,338,0,0,0,0,0,0,0,0,0,1,0,0,0,5,0,1,0,0,0,4,0,0,0,0,1,0,2,
9,4059,מעלה עירון,1327,5,3,0,670,284,0,284,0,0,282,0,0,0,0,0,0,0,0,0,0,0,0,0,1,0,0,0,1,0,0,0,0,0,0,0,0,0,
9,4060,מעלה עירון,1327,6,4,0,487,338,2,336,0,0,333,0,0,0,0,0,0,1,0,0,0,0,0,0,0,0,0,0,0,0,1,0,0,1,0,0,0,0,
9,4061,מעלה עירון,1327,7,8,0,731,360,4,356,2,0,348,0,0,0,1,0,0,1,0,0,0,1,0,0,0,0,0,0,0,0,1,0,0,1,0,0,0,1,
9,4062,מעלה עירון,1327,8,1,0,613,382,2,380,2,0,374,0,0,0,0,0,0,1,0,0,0,0,0,0,2,0,0,0,1,0,0,0,0,0,0,0,0,0,
9,4063,מעלה עירון,1327,9,6,0,585,370,3,367,1,0,366,0,0,0,0,0,0,0,0,0,0,0,0,0,0,0,0,0,0,0,0,0,0,0,0,0,0,0,
9,4064,מעלה עירון,1327,10,2,0,718,442,1,441,2,0,439,0,0,0,0,0,0,0,0,0,0,0,0,0,0,0,0,0,0,0,0,0,0,0,0,0,0,0,
9,4065,מעלה עירון,1327,11,3,0,734,369,0,369,0,0,364,0,0,0,0,0,0,0,0,0,0,2,0,0,0,0,1,0,0,1,0,0,0,1,0,0,0,0,
9,4066,מעלה עירון,1327,12,2,0,561,319,1,318,1,0,310,0,0,0,0,0,0,1,0,0,0,0,0,0,1,0,0,0,0,0,4,0,1,0,0,0,0,0,
9,4067,מעלה עירון,1327,13,6,0,538,456,1,455,1,0,452,0,0,0,0,0,0,0,0,0,0,0,0,0,1,0,0,0,0,1,0,0,0,0,0,0,0,0,
9,4068,מעלה עירון,1327,14,2,0,602,368,2,366,1,0,360,0,0,0,0,0,0,1,0,0,0,0,0,0,0,0,0,0,0,1,0,0,0,1,0,0,0,2,
9,4069,מעלה עירון,1327,15,9,0,621,414,2,412,1,0,403,0,0,0,0,0,0,2,0,0,0,0,1,0,0,0,0,0,0,1,1,0,0,1,2,0,0,0,
9,4070,מעלה עירון,1327,16,6,0,529,352,2,350,2,0,346,0,0,0,1,0,0,0,0,0,0,0,0,0,0,0,0,0,0,0,1,0,0,0,0,0,0,0,
2,1030,מעלה עמוס,3653,1,1,0,364,279,0,279,1,151,0,0,0,0,58,0,0,0,0,0,0,0,0,0,28,0,0,0,8,0,2,0,0,0,0,0,0,31,
12,5720,מצליח,757,1,1,0,525,405,0,405,15,2,0,2,0,0,17,0,0,1,0,0,0,0,0,15,247,0,0,0,3,0,76,1,0,0,0,0,0,26,
12,5721,מצליח,757,2,1,0,453,339,2,337,9,0,0,2,0,0,6,0,0,0,0,0,0,0,0,4,191,0,0,0,2,0,108,0,0,0,0,0,0,15,
5,1610,מרחביה קיבוץ,66,1,1,0,470,321,3,318,51,0,1,0,0,0,10,1,0,0,0,0,0,1,1,26,82,1,0,0,0,0,142,0,0,0,0,0,0,2,
5,1611,מרחביה קיבוץ,66,2,1,0,448,341,1,340,63,0,2,0,0,0,10,0,0,0,0,0,0,0,0,15,89,0,0,0,1,0,159,0,0,0,0,0,0,1,
18,10104,משמר הנגב,395,1,1,0,429,287,1,286,90,0,0,0,0,0,6,0,0,0,0,0,0,0,0,7,35,0,0,0,1,1,145,0,0,0,0,1,0,0,
18,10105,משמר הנגב,395,2,1,0,365,245,0,245,71,0,0,0,0,0,7,0,0,0,0,0,0,0,0,8,24,0,0,0,1,0,134,0,0,0,0,0,0,0,
5,2055,משמר העמק,130,1,1,0,444,333,0,333,150,0,0,0,0,0,2,0,0,0,0,0,0,0,0,1,3,0,0,0,0,0,177,0,0,0,0,0,0,0,
5,2056,משמר העמק,130,2,1,0,507,382,0,382,172,1,4,0,0,0,2,0,0,0,0,0,0,0,0,2,14,0,0,0,0,0,187,0,0,0,0,0,0,0,
6,2122,נהריה,9100,1,6,0,770,488,0,488,26,0,2,0,0,0,12,0,0,0,0,0,0,0,0,49,206,1,0,0,0,0,165,0,0,1,0,0,0,26,
6,2123,נהריה,9100,2,50,0,788,431,0,431,22,5,4,0,0,0,15,0,0,0,0,0,0,0,1,31,209,1,0,0,1,0,110,0,0,0,0,0,0,32,
6,2124,נהריה,9100,3,6,0,760,396,5,391,19,8,3,0,0,0,10,0,0,0,0,0,0,2,0,32,193,0,0,0,0,0,101,0,0,0,0,0,0,23,
6,2125,נהריה,9100,4,44,0,767,490,1,489,21,5,2,0,0,0,26,0,0,0,0,0,0,0,0,48,225,0,0,0,1,0,126,0,0,1,0,0,0,34,
6,2126,נהריה,9100,5,50,0,702,470,1,469,27,3,4,2,0,0,7,0,0,0,2,0,0,0,0,39,170,0,0,0,1,0,185,0,0,0,0,0,0,29,
6,2127,נהריה,9100,6,56,0,749,361,4,357,7,1,0,0,0,0,5,0,0,0,0,0,0,0,0,91,154,0,0,0,2,0,79,0,0,0,0,0,0,18,
6,2128,נהריה,9100,7,6,0,774,444,5,439,21,4,1,1,0,0,12,0,0,0,0,0,0,0,0,30,224,0,0,0,0,0,113,0,0,0,0,0,1,32,
6,2129,נהריה,9100,11,8,0,561,353,0,353,11,5,5,0,1,0,7,0,0,0,0,0,0,0,0,56,181,0,0,0,3,0,45,0,0,1,0,0,0,38,
6,2130,נהריה,9100,12,40,0,644,357,2,355,8,14,1,0,0,0,4,0,0,0,0,0,0,0,0,29,207,0,0,0,1,0,46,0,0,0,0,0,0,45,
6,2131,נהריה,9100,13,40,0,620,335,1,334,8,4,5,1,0,0,6,0,1,0,0,0,0,0,0,49,192,0,0,0,3,0,32,1,0,0,0,0,0,32,
6,2132,נהריה,9100,14,40,0,492,287,2,285,13,2,6,1,0,0,5,0,0,0,1,0,0,0,0,26,156,0,0,0,0,0,55,0,0,0,0,0,0,20,
6,2133,נהריה,9100,15,15,0,457,273,3,270,7,0,0,0,0,0,5,0,0,0,0,0,0,0,0,45,143,0,0,0,4,0,38,0,0,1,0,0,0,27,
6,2134,נהריה,9100,16,15,0,463,262,4,258,5,0,1,0,0,0,10,0,0,0,0,0,0,0,0,27,153,0,0,0,6,0,20,0,0,0,0,0,0,36,
6,2135,נהריה,9100,17,17,0,516,334,5,329,5,2,0,0,0,0,11,0,0,0,0,0,0,0,0,64,178,0,0,0,1,0,29,0,0,0,0,0,0,39,
6,2136,נהריה,9100,18,58,0,562,300,2,298,2,2,1,0,0,0,3,0,0,0,0,0,0,0,0,62,168,0,0,0,1,0,32,0,0,0,0,0,0,27,
6,2137,נהריה,9100,19,63,0,639,352,4,348,2,10,0,0,0,0,8,0,0,0,0,0,0,0,0,48,185,0,0,0,1,0,39,0,0,0,0,0,0,55,
6,2138,נהריה,9100,20,13,0,642,345,2,343,4,4,0,0,0,0,8,1,0,0,0,0,0,0,0,110,163,0,0,0,0,0,26,0,0,0,0,0,0,27,
6,2139,נהריה,9100,21,13,0,634,346,4,342,9,4,3,0,0,0,6,0,0,0,0,0,0,0,0,77,167,0,0,0,1,0,47,0,1,0,0,0,0,27,
6,2140,נהריה,9100,22,17,0,560,302,2,300,5,1,3,0,0,0,4,0,0,0,0,0,0,1,0,62,165,1,0,0,2,0,26,0,0,0,0,0,0,30,
6,2141,נהריה,9100,23,58,0,731,391,2,389,7,4,1,0,0,0,3,0,0,0,0,0,0,0,0,75,222,0,0,0,1,0,29,0,0,0,0,0,0,47,
6,2142,נהריה,9100,24,63,0,529,358,0,358,3,1,2,1,0,0,14,0,0,0,0,0,0,0,0,23,226,1,0,0,3,0,23,0,0,0,0,0,0,61,
6,2143,נהריה,9100,29,54,0,619,475,2,473,7,0,4,0,0,0,20,0,0,0,0,0,0,0,0,95,210,0,0,0,1,0,112,0,0,0,0,0,0,24,
6,2144,נהריה,9100,30,70,0,689,527,0,527,3,0,0,1,0,0,20,0,0,0,0,0,0,0,0,95,259,0,0,0,2,0,117,0,0,0,0,0,0,30,
6,2145,נהריה,9100,31,60,0,615,422,1,421,16,2,2,1,0,0,34,0,0,0,0,0,0,0,1,12,244,0,0,0,1,0,77,0,0,0,0,0,0,31,
6,2146,נהריה,9100,32,18,0,532,347,2,345,12,2,1,0,0,0,16,0,0,0,0,0,0,0,0,8,186,1,0,0,2,0,49,0,0,0,0,0,0,68,
6,2147,נהריה,9100,33,18,0,678,400,2,398,25,1,0,1,0,0,17,0,0,0,0,0,0,0,0,39,188,0,0,0,4,0,61,0,0,0,0,0,0,62,
6,2148,נהריה,9100,34,60,0,573,330,6,324,8,1,6,0,0,0,4,0,0,0,0,0,1,0,0,55,168,0,0,0,0,0,49,0,0,0,0,1,0,31,
6,2149,נהריה,9100,35,53,0,649,439,2,437,13,3,2,0,0,0,7,0,0,0,0,0,0,0,0,112,197,0,0,0,0,0,91,0,0,0,0,0,0,12,
6,2150,נהריה,9100,36,22,0,685,427,6,421,7,4,0,0,0,0,14,0,0,0,0,0,0,0,0,95,230,1,0,0,1,0,55,0,0,0,0,0,0,14,
6,2151,נהריה,9100,37,22,0,696,400,4,396,5,5,3,0,0,0,8,0,0,0,1,0,0,0,0,113,170,1,0,0,3,0,48,1,0,0,0,0,0,38,
6,2152,נהריה,9100,38.1,36,0,649,427,1,426,12,2,0,0,0,0,16,0,0,0,0,0,0,0,0,34,228,0,0,0,0,0,119,0,0,0,0,0,0,15,
6,2153,נהריה,9100,38.2,36,0,649,408,3,405,26,4,1,0,0,0,16,0,0,0,0,0,0,0,0,37,156,1,0,0,0,0,139,0,0,0,0,0,0,25,
6,2154,נהריה,9100,38.3,36,0,649,418,4,414,16,2,1,0,0,0,20,0,0,0,0,0,0,0,0,51,181,0,0,0,2,0,126,0,0,0,0,0,0,15,
6,2155,נהריה,9100,38.4,36,0,649,428,2,426,14,3,2,2,0,0,15,0,0,0,0,0,0,0,0,32,186,0,0,0,2,0,147,0,1,1,0,0,0,21,
6,2156,נהריה,9100,38.5,36,0,649,379,5,374,14,0,1,0,0,0,21,0,0,0,0,0,0,0,0,67,144,0,0,0,0,0,116,0,0,1,0,0,0,10,
6,2157,נהריה,9100,38.6,36,0,647,378,3,375,22,0,1,0,0,0,7,0,0,0,0,0,0,0,0,61,144,0,0,0,3,1,127,0,0,1,0,0,0,8,
6,2158,נהריה,9100,42,65,0,664,423,3,420,13,2,0,0,0,0,18,0,0,0,0,0,0,0,0,37,204,1,0,0,1,0,124,0,0,1,0,0,0,19,
6,2159,נהריה,9100,43,62,0,724,423,7,416,12,0,0,0,0,0,25,0,0,0,0,0,0,0,0,19,203,0,0,0,2,0,135,0,0,1,0,0,1,18,
6,2160,נהריה,9100,44,62,0,720,497,2,495,23,4,2,1,0,0,22,0,0,0,0,0,0,0,0,29,215,0,0,0,1,0,179,0,1,0,0,0,0,18,
6,2161,נהריה,9100,46,73,0,769,412,1,411,17,3,2,0,0,0,7,0,0,0,0,0,0,0,0,35,196,0,0,0,1,0,133,0,0,0,0,0,0,17,
6,2162,נהריה,9100,49,59,0,754,501,8,493,27,6,1,1,0,0,28,0,0,0,0,0,0,0,0,64,217,1,0,0,3,0,108,0,0,0,0,0,1,36,
6,2163,נהריה,9100,50,74,0,639,446,1,445,15,2,3,0,0,0,27,0,0,0,0,0,0,0,0,59,212,0,0,0,2,0,97,1,0,0,0,0,0,27,
6,2164,נהריה,9100,51.1,45,0,592,375,1,374,14,0,8,0,0,0,14,1,0,0,1,1,0,0,0,39,205,0,0,0,1,0,72,0,0,0,1,0,0,17,
6,2165,נהריה,9100,51.2,45,0,592,373,1,372,13,2,15,0,0,0,7,0,0,0,0,0,0,0,0,59,147,0,0,0,0,0,116,0,1,0,0,0,0,12,
6,2166,נהריה,9100,51.3,45,0,592,397,4,393,15,1,16,4,1,0,11,1,0,0,0,0,0,0,0,49,178,0,0,0,1,0,105,1,0,0,0,0,0,10,
6,2167,נהריה,9100,51.4,45,0,592,419,3,416,13,2,5,0,0,0,11,0,2,0,0,0,0,0,0,103,142,1,0,0,0,0,120,1,0,1,0,0,0,15,
6,2168,נהריה,9100,53,44,0,657,407,0,407,19,2,2,0,0,0,8,0,0,0,0,0,0,0,0,60,180,0,0,0,1,0,116,0,0,0,0,0,1,18,
6,2169,נהריה,9100,54,74,0,771,501,2,499,17,6,2,0,0,0,29,0,0,0,0,0,0,0,0,67,223,0,0,0,2,0,129,0,0,0,0,0,0,24,
6,2170,נהריה,9100,57,57,0,583,373,0,373,18,4,1,0,0,0,20,0,0,0,0,0,0,0,0,40,153,0,0,0,1,0,121,1,0,0,0,0,0,14,
6,2171,נהריה,9100,58,44,0,651,403,1,402,15,3,5,0,0,0,16,0,0,0,0,0,0,0,0,46,179,0,0,0,0,0,103,1,0,0,0,0,0,34,
6,2172,נהריה,9100,60,1,0,613,407,3,404,23,1,3,1,0,0,13,0,0,0,0,0,0,0,0,13,188,0,0,0,3,0,148,0,0,0,0,0,0,11,
6,2173,נהריה,9100,62,44,0,624,400,3,397,12,3,1,0,0,0,10,0,0,0,0,0,0,0,0,40,205,1,0,0,0,0,95,0,0,0,0,0,0,30,
6,2175,נהריה,9100,66,48,0,569,429,3,426,16,0,4,0,0,0,18,0,0,0,0,0,0,0,0,14,221,0,0,0,2,1,139,0,0,0,0,0,0,11,
6,2176,נהריה,9100,68,48,0,698,514,1,513,20,2,2,0,0,0,18,0,0,0,0,0,0,0,0,29,239,0,0,0,4,0,190,0,0,0,0,0,0,9,
6,2177,נהריה,9100,70,74,0,602,371,6,365,11,2,2,0,0,0,15,0,0,0,0,0,0,0,1,54,152,0,0,0,1,0,116,0,0,1,0,0,0,10,
6,2178,נהריה,9100,72,47,0,442,297,1,296,12,0,2,1,0,0,10,0,0,0,0,0,0,0,0,27,123,0,0,0,0,0,115,0,0,0,0,0,0,6,
6,2179,נהריה,9100,73,33,0,497,293,2,291,14,1,1,0,0,0,8,0,0,0,0,0,0,0,0,28,103,0,0,1,2,0,120,0,0,1,0,0,0,12,
6,2180,נהריה,9100,75,73,0,678,467,0,467,27,2,1,0,0,0,14,0,0,0,0,0,0,0,0,44,184,0,0,0,0,0,165,0,0,0,0,0,0,30,
6,2181,נהריה,9100,77,74,0,749,516,2,514,14,7,1,1,1,0,34,0,0,0,0,0,0,0,0,49,218,0,0,0,1,0,171,0,0,1,0,0,0,16,
6,2182,נהריה,9100,78.1,2,0,619,356,5,351,16,1,1,0,0,0,9,0,0,0,0,0,0,0,0,20,182,0,0,0,0,0,85,0,0,0,0,0,0,37,
6,2183,נהריה,9100,78.2,2,0,619,343,0,343,19,1,1,1,0,0,12,0,0,0,0,0,0,0,0,36,160,1,0,0,0,0,96,0,0,0,0,0,0,16,
6,2184,נהריה,9100,78.3,2,0,619,371,3,368,26,2,2,0,0,0,9,0,0,0,0,0,0,0,0,49,144,1,0,0,1,0,117,0,0,0,0,0,1,16,
6,2185,נהריה,9100,78.4,2,0,619,368,0,368,24,3,0,1,0,0,15,0,0,0,0,1,0,0,0,33,170,3,0,0,2,0,93,0,0,0,0,0,0,23,
6,2186,נהריה,9100,78.5,2,0,619,384,3,381,13,1,2,0,0,0,11,0,0,0,0,0,0,0,0,42,177,0,0,0,1,0,109,0,0,0,1,0,0,24,
6,2187,נהריה,9100,78.6,2,0,618,360,2,358,13,5,0,1,0,0,9,0,0,0,0,0,0,0,0,64,132,1,0,0,2,0,110,0,0,0,0,0,0,21,
6,2188,נהריה,9100,79,48,0,502,349,0,349,14,0,3,1,0,0,23,0,0,0,0,0,0,0,0,17,163,0,0,0,0,0,117,0,0,0,0,0,0,11,
6,2189,נהריה,9100,80,53,0,557,393,3,390,6,0,2,1,0,0,12,0,0,0,0,0,0,0,0,77,187,1,0,0,0,1,76,0,0,0,0,0,0,27,
6,2190,נהריה,9100,81,53,0,662,426,2,424,13,2,1,2,0,0,12,1,0,0,0,0,0,0,1,77,209,2,0,0,0,0,75,0,0,0,0,0,0,29,
6,2191,נהריה,9100,82,40,0,416,263,3,260,4,1,2,0,0,0,5,0,0,0,0,0,0,0,0,29,155,0,0,0,0,0,29,0,0,0,0,0,0,35,
6,2192,נהריה,9100,83.1,43,0,638,442,3,439,14,0,2,0,0,0,22,0,0,0,0,0,0,0,0,19,270,0,0,0,0,0,86,0,0,0,0,0,0,26,
6,2193,נהריה,9100,83.2,43,0,638,431,3,428,12,1,4,0,0,0,9,0,0,0,0,0,0,0,0,34,236,0,0,0,2,0,113,0,0,0,0,0,0,17,
6,2194,נהריה,9100,83.3,43,0,638,396,1,395,8,2,10,0,0,0,12,0,0,0,0,0,0,0,0,36,211,1,0,0,0,0,98,0,0,0,1,0,0,16,
6,2195,נהריה,9100,83.4,43,0,638,418,1,417,8,0,9,0,0,0,20,0,0,0,0,0,0,0,0,39,213,1,0,0,4,0,104,0,0,0,0,0,0,19,
6,2196,נהריה,9100,83.5,43,0,638,410,2,408,15,0,6,0,0,0,14,0,0,0,0,0,0,0,0,36,204,2,0,0,0,0,111,1,0,0,0,0,0,19,
6,2197,נהריה,9100,83.6,43,0,638,402,3,399,15,3,2,0,0,0,17,0,0,0,0,0,0,0,0,47,181,0,0,0,0,0,114,0,0,0,0,0,0,20,
6,2198,נהריה,9100,84,55,0,687,484,0,484,8,1,4,1,0,0,9,0,0,0,0,0,0,0,0,101,242,0,0,0,1,0,90,0,0,0,0,0,0,27,
6,2199,נהריה,9100,85,72,0,567,394,0,394,20,5,1,0,0,0,21,0,0,0,0,0,0,0,0,24,169,0,0,0,1,0,136,0,0,0,0,0,0,17,
6,2200,נהריה,9100,86,71,0,596,412,2,410,11,0,0,2,0,0,5,0,0,0,0,0,0,0,0,88,199,1,0,0,1,0,84,0,0,0,0,0,0,19,
6,2201,נהריה,9100,90,18,0,603,386,6,380,10,3,0,0,0,0,11,0,0,0,0,0,0,0,0,51,211,0,0,0,3,0,56,0,0,0,0,0,0,35,
6,2202,נהריה,9100,951,3,0,332,161,2,159,2,1,0,0,0,0,4,0,0,0,0,0,0,0,0,16,73,0,0,0,0,0,57,0,0,0,0,0,0,6,
2,1032,נווה דניאל,3725,1,2,0,466,335,4,331,0,9,0,0,0,0,211,0,0,0,0,0,0,0,0,2,95,1,0,0,3,0,10,0,0,0,0,0,0,0,
2,1033,נווה דניאל,3725,2,2,0,545,439,2,437,0,10,0,0,0,0,252,0,0,0,0,0,0,0,0,0,151,0,0,0,8,1,12,0,0,0,0,0,0,3,
2,1034,נווה דניאל,3725,3,2,0,528,387,0,387,3,6,0,2,0,0,238,0,0,0,0,0,0,0,0,2,104,0,0,0,16,0,8,0,0,0,0,0,2,6,
19,10523,נווה ירק,858,1,1,0,369,286,0,286,18,0,0,1,0,0,8,0,0,0,0,0,0,0,0,10,41,0,0,0,1,0,207,0,0,0,0,0,0,0,
19,10524,נווה ירק,858,2,1,0,479,385,1,384,37,1,2,0,0,0,18,0,0,0,0,0,0,0,0,11,52,0,0,0,0,0,258,0,0,0,0,0,0,5,
4,1447,נטור,4014,1,1,0,250,188,2,186,13,0,2,0,0,0,61,0,0,0,0,0,0,0,0,1,49,0,0,0,4,0,53,1,0,0,0,0,0,2,
5,1495,ניין,523,1,1,0,719,491,2,489,122,0,360,0,0,0,0,0,0,0,0,0,0,0,0,1,1,0,0,0,0,0,3,0,1,0,0,1,0,0,
5,1496,ניין,523,2,1,0,626,390,2,388,88,0,272,0,0,0,0,0,0,1,0,0,0,0,0,0,4,0,0,0,0,0,21,0,0,1,0,0,1,0,
17,9195,ניצן ב,1419,1,3,0,293,198,1,197,2,3,0,0,0,0,30,0,0,0,0,0,0,0,0,0,120,1,5,0,0,0,14,0,0,0,0,0,0,22,
17,9196,ניצן ב,1419,3,3,0,290,222,2,220,2,4,0,1,0,0,45,0,0,0,0,0,0,0,0,0,139,0,0,0,6,0,8,0,0,0,0,0,0,15,
19,10431,ניר אליהו,808,1,1,0,417,302,1,301,94,0,1,1,0,0,2,0,0,0,0,0,0,0,0,7,20,1,0,0,0,0,174,1,0,0,0,0,0,0,
17,9198,ניר בנים,553,1,1,0,605,443,0,443,73,4,1,2,0,0,5,0,0,0,0,0,0,0,0,5,45,0,0,0,0,0,308,0,0,0,0,0,0,0,
17,9199,ניר חן,11,1,1,0,404,271,0,271,29,0,1,1,0,0,15,0,0,0,0,0,0,0,0,18,84,0,0,0,1,0,114,1,0,0,0,0,0,7,
5,1615,ניר יפה,165,1,1,0,423,326,1,325,18,0,0,0,0,0,8,0,0,0,0,0,0,0,1,3,150,0,0,0,1,0,124,0,0,0,0,0,0,20,
18,9408,ניר משה,2047,1,2,0,417,292,2,290,49,2,0,1,0,0,13,0,0,0,0,0,0,0,0,6,84,0,0,0,0,0,126,0,0,0,0,0,0,9,
17,9201,ניר עם,348,1,1,0,402,260,0,260,69,1,0,0,0,0,10,0,0,0,0,0,0,0,0,8,36,0,0,0,1,0,134,0,0,0,0,0,0,1,
13,6331,נס ציונה,7200,1,16,0,712,568,1,567,58,2,2,0,0,0,14,0,0,0,0,0,0,0,0,15,159,0,0,0,1,0,299,0,0,0,0,0,0,17,
13,6332,נס ציונה,7200,2,6,0,545,375,2,373,19,6,0,1,0,0,11,0,1,0,0,0,0,0,0,5,169,0,0,0,0,0,110,0,0,1,0,0,0,50,
13,6333,נס ציונה,7200,3,7,0,640,403,2,401,23,2,0,0,0,0,11,0,0,0,0,0,0,0,0,24,202,0,0,0,1,0,93,0,0,0,0,0,0,45,
13,6334,נס ציונה,7200,4,5,0,722,549,6,543,47,7,5,2,0,0,9,0,0,0,0,0,0,1,0,9,233,1,0,0,3,0,193,0,0,0,1,0,0,32,
13,6335,נס ציונה,7200,5,5,0,704,511,0,511,29,2,1,0,0,0,18,0,0,0,0,0,0,0,0,7,220,0,1,0,0,0,195,0,0,0,0,0,0,38,
13,6336,נס ציונה,7200,6,2,0,687,517,3,514,42,6,0,1,0,0,17,0,0,0,0,0,0,0,0,17,177,0,0,0,3,0,230,0,0,0,0,0,0,21,
13,6337,נס ציונה,7200,7,2,0,760,566,2,564,32,6,1,0,0,0,32,0,0,0,0,0,0,0,0,15,236,0,1,0,6,0,203,0,0,0,0,0,0,32,
13,6338,נס ציונה,7200,8,4,0,648,475,1,474,62,5,1,1,0,0,28,0,0,0,0,0,0,0,0,12,122,0,0,0,0,0,235,0,0,0,0,0,0,8,
13,6339,נס ציונה,7200,9,4,0,530,362,0,362,45,3,1,0,0,0,9,0,0,0,0,0,0,0,0,12,101,0,0,0,1,0,174,0,0,0,0,1,0,15,
13,6340,נס ציונה,7200,10,5,0,500,357,0,357,20,10,0,0,0,0,16,0,0,0,0,0,0,0,0,5,155,0,0,0,2,0,103,0,0,0,0,0,0,46,
13,6341,נס ציונה,7200,11,2,0,712,496,0,496,67,3,3,0,0,0,13,0,0,0,0,0,0,0,0,15,114,0,0,0,2,0,263,0,0,0,0,0,0,16,
13,6342,נס ציונה,7200,12,4,0,612,442,4,438,45,4,4,0,0,0,10,0,0,0,0,0,0,0,0,7,120,0,0,0,2,0,232,0,0,0,0,1,0,13,
13,6343,נס ציונה,7200,13,2,0,643,479,2,477,51,2,3,0,0,0,14,0,0,0,0,0,0,0,0,16,109,0,0,0,2,0,254,0,0,0,0,0,0,26,
13,6344,נס ציונה,7200,14,8,0,707,576,0,576,55,1,2,0,0,0,22,0,0,0,0,0,0,0,0,25,142,0,0,0,2,0,312,0,0,0,0,0,0,15,
13,6345,נס ציונה,7200,15,9,0,636,369,5,364,27,1,1,9,0,0,0,0,0,0,1,0,1,0,0,38,166,0,0,0,2,0,102,0,0,0,1,0,0,15,
13,6346,נס ציונה,7200,16,3,0,697,516,2,514,50,2,2,0,0,0,9,0,0,0,0,0,0,0,0,16,165,1,2,0,1,0,251,0,0,0,0,0,0,15,
13,6347,נס ציונה,7200,17,3,0,568,438,4,434,27,2,1,0,0,0,13,0,0,0,0,0,0,1,0,11,131,0,0,0,3,0,223,1,0,0,0,0,0,21,
13,6348,נס ציונה,7200,18,1,0,614,364,6,358,23,0,0,0,0,0,8,0,0,0,0,0,0,0,0,24,153,0,1,0,1,0,132,1,0,0,1,0,0,14,
13,6349,נס ציונה,7200,19,11,0,495,378,0,378,27,0,2,0,0,0,18,0,0,0,0,0,0,0,0,12,114,0,0,0,1,0,189,0,0,0,0,0,0,15,
13,6350,נס ציונה,7200,20,11,0,492,337,1,336,17,10,1,0,0,0,5,0,0,0,0,0,0,0,0,11,156,1,0,0,3,0,114,0,0,0,0,0,0,18,
13,6351,נס ציונה,7200,21,3,0,552,368,6,362,28,5,1,0,0,0,7,0,0,0,0,0,0,0,0,22,136,1,0,0,0,0,146,0,0,0,0,0,0,16,
13,6352,נס ציונה,7200,22,3,0,542,417,2,415,23,3,1,0,0,0,11,0,0,0,0,0,0,0,0,11,166,0,0,0,1,0,176,0,0,0,0,0,0,23,
13,6353,נס ציונה,7200,23,11,0,553,424,2,422,41,5,2,0,0,0,6,0,0,0,0,0,0,0,0,9,86,1,0,0,0,0,262,0,0,0,0,0,0,10,
13,6354,נס ציונה,7200,24,18,0,633,485,0,485,24,5,0,0,0,0,18,0,0,0,0,0,0,0,0,20,152,0,0,0,2,0,248,0,0,0,0,0,0,16,
13,6355,נס ציונה,7200,25,18,0,727,567,0,567,56,2,4,0,0,0,23,0,0,0,0,0,0,0,0,15,164,0,0,0,4,0,282,0,0,0,0,0,0,17,
13,6356,נס ציונה,7200,26,8,0,693,582,1,581,26,3,1,0,0,0,13,0,0,0,0,0,0,0,0,20,109,1,0,0,0,0,400,0,0,0,0,0,0,8,
13,6357,נס ציונה,7200,27,6,0,403,267,3,264,4,2,2,1,0,0,7,0,0,0,0,0,0,0,0,41,116,1,0,0,1,0,56,0,0,1,0,0,0,32,
13,6358,נס ציונה,7200,28,8,0,484,383,3,380,37,4,1,0,0,0,7,0,0,0,0,0,0,0,0,4,87,0,0,0,0,0,223,0,0,0,0,0,0,17,
13,6359,נס ציונה,7200,29,17,0,543,458,1,457,34,3,0,1,0,0,16,0,0,0,0,0,0,0,0,16,122,0,0,0,2,0,259,0,0,0,0,0,0,4,
13,6360,נס ציונה,7200,30,6,0,591,440,3,437,14,2,0,1,0,0,14,0,0,0,0,0,0,0,0,36,230,0,0,0,1,0,95,0,0,0,0,0,0,44,
13,6361,נס ציונה,7200,31,20,0,565,460,1,459,41,0,1,0,0,0,22,0,0,0,0,0,0,0,1,11,114,0,0,0,2,0,259,0,0,0,0,0,0,8,
13,6362,נס ציונה,7200,32,20,0,488,335,3,332,15,1,0,0,0,0,12,0,0,0,1,0,0,0,0,12,149,0,0,0,0,0,120,0,0,1,0,0,0,21,
13,6363,נס ציונה,7200,33,20,0,497,364,1,363,14,3,0,0,0,0,13,0,0,0,0,0,0,0,0,6,170,0,0,0,1,0,137,0,0,0,0,0,0,19,
13,6364,נס ציונה,7200,34,4,0,603,526,0,526,31,2,1,0,0,0,7,0,0,0,0,0,0,0,1,22,153,0,0,0,0,0,294,1,0,0,0,0,0,14,
13,6365,נס ציונה,7200,35,16,0,527,467,1,466,23,1,1,0,0,0,12,0,0,0,0,0,0,0,0,22,121,0,0,0,0,0,280,0,0,0,0,0,0,6,
13,6366,נס ציונה,7200,36,16,0,653,534,5,529,42,2,0,0,0,0,14,0,0,0,0,0,0,0,0,21,145,0,0,0,4,0,290,0,0,0,0,0,0,11,
13,6367,נס ציונה,7200,37,16,0,679,548,3,545,65,0,2,0,0,1,13,0,0,0,0,0,0,0,0,11,150,0,0,0,0,0,289,0,0,0,0,0,0,14,
13,6368,נס ציונה,7200,50,11,0,631,448,3,445,43,1,0,2,0,0,8,0,0,0,0,0,0,0,0,23,96,0,0,0,1,0,259,0,0,0,0,0,0,12,
13,6369,נס ציונה,7200,51,1,0,629,369,3,366,29,0,0,0,0,0,13,0,0,0,1,0,0,0,0,47,131,0,1,0,2,0,128,0,0,0,0,1,0,13,
13,6370,נס ציונה,7200,52,1,0,635,442,4,438,31,5,1,0,0,0,13,0,0,0,0,0,0,0,0,23,159,0,0,0,2,0,190,0,0,0,0,0,0,14,
13,6371,נס ציונה,7200,53,1,0,541,388,2,386,52,5,1,0,0,0,12,0,0,0,0,0,0,0,0,14,92,0,0,0,0,1,204,0,0,0,0,0,0,5,
13,6372,נס ציונה,7200,56,9,0,589,463,0,463,37,2,1,1,0,0,13,0,0,0,0,0,0,0,0,11,114,0,0,0,0,0,279,0,0,0,0,0,0,5,
13,6373,נס ציונה,7200,57,17,0,615,519,1,518,31,0,0,1,0,0,19,0,0,0,0,0,0,0,0,15,123,0,0,0,2,0,317,0,0,0,0,0,0,10,
13,6374,נס ציונה,7200,58,9,0,712,566,1,565,47,6,3,0,0,0,11,0,0,0,0,0,0,0,0,4,133,0,0,0,0,0,355,1,0,0,0,0,0,5,
13,6375,נס ציונה,7200,59,19,0,710,557,3,554,59,2,1,0,0,0,17,0,0,0,0,0,0,0,0,13,151,0,0,0,0,0,306,0,0,0,0,0,0,5,
13,6376,נס ציונה,7200,60,17,0,617,492,1,491,51,3,3,0,0,0,13,0,0,0,0,0,0,0,0,17,96,1,0,0,4,0,295,0,0,0,0,0,0,8,
13,6377,נס ציונה,7200,61,12,0,706,550,0,550,49,1,1,0,0,0,6,0,0,0,0,0,0,0,1,16,118,1,0,0,0,0,356,0,0,0,0,0,0,1,
13,6378,נס ציונה,7200,62,17,0,660,535,0,535,54,3,0,0,0,0,12,0,0,0,0,0,0,0,0,22,114,0,0,0,1,0,321,0,0,0,0,0,0,8,
13,6379,נס ציונה,7200,63,19,0,547,422,2,420,41,3,2,4,0,0,9,0,0,0,0,0,0,0,0,10,62,1,0,0,1,0,283,0,0,0,0,0,0,4,
13,6380,נס ציונה,7200,64,4,0,516,437,2,435,36,0,0,0,0,0,17,0,0,0,0,0,0,0,0,7,95,0,0,0,0,0,278,0,0,0,0,0,0,2,
13,6381,נס ציונה,7200,65,17,0,517,439,0,439,31,2,0,0,0,0,7,0,0,0,0,0,0,0,0,8,116,0,0,0,0,0,273,0,0,0,0,0,0,2,
13,6382,נס ציונה,7200,66,17,0,602,502,1,501,41,1,0,1,0,0,11,0,0,0,0,0,0,0,0,12,110,0,0,0,0,0,320,0,0,0,0,0,0,5,
13,6383,נס ציונה,7200,67,5,0,502,408,1,407,21,2,0,1,0,0,15,0,0,0,0,0,0,0,0,10,105,1,0,0,0,0,251,0,0,0,0,0,0,1,
13,6384,נס ציונה,7200,68,3,0,541,405,2,403,40,5,2,0,0,0,15,0,0,0,0,0,0,0,0,9,130,0,0,0,0,0,195,0,0,0,0,0,0,7,
13,6385,נס ציונה,7200,951,17,0,684,521,0,521,28,1,0,0,0,0,13,0,0,0,0,0,0,0,0,17,138,0,0,0,1,0,318,0,0,0,0,0,0,5,
13,6386,נס ציונה,7200,952,12,0,545,438,1,437,46,0,4,0,0,0,5,0,0,0,0,0,0,0,0,17,69,0,0,0,0,0,294,0,0,0,0,0,0,2,
5,1788,נצרת,7300,1,1,0,775,495,2,493,6,1,470,0,0,0,0,0,0,0,0,0,1,0,0,4,3,0,0,0,0,0,8,0,0,0,0,0,0,0,
5,1789,נצרת,7300,2,1,0,590,315,4,311,9,0,288,0,0,0,0,0,0,0,0,0,0,0,0,0,6,0,0,0,0,0,8,0,0,0,0,0,0,0,
5,1790,נצרת,7300,3,1,0,555,360,1,359,1,0,346,1,0,0,0,0,0,0,0,0,0,0,0,2,2,0,0,0,0,0,7,0,0,0,0,0,0,0,
5,1791,נצרת,7300,4,1,0,634,412,7,405,1,0,400,0,0,0,0,0,0,0,0,0,0,0,0,0,0,0,0,1,0,1,2,0,0,0,0,0,0,0,
5,1792,נצרת,7300,5,1,0,598,400,3,397,12,0,375,0,0,0,0,0,0,0,0,0,0,0,0,1,2,0,0,0,0,0,4,0,1,0,0,0,0,2,
5,1793,נצרת,7300,6,18,0,681,447,0,447,0,0,447,0,0,0,0,0,0,0,0,0,0,0,0,0,0,0,0,0,0,0,0,0,0,0,0,0,0,0,
5,1794,נצרת,7300,7,2,0,745,441,0,441,5,0,409,0,0,0,0,0,0,0,0,1,0,0,0,2,10,0,0,1,0,0,11,0,1,1,0,0,0,0,
5,1795,נצרת,7300,8,2,0,673,413,1,412,3,0,382,0,0,0,0,0,0,1,0,0,0,1,2,1,13,0,0,0,0,0,8,0,0,1,0,0,0,0,
5,1796,נצרת,7300,9,24,1,724,403,0,403,4,0,372,0,0,0,0,0,0,0,0,0,0,0,1,2,6,0,0,1,0,0,16,0,0,0,0,0,0,1,
5,1797,נצרת,7300,10,24,0,732,446,3,443,5,0,420,0,0,0,0,0,0,1,0,0,1,0,0,0,7,0,0,0,0,0,9,0,0,0,0,0,0,0,
5,1798,נצרת,7300,11,26,0,550,332,3,329,2,0,315,0,0,0,0,0,0,0,0,0,0,0,0,0,4,0,0,0,0,1,3,0,0,1,0,1,2,0,
5,1799,נצרת,7300,12,4,0,699,465,4,461,3,0,457,0,0,0,0,0,0,1,0,0,0,0,0,0,0,0,0,0,0,0,0,0,0,0,0,0,0,0,
5,1800,נצרת,7300,13,24,0,687,354,3,351,3,0,328,0,0,0,0,0,0,0,0,0,0,0,0,3,8,0,0,0,0,0,8,0,0,0,0,0,0,1,
5,1801,נצרת,7300,14,19,0,522,269,1,268,3,0,251,0,0,0,0,0,0,1,0,0,0,0,0,1,3,0,0,0,1,0,4,0,1,1,0,0,0,2,
5,1802,נצרת,7300,15,11,0,590,371,0,371,1,0,364,0,0,0,0,0,0,0,0,0,0,0,0,0,1,0,0,0,0,0,4,0,0,0,0,0,1,0,
5,1803,נצרת,7300,16.1,3,0,649,407,1,406,9,0,374,0,0,0,0,0,0,0,1,0,0,0,0,2,5,0,1,0,0,0,12,0,0,0,2,0,0,0,
5,1804,נצרת,7300,16.2,3,0,649,381,0,381,4,0,339,0,0,0,0,0,0,0,0,0,0,0,0,3,14,0,0,0,0,0,20,0,0,0,0,0,0,1,
5,1805,נצרת,7300,16.3,3,0,649,385,3,382,8,0,354,0,0,0,0,0,0,0,0,0,0,0,0,3,8,0,0,0,0,0,9,0,0,0,0,0,0,0,
5,1806,נצרת,7300,16.4,3,0,649,390,0,390,5,0,361,0,0,0,0,0,0,2,0,0,0,1,0,0,6,0,1,0,0,0,12,0,0,1,0,0,1,0,
5,1807,נצרת,7300,16.5,3,0,649,429,2,427,5,1,387,1,0,0,1,0,0,1,0,0,0,0,0,0,10,0,0,1,0,0,15,1,0,1,0,0,1,2,
5,1808,נצרת,7300,16.6,3,0,649,401,3,398,7,0,377,0,0,0,0,0,0,1,0,0,0,0,0,4,1,0,0,0,0,0,7,0,0,0,1,0,0,0,
5,1809,נצרת,7300,16.7,3,0,649,362,0,362,5,0,332,0,0,0,0,0,0,0,0,0,0,0,0,2,11,0,0,1,0,1,9,0,0,0,1,0,0,0,
5,1810,נצרת,7300,16.8,3,0,643,408,2,406,8,0,368,0,0,0,1,0,0,0,0,0,0,0,0,1,11,0,0,1,1,0,13,0,1,1,0,0,0,0,
5,1811,נצרת,7300,17,19,0,661,345,4,341,3,0,324,0,0,0,0,0,0,0,0,0,0,0,1,0,3,0,0,0,0,0,8,0,1,0,0,0,1,0,
5,1812,נצרת,7300,18,16,0,605,330,0,330,1,0,319,0,0,0,0,0,0,0,0,0,0,0,0,0,4,0,0,0,0,0,6,0,0,0,0,0,0,0,
5,1813,נצרת,7300,20,23,0,742,429,6,423,0,0,407,0,0,0,0,0,0,0,0,0,0,0,1,0,1,1,1,0,1,0,6,0,2,1,0,0,1,1,
5,1814,נצרת,7300,21,10,0,613,373,1,372,12,0,327,0,0,0,0,0,0,1,0,0,0,0,0,4,11,0,0,0,0,0,15,0,0,0,1,0,0,1,
5,1815,נצרת,7300,23,7,0,748,441,2,439,6,0,398,0,0,0,2,0,0,1,0,1,0,0,0,3,12,0,0,0,1,0,11,0,0,1,0,1,0,2,
5,1816,נצרת,7300,24,7,0,635,379,4,375,6,0,354,0,0,0,1,0,0,0,0,0,0,0,1,2,2,0,0,0,0,0,7,0,1,0,0,0,0,1,
5,1817,נצרת,7300,27,41,0,757,435,7,428,0,0,412,0,0,0,0,0,0,2,0,1,0,0,0,0,6,0,1,0,0,0,4,0,0,0,0,0,2,0,
5,1818,נצרת,7300,29,21,0,592,363,0,363,2,0,331,0,0,0,0,0,0,0,0,0,0,0,1,2,11,0,0,0,0,0,16,0,0,0,0,0,0,0,
5,1819,נצרת,7300,30,31,0,748,454,8,446,2,0,437,0,0,0,2,0,0,1,0,0,0,0,0,0,1,0,1,0,1,0,0,0,0,0,0,0,1,0,
5,1820,נצרת,7300,31,26,0,663,413,4,409,2,0,378,0,0,0,0,0,0,0,0,0,0,0,0,5,16,0,0,0,0,0,8,0,0,0,0,0,0,0,
5,1821,נצרת,7300,32,4,0,676,444,2,442,0,0,434,0,0,0,0,0,0,0,0,0,0,0,1,0,2,0,1,0,0,1,3,0,0,0,0,0,0,0,
5,1822,נצרת,7300,33,18,0,601,350,3,347,1,1,343,0,0,0,0,0,0,0,0,0,0,0,0,0,1,0,0,0,0,0,0,0,0,0,0,0,1,0,
5,1823,נצרת,7300,34,26,0,596,423,0,423,2,0,416,0,0,0,1,0,0,0,0,0,0,0,0,0,1,0,0,0,0,0,1,0,1,1,0,0,0,0,
5,1824,נצרת,7300,35,18,0,597,358,1,357,1,0,352,0,0,0,0,0,0,0,0,0,0,0,0,0,0,0,0,0,0,0,2,0,0,0,0,0,0,2,
5,1825,נצרת,7300,36,4,0,697,476,2,474,0,0,470,0,0,0,0,0,0,0,0,0,0,0,0,0,3,0,0,0,0,0,0,1,0,0,0,0,0,0,
5,1826,נצרת,7300,37,20,0,723,461,3,458,2,0,440,0,0,0,0,0,0,0,0,0,0,0,0,0,5,0,0,0,0,0,10,0,0,0,0,0,1,0,
5,1828,נצרת,7300,39,26,0,696,419,7,412,2,0,395,0,0,0,0,0,0,0,0,0,0,1,0,1,6,0,0,0,0,0,3,0,0,1,0,1,1,1,
5,1829,נצרת,7300,40,11,0,658,399,2,397,0,0,387,0,0,0,0,0,0,0,0,0,0,0,0,0,7,0,0,0,0,0,3,0,0,0,0,0,0,0,
5,1830,נצרת,7300,41,11,0,652,351,2,349,1,0,344,0,0,0,0,0,0,0,0,0,0,0,0,0,0,0,0,0,0,0,4,0,0,0,0,0,0,0,
5,1831,נצרת,7300,42,11,0,782,393,3,390,0,0,382,0,0,0,0,0,0,1,0,0,0,0,0,0,1,0,0,0,0,0,0,0,0,0,2,1,0,3,
5,1832,נצרת,7300,43,11,0,609,292,1,291,2,0,287,0,0,0,1,0,0,0,0,0,0,0,0,0,0,0,0,0,0,0,1,0,0,0,0,0,0,0,
5,1833,נצרת,7300,44,44,0,689,420,2,418,6,0,385,0,0,0,0,0,0,0,0,0,0,0,0,5,1,0,0,0,0,0,18,0,0,0,0,0,1,2,
5,1834,נצרת,7300,45,8,0,789,539,0,539,2,0,526,0,0,0,0,0,0,0,0,0,0,0,0,5,1,0,0,0,0,0,5,0,0,0,0,0,0,0,
5,1835,נצרת,7300,46,8,0,702,441,8,433,0,0,417,0,0,0,0,0,0,0,0,0,0,0,0,5,4,0,0,0,0,0,3,0,0,0,0,3,1,0,
5,1836,נצרת,7300,47,8,0,676,403,3,400,2,0,397,0,0,0,0,0,0,0,0,0,0,0,0,0,0,0,0,0,0,0,0,0,0,0,0,0,0,1,
5,1837,נצרת,7300,48,44,0,722,395,1,394,2,0,380,0,0,0,0,0,0,0,0,0,0,0,0,0,1,0,0,0,0,0,11,0,0,0,0,0,0,0,
5,1838,נצרת,7300,49,11,0,704,447,0,447,0,0,442,0,0,0,0,0,0,0,0,0,0,0,1,0,1,0,0,0,0,0,1,0,0,0,0,1,0,1,
5,1839,נצרת,7300,50,6,0,750,407,2,405,3,0,388,0,0,0,0,0,0,1,0,0,0,0,0,0,6,0,0,0,0,0,6,0,0,0,1,0,0,0,
5,1840,נצרת,7300,51,41,0,728,433,2,431,7,0,407,0,0,0,0,0,0,0,0,0,0,0,0,1,1,0,1,0,0,0,11,0,0,0,0,1,0,2,
5,1841,נצרת,7300,52,45,0,771,469,5,464,2,0,441,0,0,0,0,0,0,1,0,0,0,0,0,2,8,0,0,0,2,0,7,0,0,1,0,0,0,0,
5,1842,נצרת,7300,53,6,0,639,370,1,369,8,0,346,0,0,0,0,0,0,0,0,0,0,0,0,2,5,0,0,0,0,0,8,0,0,0,0,0,0,0,
5,1843,נצרת,7300,54,21,0,700,376,2,374,4,0,349,0,0,0,2,0,0,1,0,0,0,1,0,0,6,0,0,0,1,0,10,0,0,0,0,0,0,0,
5,1844,נצרת,7300,55,22,0,680,397,2,395,2,1,383,0,0,0,0,0,0,0,0,0,0,0,0,2,0,0,0,0,0,0,4,0,0,0,0,0,0,3,
5,1845,נצרת,7300,56,27,0,780,469,2,467,8,0,446,0,0,0,0,0,0,0,0,0,0,0,0,0,3,0,0,0,0,1,8,0,0,0,0,0,1,0,
5,1846,נצרת,7300,57,44,0,696,476,4,472,2,0,460,0,0,0,0,0,0,0,0,0,0,0,0,1,1,0,0,0,0,0,8,0,0,0,0,0,0,0,
5,1847,נצרת,7300,58,23,0,736,448,2,446,0,0,433,0,0,0,1,0,0,2,0,0,0,0,0,2,1,1,0,0,0,0,4,0,0,0,0,1,0,1,
5,1848,נצרת,7300,59,23,0,687,458,0,458,0,0,446,0,0,0,0,0,0,0,0,0,0,0,0,6,2,0,0,0,0,0,4,0,0,0,0,0,0,0,
5,1849,נצרת,7300,60,20,0,724,445,2,443,1,0,435,0,0,0,0,0,0,0,0,0,0,0,0,0,5,0,0,0,0,0,2,0,0,0,0,0,0,0,
5,1851,נצרת,7300,64,20,0,617,385,5,380,2,0,365,0,0,0,0,0,0,0,0,0,0,0,0,1,6,0,0,0,0,0,4,0,0,1,0,0,0,1,
5,1852,נצרת,7300,65,31,0,734,474,8,466,1,0,455,0,0,0,0,0,0,0,0,0,0,0,0,0,4,0,0,0,0,1,2,0,0,0,0,0,1,2,
5,1853,נצרת,7300,66,18,0,689,381,2,379,1,0,370,0,0,0,0,0,0,1,0,0,0,0,2,0,3,0,1,0,0,0,0,0,0,1,0,0,0,0,
5,1854,נצרת,7300,67,4,0,605,398,2,396,0,0,395,0,0,0,0,0,0,0,0,0,0,0,0,0,0,0,0,0,0,0,0,0,0,0,0,0,1,0,
5,1855,נצרת,7300,68,18,0,579,366,2,364,3,0,352,0,0,0,0,0,0,0,0,0,0,0,0,1,7,0,0,0,1,0,0,0,0,0,0,0,0,0,
5,1856,נצרת,7300,69,31,0,740,478,1,477,1,0,473,0,0,0,1,0,0,0,0,0,0,0,0,0,0,0,0,0,0,0,0,0,1,1,0,0,0,0,
5,1857,נצרת,7300,70,45,0,756,458,1,457,4,0,434,0,0,0,0,0,0,2,0,0,0,0,0,7,2,0,0,0,0,0,6,0,0,0,0,0,0,2,
5,1858,נצרת,7300,71,19,0,746,433,0,433,6,0,398,0,0,0,0,0,1,0,1,1,0,0,0,3,9,0,0,0,0,0,12,0,0,0,0,0,1,1,
5,1859,נצרת,7300,72,6,0,735,439,1,438,1,0,418,0,0,0,0,1,0,1,0,0,0,0,0,4,8,0,0,0,0,0,4,0,1,0,0,0,0,0,
5,1860,נצרת,7300,73,27,0,732,401,2,399,2,0,379,0,0,0,2,0,0,0,1,0,1,0,0,1,7,0,1,0,0,1,2,0,0,0,1,0,1,0,
5,1861,נצרת,7300,74,38,0,552,358,4,354,6,1,329,0,0,0,0,0,0,0,0,0,0,0,0,6,5,0,0,0,0,1,6,0,0,0,0,0,0,0,
5,1862,נצרת,7300,75,11,0,601,319,1,318,2,0,307,0,0,0,0,0,0,0,0,0,0,0,0,0,2,0,0,0,0,0,4,0,0,0,0,0,0,3,
5,1863,נצרת,7300,80,8,0,731,430,6,424,7,0,403,0,0,0,0,0,0,3,1,0,0,1,0,0,4,0,0,0,0,0,5,0,0,0,0,0,0,0,
5,1864,נצרת,7300,81,44,0,707,464,3,461,10,0,429,0,0,0,0,0,0,0,0,0,0,0,0,4,8,0,0,0,0,0,9,0,0,0,0,0,1,0,
5,1865,נצרת,7300,82,23,0,689,389,1,388,1,0,373,0,0,0,0,0,0,0,0,0,0,0,1,4,0,0,0,0,0,0,8,0,0,1,0,0,0,0,
5,1866,נצרת,7300,83,11,0,581,353,6,347,0,0,341,0,0,0,0,0,0,0,0,0,0,0,0,0,2,0,0,0,0,0,3,0,0,0,1,0,0,0,
5,1867,נצרת,7300,84,1,0,553,352,2,350,1,1,345,0,0,0,0,0,0,0,0,0,0,0,0,0,0,0,0,0,0,0,2,0,0,0,0,0,1,0,
5,1868,נצרת,7300,85,39,0,355,192,0,192,2,0,185,0,0,0,0,0,0,0,1,0,0,0,0,0,0,0,0,0,0,0,3,0,0,0,0,0,1,0,
5,1869,נצרת,7300,86,8,0,769,514,2,512,1,0,504,0,0,0,0,0,0,1,0,0,0,0,0,0,1,0,0,0,0,0,3,0,1,1,0,0,0,0,
5,1870,נצרת,7300,87,8,0,687,397,3,394,1,0,381,0,0,0,0,0,0,0,0,0,0,0,0,1,1,0,0,0,1,1,7,0,0,1,0,0,0,0,
5,1871,נצרת,7300,88,38,0,608,392,0,392,4,0,370,0,0,0,0,0,0,1,0,0,0,0,0,1,3,0,0,0,0,0,12,0,0,0,0,0,0,1,
5,1872,נצרת,7300,89,11,0,604,390,2,388,1,0,377,0,0,0,0,0,0,0,0,0,0,0,0,0,1,1,1,0,0,1,1,0,0,0,0,1,0,4,
5,1873,נצרת,7300,950,27,0,710,397,5,392,2,0,383,0,0,0,0,0,0,0,0,0,0,0,0,0,1,0,0,0,2,0,2,0,0,0,0,0,0,2,
17,9202,נתיב העשרה,1242,1,1,0,686,524,0,524,51,1,2,2,0,0,45,0,0,0,0,0,0,0,0,13,117,0,0,0,1,0,287,0,0,0,0,0,0,5,
18,9974,סעוה,1360,1,1,0,472,186,0,186,3,1,163,0,0,0,0,0,0,0,0,0,0,0,0,1,1,0,0,0,0,0,11,1,2,0,1,0,0,2,
18,9975,סעוה,1360,2,1,0,465,213,1,212,1,0,193,0,0,0,0,0,0,0,0,0,0,1,0,5,3,0,0,1,0,0,6,0,0,0,0,0,0,2,
12,5733,סתריה,610,1,1,0,447,346,1,345,58,2,0,1,0,0,11,0,0,0,0,0,0,0,0,14,51,0,0,0,0,0,206,0,0,0,0,0,0,2,
12,5734,סתריה,610,2,1,0,362,285,1,284,27,3,0,0,0,0,11,0,0,0,0,0,0,0,0,9,44,0,1,0,1,0,187,0,0,0,0,0,0,1,
18,10110,עומר,666,1,2,0,655,455,1,454,53,2,3,0,0,0,22,0,0,0,0,0,0,0,0,18,106,0,0,0,0,0,247,0,0,0,0,0,0,3,
18,10111,עומר,666,4,2,0,640,461,0,461,56,6,1,1,0,0,17,1,0,0,0,0,0,1,0,8,132,0,0,0,0,0,237,0,0,0,0,0,0,1,
18,10112,עומר,666,5,1,0,526,366,1,365,47,0,4,0,0,0,10,0,0,0,0,0,0,0,0,14,72,0,0,0,0,0,217,0,0,0,0,0,0,1,
18,10113,עומר,666,6,1,0,453,329,0,329,52,2,3,1,0,0,14,0,0,0,0,2,0,0,0,9,69,1,0,0,0,0,176,0,0,0,0,0,0,0,
18,10114,עומר,666,7,4,0,617,493,3,490,74,0,4,1,0,0,14,0,0,0,0,0,0,0,0,10,151,0,0,0,0,0,233,0,0,0,0,0,0,3,
18,10115,עומר,666,9.1,3,0,586,437,1,436,26,1,24,0,0,0,18,0,0,0,0,0,1,0,0,7,190,1,0,0,0,0,166,0,0,0,0,0,0,2,
18,10116,עומר,666,9.2,3,0,586,428,0,428,40,2,3,1,0,0,20,0,0,0,0,0,0,0,0,12,129,2,0,0,0,0,216,0,0,0,0,0,0,3,
18,10117,עומר,666,9.3,3,0,586,431,0,431,33,1,2,1,0,0,13,0,0,0,0,0,0,0,0,16,150,1,0,1,1,0,206,0,0,0,0,0,0,6,
18,10118,עומר,666,9.4,3,0,586,444,0,444,38,2,2,0,0,0,20,0,0,0,0,0,0,0,0,7,157,0,0,0,1,0,216,0,0,0,0,0,0,1,
18,10119,עומר,666,9.5,3,0,586,408,0,408,53,1,6,0,0,0,20,0,0,0,0,0,0,0,0,14,124,1,0,0,1,0,182,0,0,0,0,0,0,6,
18,10120,עומר,666,9.6,3,0,586,420,0,420,43,1,4,0,0,0,21,0,0,0,1,0,0,0,0,15,129,0,0,0,0,0,201,0,0,0,0,0,0,5,
17,9205,עוצם,32,1,1,0,428,364,2,362,9,6,0,0,0,0,5,0,0,0,0,0,0,0,0,1,145,0,0,0,0,0,9,0,0,0,0,0,0,187,
6,2263,עכו,7600,2,112,0,429,278,1,277,24,0,140,0,0,0,1,0,0,0,0,0,0,0,0,11,60,0,0,0,0,0,37,0,0,0,0,0,0,4,
6,2264,עכו,7600,3,3,0,684,469,5,464,12,6,3,0,0,0,30,0,0,0,0,0,0,0,1,34,275,0,0,0,1,0,62,0,0,0,0,0,0,40,
6,2265,עכו,7600,5,8,0,562,436,2,434,10,15,6,1,1,0,15,0,0,1,0,0,0,1,0,151,152,0,0,0,1,0,52,0,0,1,0,1,0,26,
6,2266,עכו,7600,6,12,0,598,436,8,428,7,1,1,0,0,0,13,0,0,0,0,0,0,0,0,73,237,0,0,0,1,0,56,0,0,0,0,0,0,39,
6,2267,עכו,7600,7,10,0,585,376,0,376,4,5,31,0,0,0,25,0,0,0,0,0,0,0,0,20,201,0,0,0,2,0,24,0,0,0,0,0,0,64,
6,2268,עכו,7600,8,10,0,580,446,3,443,7,3,3,2,0,0,9,0,0,0,0,0,0,0,0,16,277,0,0,0,4,0,85,0,0,0,0,0,0,37,
6,2269,עכו,7600,9,45,0,580,348,3,345,9,3,3,0,0,0,4,0,0,0,0,0,0,0,0,95,160,1,0,0,1,1,38,0,0,0,0,0,0,30,
6,2270,עכו,7600,10,46,0,635,358,1,357,0,1,28,0,0,0,7,0,0,0,0,0,0,0,0,62,197,0,0,0,0,0,26,0,0,1,0,0,0,35,
6,2272,עכו,7600,11.2,2,0,669,454,1,453,6,1,1,1,0,0,15,0,0,0,0,0,0,0,0,54,281,0,0,0,1,0,46,0,0,0,0,1,0,46,
6,2273,עכו,7600,11.3,2,0,669,465,2,463,5,5,2,0,0,0,16,0,0,0,0,0,0,0,0,46,291,0,0,0,0,0,44,0,0,0,0,0,0,54,
6,2274,עכו,7600,11.4,2,0,669,452,0,452,5,1,2,0,0,0,19,1,0,0,0,0,0,0,0,46,264,2,0,0,2,0,59,0,0,0,1,0,0,50,
6,2275,עכו,7600,11.5,2,0,668,434,2,432,6,0,0,0,0,0,10,0,0,0,0,0,0,0,1,74,245,0,0,0,3,0,41,0,1,0,1,0,1,49,
6,2276,עכו,7600,14,109,0,687,493,5,488,6,5,0,0,0,0,16,0,0,0,0,0,0,0,0,17,337,0,0,0,1,0,47,0,0,0,0,0,0,59,
6,2277,עכו,7600,15,38,0,656,441,1,440,8,3,18,2,0,0,49,0,0,0,0,0,0,0,0,7,250,0,0,0,1,0,67,0,0,0,0,0,0,35,
6,2278,עכו,7600,16,38,0,690,479,1,478,9,0,43,0,0,0,16,0,0,0,0,0,0,0,0,23,284,0,0,0,1,0,74,0,0,0,0,0,0,28,
6,2279,עכו,7600,17,3,0,682,422,3,419,6,3,2,1,0,0,19,0,0,0,0,0,0,0,0,44,265,0,0,0,1,0,38,0,0,0,0,0,0,40,
6,2280,עכו,7600,18,109,0,741,566,0,566,8,2,0,0,0,0,27,0,0,0,0,0,0,0,0,38,394,0,0,0,4,0,48,0,0,0,0,0,0,45,
6,2281,עכו,7600,19,3,0,718,442,4,438,6,1,4,0,0,0,29,0,0,0,0,0,0,0,0,40,249,0,0,0,1,0,54,0,0,0,0,0,0,54,
6,2283,עכו,7600,21,17,0,710,395,3,392,6,1,255,1,0,0,2,0,0,0,0,0,0,0,1,45,50,1,0,0,1,0,23,0,0,1,0,0,1,4,
6,2284,עכו,7600,22.1,20,0,641,329,3,326,4,3,117,0,0,0,1,0,0,0,0,0,0,0,0,66,97,0,0,0,0,0,22,0,0,0,0,0,0,16,
6,2285,עכו,7600,22.2,20,0,641,343,1,342,4,1,142,0,0,0,2,0,0,0,0,0,0,0,0,59,90,0,1,0,1,0,26,0,0,0,0,0,0,16,
6,2286,עכו,7600,22.3,20,0,639,387,4,383,6,0,169,0,0,0,4,0,0,0,0,0,0,0,0,80,86,0,0,0,0,0,28,0,0,0,0,0,0,10,
6,2287,עכו,7600,24,23,0,603,343,3,340,10,5,65,0,0,0,1,0,0,0,0,0,0,0,0,35,173,1,0,0,1,1,15,0,0,0,0,0,0,33,
6,2288,עכו,7600,26,21,0,747,402,2,400,7,3,88,0,0,0,3,0,0,0,0,0,0,0,0,56,171,1,0,0,3,0,42,1,1,0,0,0,0,24,
6,2289,עכו,7600,27,21,0,554,316,3,313,2,2,77,0,0,0,4,0,0,0,1,0,0,0,0,59,118,0,0,0,0,0,11,0,0,0,0,0,0,39,
6,2290,עכו,7600,28,19,0,474,223,6,217,2,1,95,1,0,0,1,0,0,0,0,0,0,0,1,40,60,0,0,1,4,0,7,0,0,1,0,0,0,3,
6,2291,עכו,7600,29,23,0,550,263,1,262,6,0,101,0,0,0,4,1,0,0,0,0,0,0,0,53,67,0,0,0,0,0,19,0,0,0,0,0,0,11,
6,2292,עכו,7600,30,25,0,528,327,2,325,2,0,291,0,0,0,0,0,0,0,0,0,0,0,0,7,15,0,0,0,0,0,5,1,0,0,0,0,3,1,
6,2293,עכו,7600,31,1,0,621,447,6,441,10,0,302,0,0,0,4,0,1,0,0,0,0,0,0,13,67,0,0,0,1,0,35,0,0,0,0,0,0,8,
6,2294,עכו,7600,32,1,0,653,361,2,359,6,0,285,0,0,0,1,0,0,0,0,0,0,0,0,5,49,0,0,0,0,0,11,0,0,1,0,0,0,1,
6,2295,עכו,7600,33,26,0,670,435,2,433,4,3,351,0,0,0,1,1,0,0,0,0,0,0,1,7,44,0,0,0,0,0,18,0,0,0,1,0,0,2,
6,2296,עכו,7600,34,27,0,740,465,3,462,3,0,416,0,0,0,2,0,0,0,0,0,0,0,0,1,26,0,0,0,0,0,14,0,0,0,0,0,0,0,
6,2297,עכו,7600,35,26,0,712,500,3,497,9,0,394,0,0,0,7,0,0,0,0,0,0,0,0,1,51,0,0,0,1,1,29,0,0,1,0,0,0,3,
6,2298,עכו,7600,36,35,0,764,477,1,476,9,3,357,0,0,0,3,0,0,0,0,0,0,0,0,12,62,0,0,0,0,0,21,0,0,0,0,1,0,8,
6,2299,עכו,7600,37,29,0,537,311,8,303,1,1,240,0,0,0,5,0,0,0,0,0,0,0,0,14,32,0,0,0,0,0,6,0,0,0,0,1,0,3,
6,2300,עכו,7600,38,44,0,515,340,1,339,4,0,215,0,0,0,5,0,0,0,0,0,0,0,0,18,60,0,0,0,0,0,26,0,0,0,0,0,0,11,
6,2301,עכו,7600,39,26,0,561,321,0,321,12,0,201,0,0,0,4,0,0,0,0,0,0,0,0,16,60,0,0,0,0,0,24,0,0,1,0,0,0,3,
6,2302,עכו,7600,40,1,0,614,393,3,390,6,0,308,0,0,0,2,0,0,0,0,0,0,0,0,11,35,0,0,0,0,0,24,0,0,0,0,0,0,4,
6,2303,עכו,7600,41,110,0,627,355,0,355,0,0,346,0,1,0,0,0,0,3,0,0,1,0,0,1,1,0,0,0,0,0,0,0,0,1,0,0,1,0,
6,2304,עכו,7600,42,31,0,510,311,4,307,0,0,299,0,0,0,1,0,0,0,0,1,0,0,0,0,1,0,0,0,0,0,4,0,0,1,0,0,0,0,
6,2305,עכו,7600,43,111,0,566,344,3,341,0,1,313,0,0,0,2,0,0,1,0,0,0,0,0,0,17,0,0,0,0,0,0,0,0,0,1,0,1,5,
6,2306,עכו,7600,44,111,0,523,327,0,327,0,0,319,0,0,0,0,0,0,0,0,0,0,0,0,0,2,0,1,0,0,1,3,0,0,0,0,0,0,1,
6,2308,עכו,7600,46,110,0,448,259,1,258,0,0,254,0,0,0,0,0,0,0,0,0,0,0,0,0,1,0,0,0,0,0,2,0,0,0,0,1,0,0,
6,2309,עכו,7600,47,103,0,736,495,3,492,7,1,10,0,0,0,17,0,0,0,0,0,0,0,0,37,318,0,0,0,2,0,43,0,0,0,0,0,0,57,
6,2310,עכו,7600,49,38,0,635,515,2,513,2,7,16,0,0,0,97,0,0,0,0,0,0,0,0,15,252,0,0,0,6,0,31,0,0,0,0,0,0,87,
6,2311,עכו,7600,50,13,0,432,238,1,237,1,0,54,0,1,0,0,0,0,0,0,0,0,0,0,52,100,0,0,0,0,0,12,0,0,0,0,0,0,17,
6,2313,עכו,7600,52,7,0,632,346,1,345,6,2,49,0,0,0,2,0,0,0,0,0,0,1,1,86,144,0,0,0,0,0,34,1,0,0,0,0,0,19,
6,2314,עכו,7600,53,33,0,650,306,2,304,1,0,47,0,0,0,1,0,0,0,1,0,0,0,1,73,127,0,0,0,0,0,31,1,0,0,0,0,0,21,
6,2315,עכו,7600,54,4,0,549,250,3,247,2,4,26,0,0,0,1,0,0,0,0,1,0,0,0,71,113,0,0,0,0,0,15,0,0,0,0,1,0,13,
6,2316,עכו,7600,55,106,0,522,424,4,420,10,1,86,0,0,0,21,0,0,0,0,0,0,0,0,19,194,0,0,0,1,0,61,0,0,1,0,0,0,26,
6,2317,עכו,7600,56,4,0,415,239,2,237,4,2,24,0,0,0,6,0,0,0,0,0,0,1,0,45,125,0,0,1,0,0,22,0,0,0,0,1,0,6,
6,2318,עכו,7600,57,100,0,627,351,3,348,4,0,41,0,0,0,5,0,0,0,0,0,0,0,0,114,137,0,0,0,1,0,23,0,0,1,0,0,1,21,
6,2319,עכו,7600,58,19,0,661,403,1,402,4,4,275,0,0,0,2,0,0,0,0,0,0,0,0,26,66,0,0,0,1,0,19,0,0,0,0,0,0,5,
6,2320,עכו,7600,59,4,0,537,280,2,278,1,0,15,0,0,0,2,0,0,0,0,0,0,0,0,66,151,0,0,0,0,0,23,0,0,0,0,0,0,20,
6,2321,עכו,7600,60,41,0,560,286,7,279,3,0,31,0,0,0,4,0,0,0,1,0,0,0,0,77,129,0,0,0,0,0,14,0,0,0,0,0,0,20,
6,2322,עכו,7600,61,4,0,525,318,5,313,13,2,5,0,0,0,5,0,0,0,0,0,0,0,0,50,161,0,0,0,1,0,36,0,0,0,0,0,0,40,
6,2323,עכו,7600,62,102,0,486,349,4,345,6,1,3,0,0,0,10,0,0,0,0,0,0,1,0,19,183,0,0,0,4,0,73,0,1,0,0,0,0,44,
6,2324,עכו,7600,63,101,0,459,308,0,308,9,2,7,0,0,0,7,0,0,0,0,0,0,0,0,42,161,0,0,0,0,0,45,0,0,0,0,0,0,35,
6,2325,עכו,7600,64,15,0,667,519,4,515,19,6,13,0,0,0,16,0,0,0,0,0,0,0,0,16,301,0,0,0,0,0,89,0,0,0,0,0,0,55,
6,2326,עכו,7600,66,1,0,452,268,2,266,4,0,157,0,0,0,4,0,0,0,0,0,0,0,0,15,52,0,1,0,0,0,25,0,0,0,0,0,0,8,
6,2327,עכו,7600,72,12,0,566,402,2,400,2,9,23,0,0,0,24,0,0,0,0,0,0,0,0,21,206,0,0,0,2,0,45,0,0,0,0,0,0,68,
6,2328,עכו,7600,73,48,0,630,441,3,438,3,3,3,0,0,0,7,0,0,0,0,0,1,0,0,23,257,0,0,0,5,0,33,0,0,0,0,0,0,103,
6,2329,עכו,7600,74,12,1,502,344,2,342,3,7,6,0,0,0,11,0,0,0,0,0,0,0,0,14,201,0,0,0,2,0,43,0,0,0,0,0,0,55,
6,2330,עכו,7600,75,38,0,654,421,1,420,8,0,176,0,0,0,9,0,0,0,0,0,0,0,0,46,122,1,0,0,0,0,54,0,0,0,0,0,0,4,
6,2331,עכו,7600,80,19,0,594,310,4,306,1,2,101,0,0,0,3,0,0,0,1,0,0,0,0,65,98,0,0,0,0,0,15,0,0,0,0,0,1,19,
6,2332,עכו,7600,81,106,0,497,398,2,396,16,2,30,0,0,0,10,0,0,0,0,0,0,0,0,17,200,0,0,0,4,0,55,1,0,0,0,0,0,61,
2,728,עלמון,3715,1,1,0,463,353,0,353,9,0,1,1,0,0,36,0,0,0,0,0,0,0,0,17,226,0,0,0,3,0,52,1,0,0,0,0,1,6,
2,729,עלמון,3715,2,1,0,524,387,0,387,11,2,2,0,0,0,27,0,0,0,0,0,0,0,0,27,254,0,0,0,2,0,60,0,0,0,0,0,0,2,
5,1499,עפולה,7700,1,5,0,621,369,4,365,6,101,1,0,0,0,3,0,0,0,0,0,0,0,0,26,144,0,0,0,2,0,22,0,0,0,0,0,1,59,
5,1500,עפולה,7700,2,6,0,696,404,4,400,8,18,0,0,0,0,7,0,0,0,0,0,0,0,0,61,223,1,1,0,2,0,35,0,0,0,0,0,1,43,
5,1501,עפולה,7700,3,7,0,597,280,5,275,4,32,3,0,0,0,4,0,0,1,0,0,0,0,0,57,131,0,0,1,0,0,27,1,0,0,0,0,0,14,
5,1502,עפולה,7700,4,28,0,599,343,3,340,5,2,0,0,0,0,1,0,0,0,0,0,0,0,0,147,109,1,0,0,0,0,66,0,0,0,0,0,0,9,
5,1503,עפולה,7700,5,14,1,548,396,0,396,13,10,1,1,0,0,17,0,0,0,0,0,0,0,0,8,252,0,0,0,8,0,42,0,0,0,0,0,0,44,
5,1504,עפולה,7700,6,27,0,558,372,4,368,9,29,5,0,0,0,8,0,0,0,0,0,0,0,0,52,149,0,0,0,3,0,90,0,0,0,0,0,0,23,
5,1505,עפולה,7700,7,9,0,591,319,6,313,1,50,1,1,0,0,4,0,0,0,0,0,1,0,0,58,145,0,0,0,2,0,31,1,0,0,0,0,0,18,
5,1506,עפולה,7700,8,10,0,633,420,4,416,3,163,0,0,0,0,6,0,0,0,0,0,0,0,1,19,154,0,0,0,4,0,24,0,0,0,0,0,0,42,
5,1507,עפולה,7700,9,11,0,695,401,3,398,7,19,1,0,0,0,8,0,0,0,1,0,1,0,0,23,253,0,0,0,2,0,32,0,0,0,1,1,0,49,
5,1508,עפולה,7700,10,12,0,630,436,3,433,3,162,1,0,0,0,3,0,0,0,0,0,0,0,0,11,143,0,0,0,1,0,24,0,1,1,0,0,0,83,
5,1509,עפולה,7700,11,12,0,610,373,4,369,5,33,3,0,0,0,4,0,0,0,0,0,0,0,0,12,222,0,0,0,2,0,31,0,1,0,0,0,0,56,
5,1510,עפולה,7700,12,14,0,412,282,2,280,5,14,0,0,0,0,7,0,0,0,0,0,0,0,0,6,185,0,0,0,7,0,13,0,0,0,0,0,0,43,
5,1511,עפולה,7700,13,7,0,640,295,0,295,9,56,3,0,0,0,2,0,0,0,0,0,0,0,0,41,128,0,0,0,0,0,25,1,0,0,0,0,0,30,
5,1512,עפולה,7700,15,8,0,532,290,5,285,2,77,2,0,0,0,2,0,0,0,0,0,0,0,0,54,97,0,0,0,2,1,16,0,1,0,0,0,0,31,
5,1513,עפולה,7700,16.1,17,0,619,415,2,413,9,4,1,0,0,0,26,0,0,0,0,0,0,0,0,5,254,0,0,0,1,0,71,0,0,0,0,0,0,42,
5,1514,עפולה,7700,16.2,17,0,619,444,1,443,22,1,0,1,0,0,15,0,0,0,0,0,0,0,0,6,266,1,0,0,1,0,100,0,0,0,1,0,0,29,
5,1515,עפולה,7700,16.3,17,0,619,419,1,418,25,8,0,2,0,0,20,0,0,0,0,0,0,0,0,20,196,0,0,0,3,0,114,0,0,0,0,0,0,30,
5,1516,עפולה,7700,16.4,17,0,619,430,2,428,7,5,0,0,0,0,19,0,0,0,0,0,0,0,0,16,258,0,0,0,2,0,100,0,0,0,0,0,0,21,
5,1517,עפולה,7700,16.5,17,0,619,422,2,420,12,6,0,0,0,0,15,0,0,0,0,0,0,0,0,16,269,0,0,0,2,0,77,0,0,1,0,0,0,22,
5,1518,עפולה,7700,16.6,17,0,619,456,3,453,6,3,1,0,0,0,15,0,0,0,0,0,0,0,0,15,282,0,0,0,1,0,93,0,0,0,0,0,0,37,
5,1519,עפולה,7700,16.7,17,0,619,398,3,395,16,4,1,1,0,0,13,0,0,0,0,0,0,0,0,28,215,0,0,0,3,0,88,1,0,0,0,0,0,25,
5,1520,עפולה,7700,16.8,17,0,612,429,1,428,14,3,0,0,0,0,20,0,0,0,0,0,1,0,0,21,215,0,0,0,0,0,136,0,0,0,0,0,0,18,
5,1521,עפולה,7700,17,20,0,680,509,3,506,12,1,0,1,0,0,15,0,0,0,0,0,0,0,0,23,331,0,0,0,3,0,87,0,0,0,0,0,0,33,
5,1522,עפולה,7700,18,16,0,729,409,3,406,9,8,0,3,0,0,8,0,0,0,0,0,0,0,0,64,202,0,0,1,1,0,80,0,0,0,0,0,0,30,
5,1523,עפולה,7700,20,20,0,688,427,0,427,22,4,0,0,0,0,18,0,0,0,0,0,0,0,0,15,212,1,0,0,1,0,118,0,0,0,0,0,0,36,
5,1524,עפולה,7700,21,1,0,652,405,3,402,8,8,1,0,0,0,12,0,0,0,0,0,0,0,0,41,224,0,0,0,0,0,74,0,0,0,0,0,0,34,
5,1525,עפולה,7700,22,23,0,651,454,1,453,1,6,0,0,0,0,32,0,0,0,0,0,0,0,0,22,287,0,1,0,2,0,53,0,0,0,0,0,0,49,
5,1526,עפולה,7700,23,26,0,675,427,2,425,12,3,0,0,0,0,20,0,0,0,0,0,0,0,0,74,192,1,1,0,8,0,54,0,1,1,0,0,1,57,
5,1527,עפולה,7700,24,20,0,688,402,3,399,16,6,1,0,0,0,4,0,0,0,0,0,0,0,0,20,221,0,0,0,0,0,92,1,0,0,0,0,0,38,
5,1528,עפולה,7700,25,4,0,706,413,3,410,6,0,1,0,0,0,3,0,0,0,0,0,0,1,0,133,183,0,0,0,0,0,55,1,1,4,0,0,1,21,
5,1529,עפולה,7700,26,25,0,718,474,2,472,19,4,3,0,0,0,35,0,0,1,0,0,0,0,0,19,227,0,0,0,4,0,114,0,0,0,0,0,0,46,
5,1530,עפולה,7700,29,26,0,648,340,3,337,7,8,0,3,0,0,10,0,0,0,0,0,0,0,0,59,186,0,0,0,2,0,38,0,0,0,0,1,0,23,
5,1531,עפולה,7700,30,1,0,586,346,4,342,14,6,1,1,0,0,14,0,0,0,0,0,0,0,0,34,182,0,0,0,0,0,63,0,0,1,0,0,0,26,
5,1532,עפולה,7700,32,19,0,698,437,1,436,10,6,1,0,0,0,23,0,0,0,0,0,0,0,0,54,240,0,0,0,1,0,59,0,0,0,0,0,0,42,
5,1533,עפולה,7700,34,1,0,716,441,2,439,8,2,0,0,0,0,13,0,0,0,0,0,0,0,0,59,248,0,0,0,5,0,81,0,0,0,0,0,0,23,
5,1534,עפולה,7700,36,5,0,493,304,2,302,12,13,3,0,0,0,9,0,0,0,0,0,0,0,0,82,116,0,0,0,1,0,56,0,0,0,0,0,0,10,
5,1535,עפולה,7700,37,7,0,654,326,4,322,3,43,0,0,0,0,9,0,0,0,0,1,0,0,1,55,137,0,0,0,7,0,37,0,0,0,0,0,0,29,
5,1536,עפולה,7700,38,22,0,652,394,0,394,12,4,0,0,0,0,10,0,0,0,0,0,0,0,0,24,238,0,0,0,10,0,50,0,0,0,0,0,0,46,
5,1537,עפולה,7700,39,22,0,740,425,6,419,11,18,1,0,0,0,12,0,0,1,0,2,0,0,0,57,222,0,0,0,0,0,58,0,1,0,0,0,0,36,
5,1538,עפולה,7700,40,22,0,674,355,2,353,9,12,1,0,1,0,6,0,0,0,0,0,0,0,0,43,184,1,0,1,1,0,37,1,0,1,0,0,0,55,
5,1539,עפולה,7700,42,20,0,587,424,1,423,10,1,0,0,0,0,11,0,0,0,0,0,0,0,0,17,258,1,0,0,2,0,102,0,0,0,0,0,0,21,
5,1540,עפולה,7700,43,1,0,717,443,11,432,8,2,1,0,0,0,9,0,0,0,0,0,0,0,0,75,219,0,0,0,2,0,79,0,0,0,0,0,0,37,
5,1541,עפולה,7700,44,12,0,473,308,5,303,3,32,1,0,0,0,11,0,0,0,0,0,0,0,0,10,185,1,0,0,2,0,21,0,0,1,0,0,0,36,
5,1542,עפולה,7700,45,28,0,482,279,4,275,3,4,4,2,0,0,3,0,0,1,0,0,0,0,0,68,146,0,0,0,1,0,39,0,0,0,0,0,0,4,
5,1543,עפולה,7700,46,27,0,663,383,7,376,6,69,1,0,0,0,8,0,0,0,0,0,0,0,0,67,162,0,0,0,4,0,28,0,0,0,0,0,0,31,
5,1544,עפולה,7700,47,28,0,660,402,2,400,6,4,3,1,0,0,14,0,0,0,0,0,0,0,1,133,162,0,0,0,0,0,57,1,0,1,0,0,0,17,
5,1545,עפולה,7700,48,4,0,714,357,0,357,6,4,0,0,0,0,1,1,0,0,0,0,0,0,1,106,145,0,0,0,4,0,67,0,0,4,0,0,0,18,
5,1546,עפולה,7700,50,1,0,689,445,1,444,15,2,1,0,0,0,28,0,0,0,0,0,0,0,0,43,236,1,1,0,3,0,57,0,0,0,0,0,0,57,
5,1547,עפולה,7700,51,4,0,490,283,1,282,7,1,0,0,0,0,4,0,0,0,0,0,0,0,1,71,147,0,0,0,2,0,41,0,0,0,0,0,0,8,
5,1548,עפולה,7700,52,20,0,650,401,2,399,14,4,1,1,0,0,11,0,0,0,0,0,0,0,0,19,248,0,0,0,3,0,77,1,0,0,0,1,0,19,
5,1549,עפולה,7700,53.1,18,0,605,445,1,444,13,5,0,0,0,0,35,0,0,0,0,0,0,0,1,22,257,0,0,0,1,0,73,0,0,0,0,0,0,37,
5,1550,עפולה,7700,53.2,18,0,605,427,2,425,13,8,0,2,0,0,21,0,0,0,0,0,0,0,0,40,224,0,0,0,1,0,70,0,0,0,0,0,0,46,
5,1551,עפולה,7700,53.3,18,0,605,407,1,406,12,4,0,0,0,0,19,0,0,0,0,0,0,0,0,15,259,0,0,0,4,0,60,0,0,1,0,0,0,32,
5,1552,עפולה,7700,53.4,18,0,602,416,0,416,12,9,0,0,0,0,28,0,0,0,0,0,0,0,0,11,211,0,0,0,2,0,103,0,0,0,0,0,0,40,
5,1553,עפולה,7700,54,19,0,776,496,4,492,17,8,1,1,0,0,25,0,1,0,0,0,0,0,0,39,283,0,0,0,8,0,55,0,0,0,0,0,0,54,
5,1554,עפולה,7700,55,23,0,416,321,0,321,7,2,0,1,0,0,24,0,0,0,0,0,0,0,0,10,208,0,0,0,1,0,54,0,0,0,0,0,0,14,
5,1555,עפולה,7700,57,20,0,643,424,1,423,12,2,0,0,0,0,16,0,0,0,0,0,0,0,0,37,223,0,0,0,1,0,108,0,0,0,0,0,0,24,
5,1556,עפולה,7700,59,20,0,522,369,1,368,10,2,1,0,0,0,14,0,0,0,0,0,0,1,0,23,210,0,0,0,3,0,92,0,0,0,0,0,0,12,
5,1557,עפולה,7700,60,4,0,572,334,1,333,15,0,0,0,0,0,7,0,0,1,1,0,0,0,0,79,145,0,0,0,2,0,58,0,0,0,0,0,0,25,
5,1558,עפולה,7700,61,30,0,661,494,3,491,12,3,0,1,0,0,16,0,0,0,0,0,0,0,0,39,288,0,0,0,2,0,115,0,0,0,0,0,0,15,
5,1559,עפולה,7700,62,29,1,530,383,0,383,11,0,2,0,0,0,16,0,0,0,0,0,0,0,0,32,203,0,0,0,0,0,108,0,0,0,0,0,0,11,
5,1560,עפולה,7700,64,29,0,560,381,1,380,8,3,3,0,0,0,14,0,0,0,0,0,0,0,0,30,201,0,0,0,0,0,114,0,0,0,0,0,0,7,
5,1561,עפולה,7700,65,30,0,779,538,0,538,14,5,1,0,0,0,20,0,0,0,0,0,0,0,0,61,257,0,0,0,3,0,145,1,0,0,0,0,0,31,
5,1562,עפולה,7700,66,30,0,555,400,3,397,13,1,0,1,0,0,16,0,0,0,0,0,0,0,0,40,210,1,0,0,3,0,95,0,0,0,0,0,0,17,
5,1563,עפולה,7700,67,29,0,588,390,1,389,7,2,0,0,0,0,24,0,0,0,0,0,0,0,0,28,221,0,0,0,1,0,93,0,0,0,0,0,0,13,
5,1564,עפולה,7700,68,31,0,722,440,2,438,14,3,2,0,0,0,19,0,0,0,0,0,0,0,0,51,209,2,0,0,2,0,114,0,0,0,0,0,0,22,
5,1565,עפולה,7700,952,31,0,540,336,2,334,14,3,4,0,0,0,10,0,0,0,0,0,0,0,0,32,181,0,0,0,3,0,83,0,0,0,0,0,0,4,
18,9318,ערד,2560,1,3,0,609,409,0,409,30,95,1,0,0,0,13,0,0,0,0,1,0,0,0,19,81,0,0,0,1,0,163,0,0,0,0,0,0,5,
18,9319,ערד,2560,2,2,0,617,346,2,344,8,37,1,0,0,0,10,0,0,0,0,1,1,0,0,124,84,0,0,1,1,0,71,0,0,0,0,0,0,5,
18,9320,ערד,2560,3,18,0,613,407,1,406,3,245,6,0,0,0,9,0,0,0,0,0,0,0,0,65,42,1,0,0,1,0,33,0,0,0,0,0,0,1,
18,9321,ערד,2560,4,22,0,687,429,4,425,11,21,3,0,0,0,6,0,0,0,0,0,1,0,0,97,116,0,0,0,0,0,154,0,0,2,1,0,0,13,
18,9322,ערד,2560,5,7,0,596,318,4,314,8,78,4,0,0,0,4,0,0,0,0,0,1,0,0,107,52,0,0,0,0,0,51,0,0,0,1,0,0,8,
18,9323,ערד,2560,6,7,0,690,322,3,319,11,94,5,0,0,0,6,0,0,0,0,0,0,0,0,83,59,0,0,0,1,0,52,0,0,0,0,0,1,7,
18,9324,ערד,2560,7,9,0,464,217,4,213,8,84,1,1,0,0,4,1,0,0,0,0,0,0,0,49,29,0,0,0,2,0,34,0,0,0,0,0,0,0,
18,9325,ערד,2560,8.1,4,0,630,384,2,382,19,58,19,0,0,0,10,0,0,0,0,0,0,0,0,44,92,0,0,0,0,0,128,0,0,0,0,0,0,12,
18,9326,ערד,2560,8.2,4,0,630,388,5,383,33,59,12,0,0,0,16,1,0,0,0,2,0,0,0,27,109,0,1,0,1,0,113,0,0,0,0,0,0,9,
18,9327,ערד,2560,8.3,4,0,628,373,1,372,28,70,1,0,0,0,11,0,0,0,0,0,0,0,0,49,88,1,0,0,0,0,120,0,0,0,0,0,0,4,
18,9328,ערד,2560,9,20,0,705,391,5,386,7,188,4,0,0,0,5,0,0,0,0,0,0,0,0,74,52,1,0,0,0,1,46,0,0,0,0,0,0,8,
18,9329,ערד,2560,10,2,0,626,344,4,340,10,96,5,1,0,0,5,0,0,0,0,0,0,0,0,95,70,0,0,0,1,0,47,0,0,0,0,0,1,9,
18,9330,ערד,2560,11,3,0,554,353,0,353,32,88,2,3,0,0,7,0,0,0,0,0,0,0,0,30,82,0,0,0,0,0,105,0,0,0,0,0,0,4,
18,9331,ערד,2560,12,10,0,745,516,3,513,10,210,2,0,0,0,20,0,0,1,0,0,0,1,0,91,86,0,0,0,1,0,67,0,0,0,1,0,0,23,
18,9332,ערד,2560,14,3,0,634,372,0,372,26,85,3,0,0,0,7,0,1,0,0,2,0,0,0,53,67,1,0,0,0,0,117,0,1,0,1,0,0,8,
18,9333,ערד,2560,15,3,0,479,265,1,264,11,58,2,1,0,0,8,0,0,0,0,0,0,0,0,50,64,0,0,0,0,0,67,0,0,0,0,0,0,3,
18,9334,ערד,2560,16,2,0,559,276,3,273,6,53,2,0,1,0,9,1,0,0,0,0,0,0,0,61,67,2,0,0,0,0,58,0,1,0,0,0,0,12,
18,9335,ערד,2560,17,2,0,686,355,2,353,17,83,9,0,0,0,4,0,0,1,0,0,0,0,0,74,79,1,1,0,1,0,72,0,0,0,0,0,0,11,
18,9336,ערד,2560,18,18,0,612,344,4,340,3,120,20,1,0,0,1,0,0,0,0,0,0,0,0,84,57,0,0,0,0,0,45,0,0,1,0,0,0,8,
18,9337,ערד,2560,19,17,0,706,465,7,458,11,37,10,0,0,0,14,0,0,0,0,0,0,0,0,54,159,0,0,1,1,0,149,0,0,0,0,0,0,22,
18,9338,ערד,2560,20,7,0,676,346,7,339,7,176,6,0,0,0,3,0,0,0,0,0,0,0,0,70,41,0,0,0,0,0,34,0,0,0,0,0,0,2,
18,9339,ערד,2560,21,3,0,597,427,1,426,26,70,3,0,0,0,16,0,0,0,0,1,0,0,0,36,113,0,0,0,4,0,150,0,0,0,0,0,0,7,
18,9340,ערד,2560,22,10,0,590,404,0,404,3,208,0,0,1,0,11,0,0,0,0,0,0,0,0,62,70,0,0,0,1,0,32,0,0,0,0,0,0,16,
18,9341,ערד,2560,23,14,0,694,417,2,415,21,33,2,0,0,0,10,0,0,0,0,0,0,0,1,106,113,1,0,0,0,0,123,0,0,0,0,0,0,5,
18,9342,ערד,2560,24,16,0,691,454,4,450,15,27,8,0,0,0,16,0,0,0,0,0,0,0,0,90,151,0,0,0,2,0,131,1,0,0,0,0,0,9,
18,9343,ערד,2560,25,10,0,641,327,3,324,3,119,5,0,0,0,3,0,0,0,0,0,0,0,0,72,59,0,0,0,0,0,56,0,0,0,0,0,0,7,
18,9344,ערד,2560,26,13,0,605,346,1,345,11,39,2,0,0,0,11,0,0,0,0,0,0,0,0,77,69,0,0,0,2,0,125,0,0,0,0,0,0,9,
18,9345,ערד,2560,27,19,0,378,242,1,241,8,4,0,0,0,0,8,0,0,0,0,0,0,0,1,53,85,0,0,0,0,0,73,0,0,0,0,0,0,9,
18,9346,ערד,2560,28,10,0,653,439,4,435,6,188,0,1,0,0,7,0,0,0,0,0,0,0,1,74,75,0,0,0,1,0,73,0,0,1,1,0,0,7,
18,9347,ערד,2560,29,23,0,636,390,4,386,10,23,4,1,0,0,12,1,0,0,0,2,0,0,0,159,82,1,0,0,2,0,81,1,0,2,0,0,0,5,
18,9348,ערד,2560,30,15,0,659,402,2,400,21,16,11,0,0,0,16,0,0,0,0,0,0,0,0,82,141,0,0,0,0,0,104,0,0,0,0,0,0,9,
18,9349,ערד,2560,31,7,0,662,347,0,347,6,172,10,1,0,0,2,0,0,0,0,0,0,0,0,65,42,0,0,0,0,0,41,0,2,0,0,2,0,4,
18,9350,ערד,2560,32,10,0,595,343,3,340,0,83,0,1,0,0,18,1,0,0,0,0,0,0,0,88,71,1,1,0,0,0,72,0,0,0,0,0,0,4,
18,9351,ערד,2560,34,19,0,406,223,3,220,6,9,0,1,0,0,5,0,0,0,0,0,0,0,0,101,55,0,0,0,1,0,41,0,0,1,0,0,0,0,
18,9352,ערד,2560,35,3,0,562,393,2,391,21,64,2,1,0,0,11,0,0,0,0,0,0,0,0,29,88,0,0,0,5,0,161,0,0,0,0,0,0,9,
9,3789,פוריידיס,537,1,7,0,731,453,6,447,3,0,429,0,0,0,0,0,0,0,0,1,0,0,0,0,2,0,0,0,0,0,3,0,0,0,0,0,0,9,
9,3790,פוריידיס,537,2,10,0,698,437,4,433,6,0,412,0,0,0,0,0,0,0,0,0,0,0,0,0,3,0,0,0,0,0,3,0,0,0,0,0,1,8,
9,3791,פוריידיס,537,3,10,0,716,394,2,392,1,0,378,0,0,0,1,0,0,1,0,0,0,0,0,0,2,0,0,0,0,0,5,0,0,0,0,0,1,3,
9,3792,פוריידיס,537,4,9,0,731,397,1,396,3,0,388,0,0,0,0,0,0,0,0,0,0,0,0,0,2,0,0,0,0,0,2,1,0,0,0,0,0,0,
9,3793,פוריידיס,537,5,7,0,741,446,1,445,3,0,430,0,0,0,1,0,0,0,0,0,0,0,0,0,1,0,0,0,0,0,2,0,0,0,0,0,0,8,
9,3794,פוריידיס,537,6,7,0,773,445,0,445,0,0,432,0,0,0,1,0,0,0,0,0,0,0,0,0,1,0,1,0,0,0,6,0,0,0,0,0,0,4,
9,3795,פוריידיס,537,7,9,0,742,451,1,450,2,0,430,0,0,0,0,0,0,0,0,1,0,0,0,0,3,0,0,0,0,0,1,0,0,1,0,0,1,11,
9,3796,פוריידיס,537,8,9,0,689,410,3,407,4,0,394,0,0,0,0,0,0,1,0,0,0,1,0,0,2,0,0,0,0,1,0,0,0,0,0,0,1,3,
9,3798,פוריידיס,537,10,10,0,707,468,2,466,1,0,456,0,0,0,1,0,0,0,0,1,0,0,0,0,0,0,0,0,0,1,1,0,0,1,0,0,0,4,
9,3799,פוריידיס,537,11,8,0,776,457,7,450,8,0,432,0,0,0,0,0,0,0,0,0,0,0,0,0,0,0,0,0,0,1,5,0,0,0,0,1,1,2,
9,3800,פוריידיס,537,12,8,0,714,439,6,433,2,0,421,0,0,0,1,0,0,0,0,0,0,0,0,0,2,0,0,0,0,0,2,0,0,0,0,0,1,4,
2,731,פסגות,3659,1,2,0,495,426,1,425,0,25,0,0,1,0,294,0,0,0,0,0,0,0,0,0,92,1,0,0,3,0,5,0,0,0,0,0,0,4,
2,732,פסגות,3659,2,2,0,500,417,0,417,0,31,0,0,0,0,280,0,0,0,0,0,0,0,0,0,92,0,0,0,4,0,3,1,0,0,0,0,0,6,
18,9452,פעמי תשז,2059,1,1,0,384,304,0,304,6,4,0,1,0,0,15,0,0,0,0,0,0,0,0,4,146,0,0,0,2,0,48,0,0,0,0,0,0,78,
12,5737,פתחיה,839,1,2,0,612,482,4,478,15,1,0,0,0,0,17,0,0,0,0,0,0,0,0,9,262,0,0,0,3,0,138,0,0,0,0,0,0,33,
19,10435,צופית,198,1,1,0,436,328,0,328,60,2,4,0,0,0,5,0,0,0,0,0,0,0,0,8,31,0,0,0,0,0,217,0,0,0,0,0,0,1,
19,10436,צופית,198,2,1,0,363,269,0,269,55,0,3,0,0,0,4,0,0,0,0,0,0,0,0,1,22,1,0,0,0,0,183,0,0,0,0,0,0,0,
3,1147,צפת,8000,1,26,0,490,346,0,346,6,95,0,0,0,0,42,0,1,0,0,0,0,0,0,4,128,0,0,0,4,0,8,0,0,0,0,0,0,58,
3,1148,צפת,8000,2.1,2,0,604,393,3,390,2,61,0,0,0,0,25,0,0,0,0,0,0,0,0,5,211,0,0,0,10,0,11,0,0,0,0,0,0,65,
3,1149,צפת,8000,2.2,2,0,604,387,1,386,6,97,1,0,1,0,33,0,0,0,0,0,0,0,0,2,185,1,0,0,7,0,16,0,0,0,0,1,0,36,
3,1150,צפת,8000,2.3,2,0,604,399,2,397,3,67,0,0,0,0,24,0,0,0,0,0,0,0,0,4,194,0,0,0,13,0,17,0,0,0,0,0,1,74,
3,1151,צפת,8000,2.4,2,0,604,418,0,418,2,90,0,0,0,0,30,0,0,0,0,0,0,0,1,7,193,0,1,0,11,0,21,0,0,0,0,0,2,60,
3,1152,צפת,8000,5,21,0,582,402,4,398,11,35,1,1,0,0,23,0,0,0,0,0,0,0,0,33,246,0,0,0,2,0,27,0,0,0,0,0,0,19,
3,1153,צפת,8000,6,26,0,612,328,2,326,2,148,0,0,0,0,38,0,0,0,0,0,0,0,0,3,75,0,1,0,18,0,3,0,0,0,0,0,0,38,
3,1154,צפת,8000,7,32,0,522,341,1,340,6,20,2,0,0,0,13,0,0,0,0,0,0,0,0,80,167,0,0,0,0,0,32,0,0,2,0,0,1,17,
3,1155,צפת,8000,8,22,0,441,324,0,324,6,31,1,0,0,0,18,0,0,0,0,0,0,0,0,0,219,0,0,0,2,0,13,0,0,0,0,0,0,34,
3,1156,צפת,8000,9,23,0,494,276,2,274,5,24,0,0,0,0,36,0,0,0,0,0,0,0,0,8,116,0,0,0,8,0,32,0,0,0,0,0,0,45,
3,1157,צפת,8000,10.1,14,0,582,392,1,391,4,0,1,0,0,0,17,0,0,0,0,0,0,0,0,24,259,0,0,0,0,0,34,0,0,0,0,0,0,52,
3,1158,צפת,8000,10.2,14,0,582,388,2,386,4,9,1,0,0,0,17,0,0,0,0,0,0,0,0,29,241,0,0,0,5,0,42,0,0,1,0,0,0,37,
3,1159,צפת,8000,10.3,14,0,582,373,0,373,5,5,0,0,0,0,23,0,0,0,0,0,0,0,0,25,230,0,0,0,5,0,30,0,0,0,0,0,0,50,
3,1160,צפת,8000,10.4,14,0,580,396,1,395,5,14,0,0,0,0,22,0,0,0,0,0,0,0,0,27,242,0,0,0,3,0,45,0,0,0,0,0,0,37,
3,1161,צפת,8000,11,16,0,488,303,1,302,11,2,2,0,0,0,9,0,0,0,0,0,0,0,0,30,158,0,3,0,7,0,68,0,0,0,0,0,0,12,
3,1162,צפת,8000,12,26,0,606,364,0,364,2,64,1,0,0,0,30,0,0,0,0,0,0,0,0,3,164,0,0,0,11,0,12,0,0,0,0,0,1,76,
3,1163,צפת,8000,14,3,0,664,378,5,373,2,85,0,0,0,0,52,0,0,0,0,0,0,0,0,5,125,1,0,0,15,0,18,0,0,0,0,0,0,70,
3,1164,צפת,8000,15,23,0,640,359,4,355,2,131,1,0,0,0,50,0,0,0,0,0,0,0,0,2,81,1,0,0,3,1,14,0,0,0,0,0,0,69,
3,1165,צפת,8000,16,3,0,611,296,2,294,2,149,1,0,0,0,27,0,0,0,0,0,0,0,0,4,44,0,0,0,6,0,4,0,0,0,0,0,0,57,
3,1166,צפת,8000,17,24,0,794,518,0,518,6,178,0,0,0,0,65,0,0,0,0,0,0,0,0,3,135,0,0,0,8,0,25,0,0,0,0,0,1,97,
3,1167,צפת,8000,18,17,0,434,241,0,241,2,21,0,0,0,0,6,0,0,0,0,0,0,0,0,7,80,1,0,0,4,0,2,0,0,0,0,0,0,118,
3,1168,צפת,8000,19,25,0,775,493,2,491,0,251,0,0,0,0,9,0,0,0,0,0,0,0,0,0,26,0,0,0,5,0,0,0,0,0,0,0,0,200,
3,1169,צפת,8000,20,4,0,566,287,5,282,1,24,9,1,0,0,3,0,0,0,0,0,0,0,0,93,87,0,0,0,1,0,17,0,0,0,0,2,0,44,
3,1170,צפת,8000,21,4,0,666,366,3,363,3,48,1,0,0,0,6,0,0,0,0,0,0,1,0,32,141,0,0,2,2,0,17,0,0,2,0,1,3,104,
3,1171,צפת,8000,22,4,0,736,445,2,443,0,170,0,0,0,0,5,0,0,0,0,0,0,0,0,0,28,0,1,0,3,0,1,0,0,0,0,0,0,235,
3,1172,צפת,8000,24,31,0,622,424,3,421,3,131,0,1,0,0,28,0,0,0,0,0,0,0,0,13,132,0,0,0,2,0,19,0,0,0,0,0,0,92,
3,1173,צפת,8000,25,24,0,733,437,1,436,1,72,0,0,0,0,82,0,0,0,0,0,0,0,0,5,118,1,0,0,6,0,25,0,0,0,0,0,0,126,
3,1174,צפת,8000,26,11,0,603,350,1,349,5,66,0,0,0,0,16,0,0,0,0,0,0,0,0,48,113,0,0,0,4,0,10,0,0,0,0,0,0,87,
3,1175,צפת,8000,27,4,0,673,392,2,390,2,75,0,0,0,0,5,0,0,0,0,0,0,0,0,18,154,0,0,0,3,0,10,0,0,0,0,0,0,123,
3,1176,צפת,8000,28,11,0,703,411,7,404,7,57,1,1,0,0,17,0,1,0,0,0,0,0,0,55,154,0,0,0,2,1,22,0,0,1,0,1,0,84,
3,1177,צפת,8000,29,19,0,608,352,4,348,1,90,0,0,0,0,10,0,0,0,0,0,0,0,0,16,91,1,0,0,7,0,12,0,0,0,0,0,0,120,
3,1178,צפת,8000,30,5,0,506,365,3,362,5,62,0,0,0,0,28,0,0,0,0,0,0,0,0,6,114,0,0,0,1,0,7,0,0,0,0,0,0,139,
3,1179,צפת,8000,31,11,0,608,367,3,364,4,54,0,0,0,0,7,0,0,0,0,0,0,0,0,4,147,0,0,0,3,1,3,0,0,0,0,0,0,141,
3,1180,צפת,8000,32,5,0,489,318,4,314,1,98,2,0,0,0,23,0,0,0,0,0,0,0,0,32,73,0,0,0,1,0,17,0,0,0,0,0,0,67,
3,1181,צפת,8000,33,16,0,562,338,4,334,13,3,3,0,0,0,25,0,0,0,0,0,0,0,0,33,164,2,0,0,5,0,70,0,0,0,0,0,0,16,
3,1182,צפת,8000,34,33,0,530,375,4,371,8,7,1,1,0,0,16,0,0,0,0,1,1,0,0,90,168,0,0,0,1,0,35,1,0,0,0,0,0,41,
3,1183,צפת,8000,40,13,0,367,230,3,227,3,0,214,0,0,0,0,1,0,0,0,0,0,0,0,0,1,0,0,0,0,1,5,0,0,0,0,0,0,2,
3,1184,צפת,8000,42,27,0,736,522,4,518,12,17,0,0,0,0,33,0,0,0,0,0,0,0,0,37,320,0,0,0,5,0,56,0,1,0,0,0,0,37,
3,1185,צפת,8000,44,21,0,465,331,1,330,6,13,0,0,0,0,9,0,0,0,0,0,0,0,0,36,186,0,0,0,4,0,34,0,0,0,0,0,1,41,
3,1186,צפת,8000,45,19,0,438,288,4,284,1,92,0,0,0,0,26,0,0,0,0,0,1,0,0,10,75,0,0,0,3,0,16,0,0,0,0,0,0,60,
13,6574,קבוצת יבנה,334,1,1,0,589,434,1,433,26,0,1,1,0,0,153,0,0,0,0,0,0,0,0,8,96,1,0,0,0,0,144,0,0,0,0,0,0,3,
13,6483,קדרון,615,1,1,0,614,468,2,466,78,2,2,0,0,0,10,1,0,0,0,0,0,0,0,14,37,0,0,0,0,0,321,0,0,0,0,0,0,1,
13,6484,קדרון,615,2,1,0,538,411,1,410,42,1,1,2,0,0,2,0,0,0,0,0,0,0,0,10,52,0,0,0,1,0,295,1,0,0,0,0,1,2,
9,3922,קיסריה,1167,1,2,0,613,381,0,381,23,4,4,0,0,0,10,0,0,0,0,0,0,0,0,9,121,0,0,0,0,0,207,0,0,0,0,0,0,3,
9,3923,קיסריה,1167,2,2,0,627,404,3,401,44,1,3,0,0,0,12,0,0,0,0,0,0,0,0,16,108,0,0,0,0,0,213,0,0,1,0,0,0,3,
9,3924,קיסריה,1167,3,2,0,552,335,0,335,38,1,2,1,0,0,11,0,0,0,0,0,0,0,1,10,56,0,0,0,1,0,212,0,0,0,0,0,0,2,
9,3925,קיסריה,1167,4,2,0,693,447,0,447,46,0,4,1,0,0,25,0,0,0,0,0,0,0,0,13,106,0,0,0,1,0,249,0,0,0,0,0,0,2,
9,3926,קיסריה,1167,5,2,0,598,409,0,409,15,3,0,0,0,0,15,0,0,0,0,0,0,0,0,18,172,1,0,0,1,0,178,0,0,0,0,0,0,6,
9,3927,קיסריה,1167,6,2,0,622,375,1,374,41,0,2,0,0,0,7,0,0,0,0,0,0,0,0,13,81,0,0,0,0,0,225,0,0,1,0,0,0,4,
9,3928,קיסריה,1167,7,2,0,683,482,1,481,36,1,1,1,0,0,13,0,0,0,0,0,0,0,0,15,131,0,0,0,0,0,279,0,0,0,0,0,0,4,
9,3929,קיסריה,1167,8,2,0,558,368,0,368,18,5,3,0,0,0,12,0,0,0,0,0,0,0,0,9,117,0,0,0,0,0,197,0,0,0,0,0,0,7,
3,1299,קצרין,4100,1,5,0,660,338,2,336,13,12,3,2,0,0,27,0,0,0,0,0,0,0,0,61,134,0,0,0,6,0,64,0,0,0,0,0,1,13,
3,1300,קצרין,4100,2,5,0,654,357,7,350,15,2,0,1,0,0,39,0,0,0,0,0,0,0,0,69,125,0,0,0,5,0,80,0,0,0,0,1,0,13,
3,1301,קצרין,4100,3,4,0,510,311,1,310,16,10,0,0,0,0,39,0,0,0,0,1,0,0,1,49,87,0,1,0,3,0,94,0,0,0,0,0,0,9,
3,1302,קצרין,4100,4,4,0,598,340,0,340,21,4,1,0,0,0,46,0,0,0,0,0,0,0,0,32,146,1,0,0,4,0,74,0,0,1,0,1,0,9,
3,1303,קצרין,4100,5,1,0,601,354,3,351,9,2,1,0,0,0,26,0,0,0,0,1,0,0,0,74,156,0,0,0,6,0,68,0,0,1,0,0,0,7,
3,1304,קצרין,4100,6,5,0,618,347,4,343,2,7,1,1,0,0,28,0,0,0,0,0,0,0,0,77,130,0,0,0,6,0,74,0,0,0,0,4,0,13,
3,1305,קצרין,4100,7,4,0,568,278,0,278,7,1,0,0,0,0,17,0,0,0,0,3,0,0,0,66,108,0,0,0,5,0,60,0,0,0,0,0,1,10,
3,1306,קצרין,4100,8,1,0,643,345,6,339,9,3,0,2,0,0,25,0,0,0,0,0,0,0,0,72,138,1,0,0,2,0,78,0,0,0,0,0,0,9,
3,1308,קצרין,4100,10,1,0,554,340,0,340,16,1,1,0,0,0,51,0,1,0,0,0,0,0,0,40,145,0,1,0,2,0,58,0,0,0,0,0,0,24,
8,3434,קרית ביאליק,9500,1.1,5,0,587,404,4,400,8,15,0,0,0,0,12,0,0,0,0,0,0,0,0,29,207,1,0,0,1,0,112,0,0,0,0,0,0,15,
8,3435,קרית ביאליק,9500,1.2,5,0,587,398,0,398,14,6,0,0,0,0,7,0,0,0,0,0,0,0,0,65,169,0,0,0,1,0,126,0,0,0,0,0,0,10,
8,3436,קרית ביאליק,9500,1.3,5,0,587,387,4,383,20,8,0,1,0,0,6,0,1,0,0,0,0,0,0,53,180,1,0,0,0,0,102,0,0,0,0,0,0,11,
8,3437,קרית ביאליק,9500,1.4,5,0,586,408,4,404,18,5,0,0,0,0,9,0,0,0,0,1,0,0,0,62,156,0,0,0,0,0,145,0,0,0,0,0,0,8,
8,3438,קרית ביאליק,9500,2,4,0,662,405,3,402,12,8,1,3,0,0,6,0,0,0,0,0,0,1,0,19,224,0,0,0,1,0,89,3,0,0,0,0,0,35,
8,3439,קרית ביאליק,9500,3,4,0,711,422,3,419,19,7,1,0,0,0,14,0,0,0,0,0,0,0,0,32,228,0,0,0,2,0,90,0,0,0,0,0,1,25,
8,3440,קרית ביאליק,9500,4,21,0,637,392,1,391,10,7,1,0,0,0,12,0,1,0,0,0,0,0,0,16,198,0,0,0,4,1,116,0,0,0,0,0,0,25,
8,3441,קרית ביאליק,9500,5.1,9,0,661,438,5,433,22,1,0,0,0,0,15,0,0,0,0,0,0,0,0,26,183,2,0,1,1,0,159,0,0,0,0,0,0,23,
8,3442,קרית ביאליק,9500,5.2,9,0,661,424,3,421,20,1,0,0,0,0,15,0,0,0,0,0,0,0,0,48,165,0,0,0,1,0,164,1,0,0,0,0,0,6,
8,3443,קרית ביאליק,9500,5.3,9,0,661,438,1,437,21,0,3,2,0,0,13,0,0,0,0,0,0,0,0,41,170,1,0,0,2,0,166,0,0,1,0,0,0,17,
8,3444,קרית ביאליק,9500,5.4,9,1,661,445,1,444,15,2,1,0,0,0,12,0,0,0,0,0,0,0,1,29,171,0,0,0,3,0,199,0,0,0,0,0,0,11,
8,3446,קרית ביאליק,9500,5.6,9,0,661,407,4,403,21,2,1,0,0,0,6,1,0,0,0,0,0,0,1,60,122,2,0,0,2,0,183,0,0,1,0,0,0,1,
8,3447,קרית ביאליק,9500,5.7,9,0,659,431,1,430,23,0,0,0,0,0,6,0,0,0,0,0,0,0,0,35,124,0,0,0,1,0,235,0,0,0,0,0,0,6,
8,3448,קרית ביאליק,9500,6,2,0,606,362,2,360,25,0,0,0,0,0,18,0,0,1,0,0,0,0,1,24,134,0,0,0,2,0,146,1,0,0,0,1,0,7,
8,3449,קרית ביאליק,9500,7,7,0,552,392,3,389,27,5,2,1,0,0,7,0,0,0,0,0,0,0,0,9,131,0,0,0,2,0,196,0,0,0,0,0,0,9,
8,3450,קרית ביאליק,9500,8,7,0,508,318,2,316,16,0,0,0,0,0,13,0,0,0,0,0,0,0,0,25,109,0,0,0,0,0,143,0,0,0,0,0,0,10,
8,3451,קרית ביאליק,9500,9,1,0,670,427,5,422,16,3,1,3,0,0,6,0,0,0,0,0,0,0,0,28,168,0,0,0,0,0,185,0,0,0,0,0,0,12,
8,3452,קרית ביאליק,9500,10,1,0,726,460,5,455,34,2,0,0,0,0,5,0,0,0,0,0,0,0,0,15,150,0,0,0,2,0,235,0,0,0,0,0,0,12,
8,3453,קרית ביאליק,9500,11,1,0,659,429,8,421,26,0,0,1,0,0,11,0,0,0,0,0,0,0,0,21,169,0,2,0,0,0,175,1,0,0,0,0,0,15,
8,3454,קרית ביאליק,9500,12,6,0,561,307,6,301,9,2,0,0,0,0,2,0,0,0,0,0,0,0,0,108,91,0,0,0,1,0,73,0,0,0,0,0,0,15,
8,3455,קרית ביאליק,9500,13,6,0,739,396,3,393,14,0,0,1,0,0,14,0,0,0,0,0,0,0,0,40,199,0,0,0,1,0,107,1,0,0,0,0,0,16,
8,3456,קרית ביאליק,9500,14,10,0,558,326,3,323,4,5,0,0,0,0,2,0,1,0,0,0,0,1,1,138,127,1,0,0,2,0,39,0,0,1,0,0,0,1,
8,3457,קרית ביאליק,9500,16,13,0,566,313,0,313,9,18,0,1,0,0,5,0,0,0,0,0,0,0,0,57,148,0,0,0,0,0,59,0,0,0,0,0,0,16,
8,3458,קרית ביאליק,9500,17,21,0,675,395,6,389,18,5,2,0,0,0,10,0,0,0,0,0,0,0,0,35,184,0,0,0,2,0,95,0,0,0,0,0,0,38,
8,3459,קרית ביאליק,9500,18,2,0,585,365,3,362,7,3,1,0,0,0,1,0,0,0,0,0,0,0,0,52,138,1,0,0,1,0,148,0,0,0,0,0,0,10,
8,3460,קרית ביאליק,9500,19,2,0,627,410,2,408,12,0,0,1,0,0,8,0,0,0,0,0,0,0,0,32,156,0,0,0,0,0,185,0,0,0,0,0,1,13,
8,3461,קרית ביאליק,9500,20,12,0,609,343,4,339,16,2,0,1,0,0,7,0,0,0,0,0,0,0,0,28,170,0,0,0,3,0,100,0,0,0,0,0,0,12,
8,3462,קרית ביאליק,9500,21,10,0,584,313,2,311,9,19,1,0,0,0,4,0,0,0,0,0,0,0,0,63,167,0,0,1,2,0,24,0,0,0,0,0,0,21,
8,3463,קרית ביאליק,9500,22,3,0,529,265,3,262,7,8,1,0,0,0,4,0,0,0,0,1,0,0,0,74,132,1,0,0,0,0,26,0,0,0,3,1,0,4,
8,3464,קרית ביאליק,9500,23,3,0,584,295,5,290,7,11,0,1,0,0,3,0,0,0,0,0,0,1,1,69,162,1,0,0,0,0,29,0,0,0,0,0,0,5,
8,3465,קרית ביאליק,9500,24,3,0,503,273,1,272,6,11,2,0,0,0,0,0,0,0,0,0,0,0,0,56,157,0,0,1,1,0,25,1,0,1,0,0,0,11,
8,3466,קרית ביאליק,9500,25,3,0,665,360,5,355,5,16,0,0,0,0,2,0,0,0,0,0,0,1,0,64,189,1,0,0,0,0,48,0,1,1,0,0,0,27,
8,3467,קרית ביאליק,9500,26,6,0,574,297,3,294,11,2,1,0,0,0,1,1,0,0,0,0,0,0,1,48,146,0,0,0,1,0,67,0,0,0,0,0,0,15,
8,3468,קרית ביאליק,9500,27,13,0,513,287,4,283,8,20,0,0,0,0,2,0,0,0,0,0,0,0,0,47,123,0,0,0,0,0,66,0,0,0,0,0,1,16,
8,3469,קרית ביאליק,9500,29,4,0,555,366,1,365,12,4,0,0,0,0,12,2,0,0,0,0,0,0,1,34,147,0,0,0,1,0,132,0,0,0,0,0,0,20,
8,3470,קרית ביאליק,9500,34,2,0,661,370,0,370,17,0,0,1,0,0,12,0,0,0,0,0,0,0,0,58,125,0,0,0,3,0,147,1,0,0,0,0,0,6,
8,3471,קרית ביאליק,9500,35,2,0,571,363,0,363,28,2,0,0,0,0,15,0,0,0,0,0,0,0,0,23,138,0,0,0,0,0,152,0,0,0,0,0,0,5,
8,3472,קרית ביאליק,9500,37,2,0,634,417,0,417,14,4,0,1,0,0,11,0,0,0,0,0,0,0,0,37,140,1,1,0,2,0,193,0,0,0,0,0,0,13,
8,3473,קרית ביאליק,9500,38,2,0,626,393,0,393,17,2,0,0,0,0,11,0,0,0,1,0,0,0,0,33,114,1,0,0,0,0,207,0,0,0,0,0,0,7,
8,3474,קרית ביאליק,9500,39,2,0,507,312,2,310,14,0,0,0,0,0,6,0,1,0,0,0,0,0,0,47,99,1,0,0,0,0,139,0,0,0,0,0,0,3,
8,3475,קרית ביאליק,9500,40,22,0,615,420,1,419,40,1,1,0,0,0,4,0,0,0,0,0,0,0,0,19,128,0,0,0,1,0,217,0,0,0,0,1,1,6,
8,3476,קרית ביאליק,9500,41,8,0,743,504,3,501,25,1,1,0,0,0,14,0,0,0,0,0,0,0,0,29,194,0,0,0,1,0,226,0,0,0,0,0,0,10,
8,3477,קרית ביאליק,9500,42,8,0,613,370,3,367,9,2,1,0,0,0,14,0,0,0,0,0,0,0,0,58,148,0,0,0,1,0,118,1,0,0,0,1,1,13,
8,3478,קרית ביאליק,9500,43,8,0,699,474,3,471,22,4,0,1,0,0,13,0,0,0,0,0,0,0,0,44,159,0,0,0,3,0,209,0,0,1,0,0,0,15,
8,3479,קרית ביאליק,9500,45,4,0,600,444,1,443,14,4,0,1,0,0,14,0,0,0,0,0,0,0,0,21,159,0,0,0,1,0,216,0,0,0,0,0,0,13,
8,3480,קרית ביאליק,9500,46,4,0,639,453,1,452,15,0,0,1,0,0,13,0,0,0,0,0,0,0,0,20,165,0,0,0,3,1,220,0,0,0,0,0,0,14,
8,3481,קרית ביאליק,9500,47,4,0,536,401,0,401,14,1,0,2,0,0,14,0,0,0,0,0,0,0,0,11,110,0,0,0,1,0,228,0,0,0,0,0,0,20,
8,3482,קרית ביאליק,9500,49,10,0,525,335,2,333,12,6,0,1,0,0,4,0,0,0,0,0,0,0,0,66,160,0,0,0,0,0,74,0,0,0,0,0,0,10,
8,3483,קרית ביאליק,9500,50,10,0,393,233,4,229,5,5,0,0,0,0,7,0,0,0,0,0,0,1,0,29,134,0,0,1,0,0,29,0,0,1,0,0,0,17,
8,3484,קרית ביאליק,9500,52,13,0,524,342,1,341,14,5,1,0,0,0,8,0,0,0,0,0,0,0,0,37,149,0,0,0,0,0,111,0,0,0,0,0,0,16,
8,3485,קרית ביאליק,9500,54,7,0,502,354,1,353,23,4,1,0,0,0,6,0,0,0,0,0,0,0,0,10,132,2,0,0,1,0,169,0,0,0,0,0,0,5,
8,3486,קרית ביאליק,9500,55,4,0,578,415,1,414,18,1,0,0,0,0,16,0,0,0,0,0,0,0,0,25,182,0,0,0,0,0,165,0,0,0,0,0,0,7,
8,3487,קרית ביאליק,9500,951.1,23,0,585,481,6,475,22,0,0,0,0,0,30,0,0,0,0,0,0,0,0,18,138,1,0,0,0,0,255,0,0,0,0,0,0,11,
8,3488,קרית ביאליק,9500,951.2,23,0,585,477,2,475,26,2,0,0,0,0,11,0,0,0,0,0,0,0,1,26,140,0,0,0,2,0,257,0,0,0,0,0,0,10,
8,3489,קרית ביאליק,9500,951.3,23,0,585,465,3,462,17,3,0,0,0,0,21,0,0,0,0,0,0,0,0,20,161,0,0,0,1,0,230,0,0,0,0,0,0,9,
8,3490,קרית ביאליק,9500,951.4,23,0,584,469,0,469,20,2,0,0,0,0,21,0,0,0,0,0,0,0,0,27,116,0,0,0,1,0,273,0,0,1,1,0,0,7,
8,3396,קרית טבעון,2300,1,6,0,620,448,2,446,86,3,7,0,0,0,8,0,0,0,0,0,0,0,0,21,62,4,0,0,2,0,253,0,0,0,0,0,0,0,
8,3397,קרית טבעון,2300,2,5,0,709,456,2,454,101,9,13,4,0,0,7,0,0,0,0,0,1,0,0,8,115,2,0,0,2,0,176,2,0,0,0,0,0,14,
8,3398,קרית טבעון,2300,3,1,0,755,508,1,507,112,12,11,1,0,0,12,0,0,0,0,0,0,0,0,5,121,0,0,0,4,0,223,0,0,0,0,0,0,6,
8,3399,קרית טבעון,2300,4,8,0,475,318,1,317,65,7,3,2,0,0,11,0,0,0,0,0,0,0,1,11,50,0,0,0,0,0,159,1,0,0,0,0,1,6,
8,3400,קרית טבעון,2300,5,4,0,616,458,0,458,114,11,12,1,0,0,24,0,0,0,0,0,0,1,0,9,43,0,0,0,0,0,242,0,0,0,0,0,0,1,
8,3401,קרית טבעון,2300,6,2,0,753,468,0,468,104,6,15,0,0,0,8,0,0,0,0,0,0,0,0,13,46,0,0,1,0,0,274,0,0,1,0,0,0,0,
8,3402,קרית טבעון,2300,7,2,0,748,540,0,540,128,0,9,0,0,0,3,0,0,0,0,0,1,0,0,12,58,0,0,0,0,0,327,0,0,0,0,0,0,2,
8,3403,קרית טבעון,2300,8,7,0,597,448,0,448,69,3,7,0,0,0,11,0,0,0,0,0,0,0,0,10,45,2,0,0,0,0,299,1,1,0,0,0,0,0,
8,3404,קרית טבעון,2300,9,12,0,655,458,2,456,69,6,4,1,0,0,14,0,0,0,0,0,0,0,0,20,110,1,0,0,0,0,227,0,0,0,0,0,0,4,
8,3405,קרית טבעון,2300,10.1,3,0,646,414,1,413,77,12,6,0,0,0,6,0,2,0,0,0,0,0,0,11,90,3,0,0,2,0,198,0,0,0,0,0,0,6,
8,3406,קרית טבעון,2300,10.2,3,0,646,417,2,415,61,11,5,1,0,0,10,0,0,0,0,0,0,0,0,16,124,1,0,0,0,0,181,0,0,0,0,0,0,5,
8,3407,קרית טבעון,2300,10.3,3,0,645,425,2,423,77,6,9,2,0,0,5,0,0,0,0,0,0,0,0,12,93,0,0,0,0,0,217,0,0,0,0,0,0,2,
8,3408,קרית טבעון,2300,11,17,0,449,337,0,337,81,2,2,0,0,0,6,0,0,0,0,0,0,0,0,8,23,2,0,0,0,0,213,0,0,0,0,0,0,0,
8,3409,קרית טבעון,2300,14,7,0,536,404,0,404,67,3,0,0,0,0,8,0,0,0,0,0,0,0,0,6,62,1,0,0,0,0,252,0,0,0,0,0,0,5,
8,3410,קרית טבעון,2300,15,4,0,654,469,0,469,97,5,14,0,0,0,16,0,0,0,0,0,0,0,0,4,42,1,0,0,1,0,288,0,0,0,0,0,0,1,
8,3411,קרית טבעון,2300,16,1,0,611,404,0,404,86,10,12,0,0,0,6,0,0,0,0,0,0,0,0,9,35,1,0,0,3,0,241,0,0,0,0,0,0,1,
8,3412,קרית טבעון,2300,17,13,0,522,365,0,365,36,2,0,0,0,0,9,0,0,0,0,0,0,0,0,9,163,4,0,0,1,0,139,0,0,0,0,0,0,2,
8,3413,קרית טבעון,2300,19,8,0,380,233,1,232,44,7,4,1,0,0,11,0,0,0,0,0,0,0,0,8,66,2,0,0,1,0,82,0,0,0,0,0,0,6,
8,3414,קרית טבעון,2300,20,6,0,460,344,0,344,44,2,4,0,0,0,5,0,0,0,0,0,0,0,0,5,57,0,0,0,1,0,222,0,0,0,0,0,2,2,
8,3415,קרית טבעון,2300,21,12,0,682,498,0,498,59,1,3,2,0,0,13,0,0,0,0,0,0,0,0,16,120,1,0,0,0,0,279,1,0,0,0,0,0,3,
8,3416,קרית טבעון,2300,22,7,0,474,354,0,354,65,3,4,2,0,0,1,0,0,0,0,0,0,0,0,8,44,0,0,0,0,0,224,0,0,0,0,0,0,3,
8,3417,קרית טבעון,2300,23,17,0,413,297,0,297,67,1,6,1,0,0,7,0,0,0,0,0,0,0,0,4,35,1,0,0,0,0,173,0,0,0,0,0,0,2,
8,3418,קרית טבעון,2300,24,7,0,646,406,0,406,51,0,1,1,0,0,16,0,0,0,0,0,0,0,0,10,80,3,0,0,0,0,240,0,0,1,0,0,0,3,
8,3632,קרית מוצקין,8200,1,2,0,700,431,1,430,24,5,0,0,0,0,20,0,0,0,0,0,0,0,0,33,131,0,3,1,3,0,193,0,0,0,0,0,0,17,
8,3633,קרית מוצקין,8200,2,16,0,409,279,1,278,12,2,0,0,0,0,11,0,0,0,0,0,1,0,0,8,126,0,0,0,2,0,106,0,0,0,0,0,0,10,
8,3634,קרית מוצקין,8200,3,2,0,626,422,2,420,18,1,0,0,0,0,27,0,1,0,0,0,0,0,0,39,136,2,0,0,0,0,185,0,0,0,0,0,0,11,
8,3635,קרית מוצקין,8200,4,2,0,648,346,0,346,23,3,2,0,0,0,5,0,0,0,0,0,0,0,0,19,154,0,0,0,0,0,134,1,0,0,0,0,0,5,
8,3636,קרית מוצקין,8200,5,2,0,691,492,0,492,32,0,0,0,0,0,21,0,0,0,0,0,0,0,0,27,161,1,1,0,3,0,243,0,0,0,0,0,0,3,
8,3637,קרית מוצקין,8200,6,8,0,526,359,1,358,22,0,1,0,0,0,32,0,0,0,0,0,0,0,0,20,119,1,0,0,1,0,149,1,0,0,0,0,0,12,
8,3638,קרית מוצקין,8200,7,4,0,559,354,3,351,16,1,1,0,0,0,4,0,0,0,0,0,0,0,0,34,172,1,0,0,1,0,110,0,0,0,0,0,0,11,
8,3639,קרית מוצקין,8200,8,13,0,569,295,2,293,13,2,0,0,0,0,8,1,0,0,0,0,0,0,0,43,136,1,1,0,1,0,75,1,0,0,0,0,0,11,
8,3640,קרית מוצקין,8200,9,4,0,666,432,3,429,15,0,0,0,0,0,19,0,0,1,0,0,0,0,0,42,181,0,0,0,1,0,161,0,0,0,0,0,0,9,
8,3641,קרית מוצקין,8200,10,2,0,533,365,2,363,15,5,1,0,0,0,25,0,0,0,0,0,0,0,0,23,149,0,0,0,0,0,138,0,0,0,0,0,0,7,
8,3642,קרית מוצקין,8200,11,3,0,539,321,3,318,16,1,0,0,0,0,13,0,0,0,0,0,0,0,0,22,155,0,0,0,2,0,101,0,0,0,0,0,0,8,
8,3643,קרית מוצקין,8200,12,21,0,539,374,0,374,15,6,0,0,0,0,21,0,0,0,0,0,0,0,0,14,129,1,0,0,3,0,166,0,0,0,0,0,0,19,
8,3644,קרית מוצקין,8200,13,24,0,508,249,3,246,11,1,0,0,0,0,6,0,0,0,0,0,0,0,0,57,115,0,0,0,2,0,45,0,0,0,0,0,0,9,
8,3645,קרית מוצקין,8200,14,14,0,592,371,5,366,18,2,0,0,0,0,10,0,0,0,0,0,0,0,0,64,134,0,0,0,0,0,132,0,0,2,0,0,0,4,
8,3646,קרית מוצקין,8200,15,8,0,472,272,3,269,11,1,1,0,0,0,6,0,0,0,0,0,0,0,0,30,115,0,0,0,2,0,91,0,1,0,0,0,0,11,
8,3647,קרית מוצקין,8200,16.1,1,0,625,359,3,356,14,0,0,0,0,0,4,0,0,0,0,1,0,0,0,47,156,0,0,0,2,0,102,0,0,0,0,0,0,30,
8,3648,קרית מוצקין,8200,16.2,1,0,625,346,5,341,18,1,0,0,0,0,10,0,0,0,0,0,0,0,0,77,108,0,0,0,2,0,117,0,0,0,0,0,0,8,
8,3649,קרית מוצקין,8200,16.3,1,0,625,368,1,367,9,0,1,1,0,0,14,0,0,0,0,0,0,0,0,55,171,0,0,0,2,0,102,0,0,0,0,0,0,12,
8,3650,קרית מוצקין,8200,16.4,1,0,625,379,3,376,13,1,1,2,0,0,17,1,0,0,0,0,0,0,0,58,155,0,0,0,1,0,117,0,0,0,0,0,0,10,
8,3651,קרית מוצקין,8200,16.5,1,0,622,352,1,351,6,3,1,0,0,0,11,0,0,0,0,0,0,0,0,81,123,0,0,0,0,0,119,1,0,0,0,0,0,6,
8,3652,קרית מוצקין,8200,17,9,0,637,345,3,342,16,0,1,2,0,0,6,0,0,0,0,0,0,0,0,52,134,0,0,0,2,0,118,0,0,0,0,0,0,11,
8,3653,קרית מוצקין,8200,18,21,0,569,405,1,404,14,5,0,0,0,0,29,0,0,0,0,0,0,0,0,22,164,0,0,1,0,0,143,0,0,0,0,0,0,26,
8,3654,קרית מוצקין,8200,19,9,0,745,436,10,426,10,0,0,0,1,0,3,0,0,0,1,0,0,0,0,191,143,1,0,0,0,0,66,0,1,0,0,0,2,7,
8,3655,קרית מוצקין,8200,20,3,0,652,354,5,349,11,4,0,0,0,0,13,0,0,0,0,0,0,0,0,41,167,1,0,0,0,0,79,0,1,0,0,0,1,31,
8,3656,קרית מוצקין,8200,21,14,0,652,357,1,356,8,3,0,1,0,0,8,0,0,0,0,0,0,2,0,84,150,0,0,1,0,0,74,0,0,0,1,1,1,22,
8,3657,קרית מוצקין,8200,23,6,0,744,529,7,522,19,8,0,0,0,0,17,0,0,0,0,0,1,1,0,124,179,0,0,0,0,0,163,0,0,0,0,0,0,10,
8,3658,קרית מוצקין,8200,24,24,0,547,341,2,339,19,1,1,0,0,0,7,0,0,0,0,0,0,0,0,39,132,0,0,0,2,0,126,0,0,0,0,0,0,12,
8,3659,קרית מוצקין,8200,25.1,5,0,643,428,3,425,11,4,0,0,0,0,13,0,0,0,0,0,0,1,1,66,190,0,1,0,2,0,114,0,0,0,0,0,2,20,
8,3660,קרית מוצקין,8200,25.2,5,0,643,418,9,409,6,0,2,0,0,0,9,0,0,0,0,0,0,0,1,91,156,0,0,0,1,0,140,0,0,0,0,0,0,3,
8,3661,קרית מוצקין,8200,25.3,5,0,643,395,0,395,16,4,0,0,0,0,9,0,0,0,0,0,0,0,0,90,155,0,0,0,2,0,108,1,0,0,0,0,0,10,
8,3662,קרית מוצקין,8200,25.4,5,0,643,408,2,406,15,0,0,0,0,0,13,0,0,0,0,1,0,0,0,70,185,0,0,0,0,0,114,0,0,0,0,0,0,8,
8,3664,קרית מוצקין,8200,27,6,0,588,362,2,360,11,1,0,0,0,0,8,0,0,0,0,0,0,0,0,35,187,0,0,0,3,0,109,0,1,0,0,0,1,4,
8,3665,קרית מוצקין,8200,29,6,0,547,355,4,351,19,2,0,0,0,0,9,1,0,0,0,0,0,0,0,39,151,0,0,0,0,0,120,1,0,0,0,0,0,9,
8,3666,קרית מוצקין,8200,31,2,0,714,482,2,480,22,1,0,0,0,0,15,0,0,0,0,0,0,0,0,23,201,1,0,0,0,0,206,0,0,0,0,0,1,10,
8,3667,קרית מוצקין,8200,33,13,0,736,482,2,480,16,7,1,0,0,0,23,0,0,0,0,0,0,0,0,27,204,0,0,0,0,0,188,0,0,0,0,0,0,14,
8,3668,קרית מוצקין,8200,34,14,0,445,295,2,293,13,3,0,1,0,0,13,0,0,0,0,0,0,0,0,38,128,0,0,0,0,0,85,0,0,0,0,0,0,12,
8,3669,קרית מוצקין,8200,35,3,0,536,334,2,332,17,2,0,0,0,0,8,0,0,0,0,0,0,0,0,20,176,0,0,0,1,0,84,0,0,0,0,0,1,23,
8,3670,קרית מוצקין,8200,36,14,0,416,255,1,254,14,1,0,0,0,0,8,0,0,0,0,0,0,0,0,33,123,0,0,0,2,0,64,0,0,0,0,1,1,7,
8,3671,קרית מוצקין,8200,40,17,0,602,452,2,450,25,0,0,0,0,0,13,0,0,0,0,0,0,0,0,30,167,0,0,0,1,0,204,0,0,0,0,0,0,10,
8,3672,קרית מוצקין,8200,41.1,22,0,650,521,4,517,21,0,2,2,0,0,15,0,0,0,0,0,0,0,0,26,201,0,0,0,2,0,230,0,0,0,0,0,0,18,
8,3673,קרית מוצקין,8200,41.2,22,0,649,510,3,507,23,3,1,2,0,0,17,0,0,0,0,0,0,0,0,32,202,0,0,0,1,0,219,0,0,0,0,0,0,7,
8,3674,קרית מוצקין,8200,43,8,0,578,368,0,368,22,3,0,0,0,0,9,0,0,0,0,0,0,0,0,34,150,0,0,0,1,0,133,0,2,0,0,0,1,13,
8,3675,קרית מוצקין,8200,44,4,0,660,389,0,389,24,5,2,0,0,0,14,0,0,0,0,0,0,0,0,34,141,0,0,0,3,0,154,1,0,0,0,0,0,11,
8,3676,קרית מוצקין,8200,51,23,0,674,528,6,522,53,1,2,0,0,0,13,0,0,0,0,0,0,0,0,12,109,0,0,0,1,0,323,0,0,0,0,0,0,8,
8,3677,קרית מוצקין,8200,52,15,0,496,322,2,320,18,0,1,0,0,0,16,0,0,0,0,0,0,0,0,37,113,1,0,0,1,0,127,0,0,0,1,0,0,5,
8,3678,קרית מוצקין,8200,53,15,0,623,393,4,389,29,0,0,1,0,0,14,0,1,0,0,0,0,0,0,40,134,0,0,0,0,0,152,0,0,0,0,0,0,18,
8,3679,קרית מוצקין,8200,55,6,0,694,483,5,478,19,4,0,0,0,0,13,0,0,0,1,0,0,0,0,58,190,0,0,0,1,0,171,0,0,0,0,0,1,20,
8,3680,קרית מוצקין,8200,59,17,0,691,555,0,555,19,3,0,0,0,0,18,0,0,0,0,0,0,0,1,22,221,0,0,0,0,0,257,0,0,0,0,0,0,14,
8,3681,קרית מוצקין,8200,60,17,0,676,535,0,535,31,2,0,0,0,0,11,0,0,0,0,0,0,0,0,25,206,0,0,0,1,0,251,0,0,0,0,0,0,8,
8,3682,קרית מוצקין,8200,61,17,0,515,378,0,378,13,1,1,1,0,0,10,0,0,0,0,0,0,0,0,11,137,0,0,0,0,0,188,0,0,0,0,0,0,16,
8,3683,קרית מוצקין,8200,62,12,0,641,425,4,421,17,5,1,0,0,0,11,0,0,0,0,0,0,0,0,33,145,0,0,0,0,0,187,0,0,0,0,0,0,22,
8,3684,קרית מוצקין,8200,63,17,0,558,447,1,446,21,1,0,0,0,0,14,0,0,0,0,1,0,0,0,29,166,2,0,0,1,0,196,0,0,0,0,0,0,15,
8,3685,קרית מוצקין,8200,64,6,0,618,447,0,447,19,3,2,1,0,0,18,0,0,0,0,0,0,0,0,23,163,0,0,0,1,0,205,0,0,0,0,0,0,12,
8,3686,קרית מוצקין,8200,66,17,0,590,453,0,453,27,1,0,0,0,0,14,0,0,0,0,0,0,0,1,21,180,0,0,0,1,0,189,0,0,0,0,0,0,19,
8,3687,קרית מוצקין,8200,67,20,0,683,394,8,386,10,3,0,0,0,0,10,0,0,0,1,0,0,0,0,58,175,0,0,1,1,0,110,0,0,0,0,0,0,17,
8,3688,קרית מוצקין,8200,68,12,0,527,265,3,262,9,0,0,0,0,0,2,1,0,0,0,0,0,0,0,64,110,1,0,0,0,0,62,0,0,0,0,0,0,13,
8,3689,קרית מוצקין,8200,69,7,0,527,275,1,274,11,2,0,0,0,0,3,0,0,0,0,0,0,0,0,45,138,0,0,0,1,1,59,0,0,2,0,1,0,11,
8,3690,קרית מוצקין,8200,70.1,11,0,691,500,2,498,6,1,1,2,0,0,8,0,0,0,0,0,0,0,0,40,239,0,0,1,1,0,178,0,0,0,0,0,0,21,
8,3691,קרית מוצקין,8200,70.2,11,0,691,483,1,482,22,1,1,1,0,0,16,0,0,0,0,0,0,0,0,32,177,1,0,0,1,0,220,0,0,0,0,0,0,10,
8,3692,קרית מוצקין,8200,71,17,0,576,439,0,439,26,0,1,1,0,0,10,0,0,0,0,0,0,0,0,38,122,0,0,0,0,0,226,0,0,1,0,0,0,14,
8,3693,קרית מוצקין,8200,72,17,0,592,483,5,478,22,1,0,1,0,0,10,0,0,0,0,0,0,0,0,23,178,0,0,0,0,0,231,0,0,0,0,0,0,12,
8,3694,קרית מוצקין,8200,990,25,0,338,234,0,234,5,1,0,0,0,0,10,0,0,0,0,0,0,0,1,20,87,0,0,0,0,0,104,0,0,0,0,0,0,6,
13,6485,קרית עקרון,469,1,2,0,731,541,7,534,12,8,0,2,0,0,20,0,0,0,0,0,0,0,0,11,314,0,1,0,1,0,63,0,0,0,0,0,0,102,
13,6486,קרית עקרון,469,2,2,0,741,562,2,560,16,4,0,1,0,0,25,0,0,0,0,0,0,0,0,4,341,0,0,1,5,0,81,0,0,0,0,0,1,81,
13,6487,קרית עקרון,469,3,2,0,561,424,1,423,15,4,1,0,0,0,10,0,0,0,0,0,0,0,0,6,259,1,0,0,1,0,68,0,0,0,0,0,0,58,
13,6488,קרית עקרון,469,4,4,0,637,418,8,410,11,5,3,0,0,0,10,0,1,1,0,0,0,0,0,9,261,1,0,1,5,0,39,0,0,0,0,0,0,63,
13,6489,קרית עקרון,469,5,1,0,704,516,3,513,13,3,2,0,0,0,29,0,0,0,0,0,0,0,0,12,317,0,0,0,2,0,80,0,0,1,0,0,0,54,
13,6490,קרית עקרון,469,6,2,0,688,480,3,477,17,6,0,0,0,0,15,0,0,0,0,0,0,0,0,9,278,0,0,0,7,1,66,0,0,1,0,1,0,76,
13,6491,קרית עקרון,469,7,5,0,752,537,1,536,9,2,7,2,0,0,11,0,0,0,0,0,0,0,1,18,343,0,0,0,2,0,58,0,0,0,0,1,2,80,
13,6492,קרית עקרון,469,8,3,0,559,401,2,399,8,5,0,0,0,0,17,0,0,0,0,0,0,0,0,19,247,0,0,0,1,1,47,0,0,0,0,0,0,54,
13,6493,קרית עקרון,469,9,3,0,540,384,2,382,7,0,1,1,0,0,20,0,0,0,0,0,1,0,0,37,195,1,0,0,1,0,93,0,0,0,0,0,0,25,
13,6494,קרית עקרון,469,10,5,0,689,456,3,453,20,2,0,0,1,0,12,0,0,0,0,0,0,0,0,6,273,0,0,0,1,0,74,0,0,0,0,1,1,62,
13,6495,קרית עקרון,469,11,3,0,527,419,1,418,6,3,0,1,0,0,13,0,0,0,1,0,0,0,0,21,251,2,0,0,3,0,91,0,0,0,0,0,0,26,
13,6496,קרית עקרון,469,12,3,0,515,368,4,364,8,1,0,0,0,0,13,0,0,0,0,0,0,0,0,24,208,0,0,0,2,0,80,0,0,2,0,0,0,26,
13,6497,קרית עקרון,469,13,3,0,549,398,3,395,20,3,2,0,0,0,12,0,0,0,0,0,0,0,0,24,218,0,0,0,5,0,69,0,0,0,0,1,0,41,
11,4833,ראש העין,2640,1,51,0,705,555,2,553,17,29,0,0,0,0,23,0,0,0,0,0,0,0,1,8,267,0,0,0,6,0,52,0,0,0,0,0,0,150,
11,4834,ראש העין,2640,2,57,0,514,406,2,404,8,14,0,0,0,0,32,0,0,0,0,0,0,0,0,1,228,0,0,0,5,0,26,0,0,0,0,0,0,90,
11,4835,ראש העין,2640,3,12,0,532,404,0,404,9,31,3,0,0,0,22,0,0,0,0,1,0,0,0,3,227,0,0,0,6,0,28,0,0,0,0,0,0,74,
11,4836,ראש העין,2640,4,55,0,559,423,1,422,6,26,0,0,0,0,13,0,0,0,0,0,0,0,0,0,249,0,0,0,8,0,25,0,0,0,0,0,0,95,
11,4837,ראש העין,2640,5,8,0,556,407,2,405,6,22,0,0,0,0,25,0,0,0,0,0,0,0,0,2,252,0,0,0,4,0,26,0,0,0,0,0,0,68,
11,4838,ראש העין,2640,6,33,0,535,406,2,404,4,15,0,0,0,0,26,0,0,0,0,0,0,0,0,3,252,0,0,2,1,0,36,0,0,0,0,0,0,65,
11,4839,ראש העין,2640,7,3,0,735,591,4,587,11,35,1,0,0,0,22,0,0,0,0,0,0,0,0,7,304,1,0,0,5,0,56,0,0,0,0,0,0,145,
11,4840,ראש העין,2640,8,55,0,689,518,1,517,12,24,0,0,0,0,18,0,0,0,0,0,0,0,0,3,283,0,0,0,1,0,51,0,0,1,0,0,0,124,
11,4841,ראש העין,2640,9,69,0,635,496,1,495,3,18,0,0,0,0,22,0,0,0,0,0,0,0,0,5,297,0,0,0,7,0,48,0,0,0,0,0,0,95,
11,4842,ראש העין,2640,10,3,0,562,421,1,420,3,34,0,0,0,0,13,0,0,0,0,0,0,0,0,1,217,0,0,0,7,0,32,0,0,0,0,0,0,113,
11,4843,ראש העין,2640,11,4,0,533,404,2,402,10,24,0,0,0,0,19,0,0,0,0,0,0,0,0,5,195,0,0,0,2,0,87,0,0,0,0,0,0,60,
11,4844,ראש העין,2640,12,12,0,770,600,0,600,13,22,1,1,0,0,32,1,0,0,0,0,0,0,0,0,401,0,0,1,2,0,41,0,0,0,0,1,0,84,
11,4845,ראש העין,2640,13,56,0,736,556,3,553,5,21,2,0,0,0,30,0,0,0,0,0,0,0,0,6,312,1,0,0,10,0,64,0,0,0,0,0,0,102,
11,4846,ראש העין,2640,14,11,0,647,472,0,472,17,25,1,1,0,0,20,0,0,0,0,0,0,0,0,3,238,0,0,0,5,0,103,1,0,0,0,0,0,58,
11,4847,ראש העין,2640,15,63,0,598,413,6,407,6,4,0,0,0,0,8,0,0,0,0,0,0,0,0,11,268,0,1,0,2,0,39,0,0,0,0,0,1,67,
11,4848,ראש העין,2640,16,57,0,642,465,2,463,8,24,0,0,0,0,26,0,0,0,0,0,0,0,0,4,274,0,0,0,6,0,29,0,0,0,0,0,1,91,
11,4849,ראש העין,2640,18,3,0,654,527,3,524,1,51,0,0,0,0,43,0,0,0,0,0,0,0,0,2,205,1,0,0,6,0,24,0,0,0,0,0,0,191,
11,4850,ראש העין,2640,19,53,0,662,542,1,541,46,3,2,0,0,0,18,0,0,0,0,0,0,0,0,14,111,0,0,0,1,0,330,0,0,0,0,0,0,16,
11,4851,ראש העין,2640,20,65,0,526,403,1,402,22,5,1,0,0,0,24,0,0,0,0,0,0,0,0,9,116,0,0,0,0,0,213,0,0,0,0,0,0,12,
11,4852,ראש העין,2640,21,2,0,630,480,0,480,33,0,2,0,0,0,19,0,0,0,0,0,0,0,0,19,120,0,0,0,2,0,276,0,0,0,0,0,0,9,
11,4853,ראש העין,2640,22,66,0,580,448,0,448,48,1,1,0,0,0,27,0,0,0,0,0,0,0,0,17,72,0,0,0,0,0,266,0,0,0,0,0,0,16,
11,4854,ראש העין,2640,23,68,0,558,436,2,434,29,6,2,1,0,0,34,0,0,0,0,0,0,0,0,8,152,0,0,0,5,0,191,0,0,0,0,0,0,6,
11,4855,ראש העין,2640,24,60,0,507,373,0,373,38,0,1,0,0,0,16,0,0,0,0,0,0,0,0,7,86,0,0,0,0,0,222,0,0,0,0,0,0,3,
11,4856,ראש העין,2640,25,70,0,734,540,2,538,15,16,1,0,0,0,23,0,0,0,0,0,0,0,0,11,301,0,0,0,1,0,108,0,0,0,0,0,0,62,
11,4857,ראש העין,2640,26,49,0,455,360,0,360,25,0,1,0,0,0,7,0,0,0,0,0,0,0,0,23,94,0,0,0,0,0,198,0,0,0,0,0,0,12,
11,4858,ראש העין,2640,27,49,0,502,380,0,380,32,3,0,0,0,0,10,0,0,0,0,0,0,0,0,20,92,0,0,0,0,0,211,1,0,0,0,0,0,11,
11,4859,ראש העין,2640,28,47,0,603,402,1,401,24,0,0,2,1,0,6,0,0,0,0,0,0,0,0,84,110,0,0,0,0,0,169,0,0,0,0,0,0,5,
11,4860,ראש העין,2640,29,71,0,649,507,0,507,36,4,0,0,0,0,12,0,0,0,0,0,0,0,0,15,101,0,0,0,1,0,334,0,0,0,0,0,0,4,
11,4861,ראש העין,2640,30,47,0,546,416,1,415,36,1,0,0,0,0,11,0,0,0,0,0,0,0,0,9,74,0,0,0,4,0,273,0,0,0,0,0,0,7,
11,4862,ראש העין,2640,31,62,0,633,474,3,471,25,2,1,0,0,0,21,0,0,0,0,0,0,0,0,23,96,1,0,0,2,0,287,1,0,0,0,0,1,11,
11,4863,ראש העין,2640,32,71,0,460,360,0,360,26,3,2,0,0,0,13,0,0,0,0,0,0,0,0,3,70,1,0,0,0,0,237,0,0,0,0,0,0,5,
11,4864,ראש העין,2640,33,54,0,554,434,0,434,25,2,1,0,0,0,24,0,0,0,0,0,0,0,0,13,149,0,0,0,4,0,182,0,0,0,0,0,0,34,
11,4865,ראש העין,2640,34,47,0,659,502,2,500,30,2,0,0,0,0,10,0,0,0,0,0,0,0,0,12,102,0,1,0,3,0,325,0,0,0,0,0,0,15,
11,4866,ראש העין,2640,35,50,0,725,575,1,574,12,24,0,0,0,0,62,0,0,0,0,0,0,0,0,19,332,0,0,0,4,0,71,0,0,0,0,0,0,50,
11,4867,ראש העין,2640,36,70,0,736,570,8,562,12,20,0,0,0,0,43,0,0,0,0,0,0,0,0,13,275,0,0,0,2,0,75,0,0,0,0,0,0,122,
11,4868,ראש העין,2640,37,33,0,555,424,1,423,9,13,0,0,0,0,13,0,0,0,0,0,0,0,0,5,256,0,0,0,5,0,30,0,0,0,0,0,1,91,
11,4869,ראש העין,2640,38,56,0,622,474,5,469,20,8,1,0,0,0,14,0,0,0,0,0,0,0,0,30,239,0,0,0,2,0,114,0,0,0,0,0,0,41,
11,4870,ראש העין,2640,39,33,0,544,428,0,428,8,19,0,0,0,0,31,0,1,1,0,0,0,0,0,9,252,0,1,0,8,0,40,0,0,0,0,0,0,58,
11,4871,ראש העין,2640,40,8,0,669,498,3,495,5,24,0,0,0,0,24,0,0,0,0,0,0,0,0,3,306,0,0,0,7,0,31,0,0,0,0,1,0,94,
11,4872,ראש העין,2640,41,63,0,606,489,2,487,7,14,1,0,0,0,29,0,0,0,0,0,0,0,0,5,303,0,0,0,2,0,37,0,0,0,0,0,0,89,
11,4873,ראש העין,2640,42,64,0,508,387,1,386,40,3,0,0,0,0,10,0,0,0,0,0,0,0,0,5,88,0,0,0,2,0,230,0,0,0,0,0,0,8,
11,4874,ראש העין,2640,43,61,0,536,417,0,417,43,1,1,0,0,0,14,0,0,0,0,0,0,0,0,7,90,0,0,0,0,0,253,0,0,0,0,0,0,8,
11,4875,ראש העין,2640,44,26,0,584,356,2,354,14,0,0,0,0,0,9,0,0,0,0,0,0,0,0,82,107,1,0,0,0,0,133,0,0,0,0,0,0,8,
11,4876,ראש העין,2640,45,71,0,543,400,2,398,26,3,2,0,0,0,20,0,0,0,0,0,0,0,0,13,105,0,0,0,0,0,225,0,0,0,0,0,0,4,
11,4877,ראש העין,2640,46,4,0,589,466,5,461,6,27,0,0,0,0,30,0,0,0,0,0,0,0,0,4,246,0,0,1,4,0,40,0,1,0,0,0,0,102,
11,4878,ראש העין,2640,47,62,0,485,335,0,335,20,1,0,1,0,0,13,0,0,0,0,0,0,0,0,21,75,0,0,0,0,0,201,0,0,0,0,0,0,3,
11,4879,ראש העין,2640,49,69,0,587,456,1,455,8,21,0,0,0,0,19,0,0,0,0,0,0,0,0,1,290,1,1,0,4,0,40,0,0,0,0,0,0,70,
11,4880,ראש העין,2640,50,71,0,515,407,0,407,24,0,0,0,0,0,16,0,0,0,0,0,0,0,0,7,98,0,0,0,1,0,259,0,0,0,0,0,0,2,
11,4881,ראש העין,2640,51,12,0,686,514,0,514,6,12,0,0,0,0,42,0,1,0,0,0,0,0,0,3,312,0,0,0,7,0,63,0,0,0,0,0,0,68,
11,4882,ראש העין,2640,52,56,0,627,478,0,478,12,6,1,0,0,0,23,0,0,0,0,0,0,0,0,11,254,0,0,0,1,0,131,0,0,0,0,0,0,39,
11,4883,ראש העין,2640,53,68,0,478,343,0,343,18,2,2,0,0,0,15,0,0,0,0,0,0,0,0,15,118,0,0,0,1,0,165,0,0,0,0,0,0,7,
11,4884,ראש העין,2640,54,70,0,585,412,0,412,20,7,1,0,0,0,34,0,0,0,0,0,0,0,0,5,151,0,0,0,2,0,168,0,0,0,0,0,0,24,
11,4885,ראש העין,2640,55,74,0,772,638,1,637,27,5,2,0,0,0,48,0,0,0,1,0,0,0,0,30,192,1,0,0,2,0,308,0,0,0,0,1,0,20,
11,4886,ראש העין,2640,56,73,0,602,508,0,508,12,1,0,0,0,0,17,0,0,0,0,0,0,0,0,12,143,1,0,0,1,0,316,0,0,0,0,0,0,5,
11,4887,ראש העין,2640,57,72,0,486,393,1,392,14,3,0,0,0,0,27,0,0,0,0,0,0,0,0,20,121,1,0,0,2,0,195,0,0,0,0,0,0,9,
11,4888,ראש העין,2640,58,72,0,627,521,0,521,21,2,0,0,0,0,27,0,0,0,0,0,0,0,0,28,159,0,0,0,2,0,272,0,0,0,0,0,0,10,
11,4889,ראש העין,2640,59,74,0,616,509,0,509,18,1,1,0,0,0,32,0,0,0,0,0,0,0,0,24,127,0,0,0,1,0,301,0,0,0,0,0,0,4,
11,4890,ראש העין,2640,60,72,0,631,500,1,499,26,4,0,0,0,0,26,0,0,0,0,0,0,0,0,35,139,0,0,0,2,0,259,0,0,0,0,0,0,8,
11,4891,ראש העין,2640,61,72,0,582,456,2,454,21,0,1,0,0,0,24,0,0,0,0,0,0,0,0,15,130,0,0,0,3,0,250,0,0,0,0,0,0,10,
11,4892,ראש העין,2640,62,26,0,754,619,1,618,19,0,1,0,0,0,22,0,0,0,0,0,0,0,0,53,194,0,0,0,0,0,309,0,0,0,0,0,0,20,
11,4893,ראש העין,2640,63,3,0,657,506,1,505,7,25,0,1,0,0,10,0,0,0,0,0,0,0,0,6,266,0,0,0,10,0,60,0,0,0,0,0,0,120,
11,4894,ראש העין,2640,64,72,0,523,401,0,401,14,0,0,0,0,0,24,0,0,0,0,0,0,0,0,28,120,0,0,0,1,0,206,0,0,0,0,0,0,8,
11,4895,ראש העין,2640,65,74,0,742,599,0,599,22,4,0,1,0,0,30,0,0,0,0,0,0,0,0,28,188,0,0,0,4,0,299,1,0,0,0,0,0,22,
11,4896,ראש העין,2640,66,74,0,629,539,0,539,28,2,2,0,0,0,26,0,0,0,0,0,0,0,0,23,174,0,0,0,2,0,255,0,0,0,0,0,0,27,
11,4897,ראש העין,2640,67,72,0,557,470,1,469,15,4,0,0,0,0,27,0,0,0,0,0,0,0,0,29,142,0,0,0,2,0,241,0,0,0,0,0,0,9,
11,4898,ראש העין,2640,68,70,0,690,559,3,556,33,4,1,0,0,0,49,0,0,0,0,0,0,0,0,25,187,2,0,0,3,0,230,0,0,0,0,0,0,22,
11,4899,ראש העין,2640,69,73,0,525,424,2,422,26,2,1,2,0,0,23,0,0,0,0,0,0,0,0,25,137,0,0,0,0,0,195,0,0,0,0,0,0,11,
11,4900,ראש העין,2640,70,74,0,581,462,1,461,23,3,1,0,0,0,31,0,0,0,0,0,0,0,0,12,175,1,0,0,1,0,206,0,0,0,0,0,0,8,
11,4901,ראש העין,2640,71,72,0,594,504,0,504,16,0,1,0,0,0,17,0,0,0,0,0,0,0,1,29,149,1,0,0,0,0,278,0,0,0,0,0,0,12,
11,4902,ראש העין,2640,72,72,0,609,490,3,487,19,0,0,0,0,0,22,0,0,0,0,0,0,0,0,27,145,0,0,0,0,0,269,0,0,0,0,0,0,5,
11,4903,ראש העין,2640,950.1,75,0,432,350,0,350,12,4,0,2,0,0,4,0,0,0,0,0,0,0,0,14,130,0,0,0,4,0,167,0,0,0,0,0,0,13,
11,4904,ראש העין,2640,950.2,75,0,403,312,1,311,13,4,0,1,0,0,11,0,0,0,0,0,0,1,1,9,106,0,0,0,2,0,147,0,0,0,0,1,0,15,
3,1224,ראש פינה,26,1,1,0,636,457,3,454,90,3,10,1,0,0,19,0,0,0,0,0,0,0,0,9,92,2,0,0,4,0,219,1,0,1,0,0,0,3,
3,1225,ראש פינה,26,2,1,0,656,423,1,422,67,9,8,1,0,0,21,0,0,0,0,0,0,0,1,12,139,0,0,0,0,0,160,0,0,0,0,0,0,4,
3,1226,ראש פינה,26,3,1,0,489,341,2,339,31,2,6,0,0,0,16,0,0,0,0,0,0,0,0,11,92,2,0,0,5,0,163,1,0,0,0,0,1,9,
3,1227,ראש פינה,26,4,1,0,624,449,0,449,70,8,4,2,0,0,27,0,0,0,0,0,0,0,0,17,133,2,0,0,1,0,168,0,0,0,0,0,0,17,
15,7656,רמת גן,8600,3.1,21,0,621,434,2,432,54,2,3,1,0,0,15,0,0,0,0,0,0,0,0,21,93,0,0,0,0,0,239,0,0,0,0,0,0,4,
15,7657,רמת גן,8600,3.2,21,0,621,426,0,426,53,0,7,0,0,0,12,0,0,0,0,0,0,0,0,14,95,0,0,0,0,0,239,1,1,0,0,0,0,4,
15,7658,רמת גן,8600,3.3,21,0,621,458,0,458,36,3,0,0,0,0,15,0,0,0,0,0,0,0,0,12,136,0,0,0,1,0,248,2,0,0,0,0,0,5,
15,7659,רמת גן,8600,3.4,21,0,621,421,0,421,58,1,1,0,0,0,15,0,0,0,0,0,0,0,0,16,108,0,0,0,0,0,218,0,0,0,0,0,0,4,
15,7660,רמת גן,8600,3.5,21,0,621,454,1,453,53,3,4,0,0,0,9,0,0,0,0,0,0,0,0,11,94,0,0,0,0,0,270,0,1,0,0,0,1,7,
15,7661,רמת גן,8600,5.1,37,0,638,428,2,426,49,2,4,0,0,0,11,0,0,0,0,0,0,0,0,13,109,0,0,0,2,0,228,0,0,0,0,0,0,8,
15,7662,רמת גן,8600,5.2,37,0,638,453,1,452,62,2,1,0,0,0,10,0,0,0,0,0,0,0,0,19,81,1,0,0,0,0,264,0,1,0,0,0,0,11,
15,7663,רמת גן,8600,5.3,37,0,638,435,2,433,39,1,4,0,0,0,13,0,0,0,0,0,0,0,0,15,129,0,0,0,2,0,220,0,0,0,0,0,0,10,
15,7664,רמת גן,8600,5.4,37,0,638,441,0,441,43,4,3,0,0,0,4,0,0,0,0,0,0,0,0,8,95,0,0,0,2,0,275,0,0,0,0,0,0,7,
15,7665,רמת גן,8600,5.5,37,0,638,440,0,440,54,2,9,0,0,0,3,0,0,0,0,0,0,0,0,12,93,0,0,0,3,0,259,0,0,0,0,0,0,5,
15,7666,רמת גן,8600,5.6,37,0,636,464,3,461,73,0,2,1,0,0,6,0,0,0,0,0,0,0,0,15,106,0,0,0,1,0,253,0,0,0,0,0,0,4,
15,7667,רמת גן,8600,7,29,0,693,493,4,489,59,4,9,0,0,0,9,0,0,0,0,0,0,0,0,9,137,0,0,0,0,0,253,0,0,0,0,0,0,9,
15,7668,רמת גן,8600,8,29,0,690,506,2,504,70,0,4,0,0,0,10,0,0,0,0,0,0,0,0,9,97,0,0,0,0,0,308,0,0,0,0,0,0,6,
15,7669,רמת גן,8600,12,14,0,511,357,0,357,55,3,2,2,0,0,12,0,0,0,0,0,0,0,0,9,59,0,0,0,0,0,205,0,0,0,0,0,0,10,
15,7670,רמת גן,8600,13,15,0,689,506,0,506,38,8,2,1,0,0,34,0,0,0,0,0,0,0,0,26,161,2,1,0,3,0,208,0,0,0,0,0,0,22,
15,7671,רמת גן,8600,14,90,0,555,454,0,454,44,4,2,0,0,0,12,0,0,0,0,0,0,0,0,17,133,0,0,0,0,0,238,0,0,0,0,0,0,4,
15,7672,רמת גן,8600,16,52,0,590,351,1,350,28,3,0,0,0,0,13,0,0,0,0,0,0,0,0,21,101,1,0,0,0,0,171,0,0,0,0,0,0,12,
15,7673,רמת גן,8600,17,12,0,699,422,3,419,35,8,6,0,0,0,8,0,0,0,0,0,0,0,0,24,144,0,0,0,0,0,180,0,0,0,0,0,0,14,
15,7674,רמת גן,8600,18,12,0,716,444,1,443,31,6,0,2,0,0,18,0,0,0,0,0,0,0,0,42,136,0,0,0,1,0,193,0,0,0,0,0,0,14,
15,7675,רמת גן,8600,19,12,0,693,504,2,502,41,3,1,0,0,0,14,0,0,0,0,0,0,0,0,21,154,0,0,0,1,0,250,0,0,0,0,0,0,17,
15,7676,רמת גן,8600,20,12,0,624,372,1,371,22,3,2,1,0,0,14,1,0,0,0,0,0,0,0,22,132,0,0,0,6,0,145,0,0,0,0,0,0,23,
15,7677,רמת גן,8600,21,12,0,735,465,2,463,52,3,3,1,0,0,12,0,0,0,0,0,0,0,0,26,129,0,0,0,1,0,223,0,0,0,0,0,0,13,
15,7678,רמת גן,8600,22,12,0,656,399,2,397,44,2,0,0,0,0,9,0,0,0,0,0,0,0,0,19,88,0,0,0,2,0,210,0,0,0,0,0,0,23,
15,7679,רמת גן,8600,25.1,5,0,691,454,2,452,31,2,2,1,0,0,16,0,0,0,0,0,0,0,1,27,154,0,0,0,2,0,199,0,0,0,0,0,0,17,
15,7680,רמת גן,8600,25.2,5,0,691,460,0,460,44,10,2,0,0,0,12,0,0,0,0,0,0,0,0,31,156,0,0,0,1,0,191,0,0,0,0,0,0,13,
15,7681,רמת גן,8600,25.3,5,0,691,432,3,429,36,2,0,1,0,0,16,0,0,0,0,0,0,0,0,21,141,0,0,0,3,0,192,0,0,0,0,0,0,17,
15,7682,רמת גן,8600,25.4,5,0,691,434,2,432,47,4,3,0,0,0,16,0,0,0,0,0,0,0,0,20,149,0,1,0,0,0,169,0,0,0,0,0,0,23,
15,7683,רמת גן,8600,25.5,5,0,691,402,1,401,44,3,3,0,0,0,8,0,0,0,0,0,0,0,0,21,133,0,0,0,1,0,180,0,0,0,0,0,0,8,
15,7684,רמת גן,8600,25.6,5,0,691,435,0,435,49,1,2,0,0,0,10,0,0,0,0,0,0,0,0,16,138,1,0,1,1,0,206,0,0,0,0,0,0,10,
15,7685,רמת גן,8600,29,18,0,656,308,2,306,28,3,7,2,0,0,8,0,0,0,0,0,0,0,0,34,88,0,0,0,0,0,124,0,0,0,0,0,1,11,
15,7686,רמת גן,8600,30,12,0,730,462,0,462,27,6,4,1,0,0,16,0,0,0,0,0,0,0,0,19,156,0,0,0,3,0,194,0,0,0,0,1,0,35,
15,7687,רמת גן,8600,31,111,0,697,457,4,453,49,3,3,0,0,0,20,0,0,0,0,0,0,0,0,20,122,0,0,0,2,0,229,0,0,0,0,0,0,5,
15,7688,רמת גן,8600,34,7,1,618,438,0,438,45,5,1,1,0,0,17,0,0,0,0,0,0,0,0,17,125,0,0,0,1,0,214,0,0,0,0,0,0,12,
15,7689,רמת גן,8600,35,7,0,555,299,5,294,30,7,2,1,0,0,8,0,0,0,0,0,0,0,0,17,85,0,0,0,0,0,130,0,0,0,0,0,0,14,
15,7690,רמת גן,8600,36,7,0,571,365,2,363,55,1,2,0,0,0,11,0,0,0,0,0,0,0,0,17,106,0,0,0,0,0,164,0,0,0,0,0,0,7,
15,7691,רמת גן,8600,37,7,0,668,429,0,429,53,1,3,1,0,0,7,0,0,0,0,0,0,0,0,26,107,0,0,0,1,0,222,1,0,0,0,0,0,7,
15,7692,רמת גן,8600,38,7,0,689,426,2,424,52,2,1,0,0,0,23,0,0,0,0,0,0,0,0,21,85,0,0,0,1,0,228,0,0,0,0,0,0,11,
15,7693,רמת גן,8600,39,8,0,552,320,1,319,35,1,2,1,0,0,13,0,0,0,0,0,0,0,0,11,81,0,0,0,0,0,170,1,0,0,0,0,0,4,
15,7694,רמת גן,8600,40,7,1,641,445,0,445,51,1,4,0,0,0,24,0,0,0,0,0,0,0,0,11,115,2,0,0,2,0,228,0,0,0,0,0,0,7,
15,7695,רמת גן,8600,41,8,0,685,392,4,388,47,4,3,1,0,0,6,0,0,0,0,1,0,0,1,11,121,0,0,0,0,0,188,0,0,0,0,0,0,5,
15,7696,רמת גן,8600,42,8,0,654,394,1,393,56,1,8,1,0,0,10,0,0,0,0,0,0,0,0,14,96,0,0,0,0,0,201,0,0,0,0,0,1,5,
15,7697,רמת גן,8600,43,30,0,770,531,1,530,69,2,2,0,0,0,18,0,0,0,0,0,0,0,0,7,106,1,0,0,0,0,318,0,0,0,0,0,0,7,
15,7698,רמת גן,8600,44,115,1,541,301,2,299,32,3,4,0,0,0,8,0,0,1,0,0,0,0,0,33,93,0,0,0,1,0,117,1,0,0,0,0,0,6,
15,7700,רמת גן,8600,46,41,0,489,334,1,333,26,14,0,0,0,0,16,0,0,0,0,0,0,0,0,19,118,0,0,0,0,0,125,0,0,0,0,0,0,15,
15,7701,רמת גן,8600,47,1,0,753,405,1,404,40,4,9,1,0,0,22,1,0,0,0,0,0,0,0,27,98,0,0,0,2,0,192,0,0,0,0,0,0,8,
15,7702,רמת גן,8600,49,68,0,617,430,0,430,51,6,12,1,0,0,13,0,0,0,0,0,0,0,0,11,99,0,0,0,0,0,230,0,0,1,0,0,0,6,
15,7703,רמת גן,8600,50,22,0,508,361,2,359,20,9,3,0,0,0,11,0,0,0,0,0,0,0,1,13,190,0,0,0,2,0,64,0,0,0,0,0,1,45,
15,7704,רמת גן,8600,51,14,0,680,485,0,485,62,2,4,2,0,0,18,0,0,0,0,0,0,0,0,12,109,1,0,0,0,0,273,0,0,0,0,0,0,2,
15,7705,רמת גן,8600,52,14,0,496,320,0,320,56,9,0,1,0,0,15,0,0,0,0,0,0,0,0,10,54,0,0,0,0,0,170,0,0,0,0,0,0,5,
15,7706,רמת גן,8600,53,9,0,598,379,2,377,53,3,5,1,0,0,13,0,0,0,0,0,0,0,0,19,84,1,0,0,1,0,190,0,0,0,0,0,0,7,
15,7707,רמת גן,8600,54,111,0,620,390,2,388,53,4,4,1,0,0,16,0,0,0,0,0,0,0,0,12,84,0,0,0,1,0,206,0,0,0,0,0,0,7,
15,7708,רמת גן,8600,55,8,0,767,535,1,534,48,1,2,0,0,0,11,0,0,0,0,0,0,0,0,22,140,0,0,1,3,0,294,0,0,0,0,0,0,12,
15,7709,רמת גן,8600,56,14,0,695,511,0,511,46,4,3,0,0,0,12,0,0,0,0,0,0,0,0,20,119,0,0,0,2,0,303,0,0,0,0,0,0,2,
15,7710,רמת גן,8600,57,9,0,674,444,2,442,77,0,4,0,0,0,14,0,0,0,0,0,0,0,0,16,99,0,0,0,5,0,220,1,0,0,0,0,0,6,
15,7711,רמת גן,8600,58,8,0,641,390,3,387,43,3,2,1,0,0,21,0,0,0,0,0,0,0,0,19,105,0,0,0,1,0,188,0,0,0,0,0,0,4,
15,7712,רמת גן,8600,59,68,0,601,389,0,389,50,5,4,1,0,0,6,0,0,0,0,0,0,0,0,17,97,0,0,0,1,0,201,0,0,0,0,0,0,7,
15,7713,רמת גן,8600,61,6,0,701,521,2,519,15,12,1,1,0,0,161,0,0,0,0,0,0,1,0,6,148,0,0,0,2,0,152,0,0,0,0,0,1,19,
15,7714,רמת גן,8600,63,8,0,617,379,1,378,48,11,6,2,0,0,12,0,0,0,0,0,0,1,0,15,122,1,0,0,0,0,155,0,0,0,0,0,0,5,
15,7715,רמת גן,8600,67,9,0,752,447,4,443,60,7,9,1,0,0,13,0,0,0,0,1,0,0,0,17,105,0,0,0,1,0,221,1,1,0,0,0,0,6,
15,7716,רמת גן,8600,68,9,0,607,408,0,408,52,3,6,1,0,0,11,0,0,0,0,0,0,0,0,16,74,0,0,0,0,0,240,0,0,0,0,0,0,5,
15,7717,רמת גן,8600,69,68,1,770,514,2,512,70,3,6,1,0,0,9,0,0,0,0,0,0,0,0,15,146,0,0,0,1,0,250,0,0,0,0,0,0,11,
15,7718,רמת גן,8600,70,13,0,480,261,0,261,25,4,3,2,0,0,9,0,0,0,0,0,0,0,0,22,76,1,0,0,1,0,111,1,0,0,0,0,0,6,
15,7719,רמת גן,8600,71,81,0,599,374,1,373,51,1,5,2,0,0,12,0,0,0,0,0,0,0,1,39,88,0,0,0,0,0,170,0,0,0,0,0,0,4,
15,7720,רמת גן,8600,72,38,0,773,451,2,449,73,2,6,2,0,0,14,0,0,0,0,0,0,0,0,22,109,1,0,0,3,0,207,1,0,0,0,0,0,9,
15,7721,רמת גן,8600,73,1,0,707,379,2,377,48,3,1,0,0,0,6,1,0,0,0,0,0,0,0,27,94,1,0,0,0,0,188,0,0,0,0,0,0,8,
15,7722,רמת גן,8600,74,13,0,560,315,1,314,40,3,10,0,1,0,9,0,0,0,0,0,0,0,0,23,78,0,0,0,0,0,137,0,0,0,0,0,0,13,
15,7723,רמת גן,8600,81,13,0,486,246,4,242,14,3,1,0,0,0,8,0,0,0,0,0,0,0,0,15,88,1,0,0,0,0,99,0,0,0,0,0,0,13,
15,7724,רמת גן,8600,82,1,0,683,357,0,357,36,1,5,0,0,0,8,0,0,0,0,1,0,0,0,27,97,1,0,0,0,0,173,0,0,0,1,0,0,7,
15,7725,רמת גן,8600,83,81,0,679,417,0,417,50,3,4,1,0,0,15,0,0,0,0,0,0,0,0,17,108,2,0,0,1,0,213,0,0,0,0,0,0,3,
15,7726,רמת גן,8600,84,117,0,618,357,4,353,41,1,3,1,0,0,12,0,0,0,0,0,0,0,0,25,107,3,0,0,0,0,148,0,0,1,0,0,0,11,
15,7727,רמת גן,8600,85,13,0,449,280,0,280,29,1,5,1,0,0,10,0,0,0,0,0,0,0,0,39,86,0,0,0,1,0,105,0,0,0,0,0,0,3,
15,7728,רמת גן,8600,86,13,0,622,325,0,325,35,4,5,0,0,0,22,0,0,0,0,0,0,0,0,63,57,0,0,0,0,0,131,0,0,0,0,0,0,8,
15,7729,רמת גן,8600,87,49,0,597,338,0,338,43,8,1,2,0,0,11,0,0,0,0,0,0,0,0,25,93,0,0,0,0,0,152,0,0,0,0,0,0,3,
15,7730,רמת גן,8600,88,1,0,773,516,0,516,60,7,5,0,0,0,12,0,0,0,0,0,0,0,0,19,136,1,0,0,1,0,269,0,0,0,0,0,0,6,
15,7731,רמת גן,8600,89,1,0,731,398,1,397,58,2,3,1,0,0,14,0,0,0,0,0,0,0,0,32,85,0,0,0,1,0,196,0,0,0,0,1,0,4,
15,7732,רמת גן,8600,99,80,0,552,347,4,343,40,1,3,1,0,0,14,0,0,0,0,0,0,0,0,24,101,1,0,0,1,0,145,1,0,0,0,1,0,10,
15,7733,רמת גן,8600,100,42,0,572,260,1,259,32,2,2,0,0,0,8,0,0,0,0,0,0,0,0,26,76,0,0,0,0,0,102,1,1,0,0,0,0,9,
15,7734,רמת גן,8600,101,13,0,650,338,4,334,39,7,6,0,0,0,6,0,0,0,0,0,0,0,0,25,70,0,0,0,1,0,177,0,0,0,0,0,0,3,
15,7735,רמת גן,8600,102,18,0,698,406,2,404,53,3,1,1,0,0,12,0,0,0,1,0,1,0,0,36,95,0,0,0,1,0,195,0,0,0,0,0,0,5,
15,7736,רמת גן,8600,104,13,0,537,314,1,313,34,2,1,1,0,0,17,0,0,0,0,0,0,0,0,27,84,0,0,0,0,0,140,0,0,0,0,0,0,7,
15,7737,רמת גן,8600,105,18,0,654,383,3,380,41,0,2,1,0,0,16,0,0,0,0,0,0,0,0,25,82,1,0,0,0,0,200,0,0,0,0,0,0,12,
15,7738,רמת גן,8600,106,52,0,569,343,0,343,55,1,7,1,0,0,16,0,0,0,0,0,0,0,0,11,68,0,0,0,1,0,174,0,0,0,0,1,0,8,
15,7739,רמת גן,8600,107,42,0,597,377,6,371,38,1,7,1,0,0,11,0,0,0,0,0,0,0,0,17,110,1,0,0,0,0,177,1,0,0,0,0,0,7,
15,7740,רמת גן,8600,108,42,0,627,443,0,443,45,3,3,0,0,0,13,0,0,0,0,0,0,0,0,22,95,1,0,0,0,0,250,0,0,0,0,0,0,11,
15,7741,רמת גן,8600,110,18,0,739,474,6,468,38,7,2,0,0,0,15,0,0,0,1,0,0,0,0,23,155,4,0,0,2,0,203,0,0,0,0,0,1,17,
15,7742,רמת גן,8600,113,18,0,653,368,0,368,43,2,2,1,0,0,11,0,0,0,0,0,0,0,0,29,96,0,0,0,0,0,173,0,0,0,0,0,0,11,
15,7743,רמת גן,8600,114,39,0,497,315,1,314,38,3,3,1,0,0,4,0,0,0,1,0,0,1,0,16,85,0,0,0,1,0,152,0,0,0,0,1,0,8,
15,7744,רמת גן,8600,115,18,0,593,371,3,368,28,5,0,1,0,0,15,0,0,0,0,0,0,0,0,20,117,0,0,0,2,0,159,0,0,0,0,0,0,21,
15,7745,רמת גן,8600,116,18,0,675,406,2,404,53,12,6,0,0,0,13,0,0,0,0,0,0,0,0,30,120,1,0,0,1,0,161,0,0,0,0,0,1,6,
15,7746,רמת גן,8600,117,113,0,465,340,0,340,8,6,2,0,0,0,64,0,0,0,0,0,0,0,0,8,162,0,0,0,5,0,34,1,0,0,0,0,0,50,
15,7747,רמת גן,8600,118,80,0,768,419,5,414,35,7,3,0,0,0,13,0,0,0,0,0,0,0,1,20,135,0,0,0,1,0,189,0,0,0,0,0,0,10,
15,7748,רמת גן,8600,119,19,0,617,473,0,473,39,2,3,1,0,0,20,0,0,0,0,0,0,0,0,18,168,0,0,0,0,0,189,1,0,0,0,0,0,32,
15,7749,רמת גן,8600,125,55,0,722,465,0,465,41,21,7,0,0,0,22,0,0,0,0,0,0,0,0,13,115,0,0,0,1,0,225,0,0,0,0,0,1,19,
15,7750,רמת גן,8600,126,10,0,741,397,3,394,28,16,1,0,0,0,16,0,0,0,0,0,0,0,0,16,115,0,0,0,2,0,188,0,0,0,0,0,0,12,
15,7751,רמת גן,8600,127,55,0,487,309,0,309,18,23,1,0,0,0,21,0,0,0,0,0,0,0,0,6,85,0,0,0,1,0,120,0,0,0,0,0,0,34,
15,7752,רמת גן,8600,129,10,0,554,325,4,321,22,8,1,1,0,0,18,0,0,0,0,0,0,0,0,18,111,0,0,0,2,0,118,0,1,0,0,0,0,21,
15,7753,רמת גן,8600,130,10,0,728,400,1,399,44,12,3,1,0,0,16,1,0,0,0,0,0,0,0,13,109,0,0,0,0,0,187,0,0,0,0,0,0,13,
15,7754,רמת גן,8600,131,10,0,741,398,0,398,41,10,4,1,0,0,17,0,0,0,0,0,0,0,0,20,109,0,0,1,3,0,173,0,0,0,0,0,0,19,
15,7755,רמת גן,8600,132,10,0,706,361,1,360,33,20,2,0,1,0,15,0,0,0,0,0,0,0,0,20,144,0,0,0,0,0,114,0,0,0,0,0,0,11,
15,7756,רמת גן,8600,141,41,0,602,415,2,413,34,9,1,0,0,0,21,0,1,0,0,0,0,0,0,24,134,0,0,0,3,1,165,0,0,0,0,0,0,20,
15,7757,רמת גן,8600,142,90,0,518,403,1,402,37,2,2,0,0,0,9,0,0,0,0,0,0,0,0,13,76,1,0,0,1,0,258,0,0,0,0,0,0,3,
15,7758,רמת גן,8600,143,26,0,691,447,1,446,43,9,2,0,0,0,20,0,0,0,0,0,0,0,0,19,143,0,0,0,5,0,188,0,0,0,0,0,0,17,
15,7759,רמת גן,8600,144,26,0,724,481,2,479,50,5,2,0,0,0,30,0,0,0,0,0,0,0,0,18,95,0,0,0,4,0,257,0,0,0,0,0,0,18,
15,7760,רמת גן,8600,145,26,0,682,507,3,504,35,2,0,1,0,0,36,0,0,0,0,0,0,0,0,19,137,2,0,0,3,0,251,0,0,0,0,0,0,18,
15,7761,רמת גן,8600,146,41,0,498,371,1,370,36,6,2,0,0,0,10,0,0,0,0,0,0,0,0,24,98,0,0,0,1,0,171,0,0,0,0,0,1,21,
15,7762,רמת גן,8600,147,90,0,657,495,2,493,50,9,2,0,0,0,16,1,0,0,0,0,0,0,0,19,125,0,0,0,2,0,242,0,0,0,0,0,0,27,
15,7763,רמת גן,8600,148,26,0,593,452,1,451,46,2,1,1,0,0,16,0,0,0,0,0,0,0,0,16,95,0,0,0,0,0,267,0,0,0,0,0,0,7,
15,7764,רמת גן,8600,149,71,0,727,575,1,574,27,0,0,0,0,0,14,0,0,0,0,0,0,0,0,13,174,0,0,0,1,0,340,0,0,0,0,0,0,5,
15,7765,רמת גן,8600,150,71,0,670,495,2,493,43,0,0,0,0,0,11,0,0,0,0,0,0,0,0,18,164,0,0,0,1,0,239,0,0,0,0,0,0,17,
15,7766,רמת גן,8600,151,71,0,615,478,1,477,53,2,3,1,0,0,17,0,0,0,0,0,0,0,0,8,126,0,0,0,0,0,258,0,0,0,0,0,0,9,
15,7767,רמת גן,8600,153.1,23,0,689,445,3,442,49,12,1,0,1,0,10,0,0,0,0,0,0,0,0,26,120,0,0,3,0,0,204,0,0,0,0,0,0,16,
15,7768,רמת גן,8600,153.2,23,0,689,452,1,451,46,27,2,1,0,0,23,0,0,0,0,0,0,0,0,17,114,0,0,0,0,0,194,1,0,0,0,0,0,26,
15,7769,רמת גן,8600,153.3,23,0,689,459,1,458,35,17,2,0,0,0,18,0,0,0,0,0,0,0,0,18,162,0,0,0,1,0,189,0,0,0,0,0,0,16,
15,7770,רמת גן,8600,153.4,23,0,689,470,2,468,45,13,3,0,0,0,19,0,0,0,0,0,0,0,0,34,140,1,0,0,0,0,186,0,0,0,0,0,0,27,
15,7771,רמת גן,8600,153.5,23,0,687,436,0,436,41,21,2,2,0,0,19,0,0,0,0,0,0,0,1,30,101,1,0,0,3,0,206,0,0,0,0,0,0,9,
15,7772,רמת גן,8600,154,35,0,606,355,2,353,26,5,2,1,0,0,11,0,0,0,0,0,0,0,0,29,109,0,0,0,0,0,153,0,0,0,0,1,0,16,
15,7773,רמת גן,8600,156,35,0,542,278,0,278,35,1,2,1,0,0,9,0,0,0,0,0,0,0,1,20,64,0,0,0,1,0,133,1,0,1,0,0,0,9,
15,7774,רמת גן,8600,157,35,0,619,392,0,392,46,7,1,1,0,0,13,0,0,0,0,0,0,0,0,25,117,0,0,0,1,0,165,0,0,1,0,0,0,15,
15,7775,רמת גן,8600,158,35,0,755,494,1,493,66,5,3,0,0,0,21,0,0,0,0,0,0,0,0,40,109,0,0,0,2,0,239,1,0,0,0,0,0,7,
15,7776,רמת גן,8600,159,34,0,663,405,2,403,54,6,3,1,0,0,13,0,0,0,0,0,0,0,0,17,70,1,0,0,3,0,226,0,0,0,0,1,0,8,
15,7777,רמת גן,8600,160,34,0,772,458,0,458,46,2,8,0,0,0,10,0,0,0,0,0,0,0,0,16,132,1,0,0,0,0,226,0,0,0,0,0,0,17,
15,7778,רמת גן,8600,163,24,0,702,497,4,493,44,1,4,1,0,0,24,0,0,0,0,0,1,0,0,18,132,0,0,0,5,0,236,0,0,0,0,0,0,27,
15,7779,רמת גן,8600,164,26,0,699,459,3,456,47,5,0,0,0,0,13,0,0,0,0,0,0,0,0,21,125,0,0,0,1,0,224,0,0,0,0,0,0,20,
15,7780,רמת גן,8600,165,17,0,736,479,1,478,42,4,4,1,0,0,17,0,0,0,0,0,0,0,0,20,137,0,0,0,3,0,234,0,0,0,0,0,0,16,
15,7781,רמת גן,8600,166,24,0,722,477,0,477,51,3,3,0,0,0,13,0,0,0,0,0,0,0,0,13,155,0,0,0,1,0,218,0,0,0,0,0,0,20,
15,7782,רמת גן,8600,168,17,0,704,459,4,455,40,6,4,2,0,0,22,0,0,0,0,0,0,0,0,25,145,0,0,0,1,0,185,0,0,0,0,0,0,25,
15,7783,רמת גן,8600,169,17,0,712,479,2,477,64,3,5,0,0,0,8,0,0,0,0,0,0,0,0,22,114,0,0,0,1,0,249,0,0,0,0,0,0,11,
15,7784,רמת גן,8600,178,24,0,755,507,2,505,50,12,1,0,0,0,9,0,0,0,0,0,0,0,0,13,159,1,1,0,2,0,229,0,0,0,0,0,1,27,
15,7785,רמת גן,8600,180,24,0,638,450,3,447,58,7,1,0,0,0,13,0,0,0,0,0,0,0,0,14,122,0,0,0,1,0,219,0,0,0,0,0,0,12,
15,7786,רמת גן,8600,182,31,0,704,501,2,499,78,0,4,0,0,0,20,0,0,0,0,0,0,0,1,14,94,0,0,0,3,0,274,0,0,0,0,1,0,10,
15,7787,רמת גן,8600,183,31,0,591,439,2,437,62,4,2,1,0,0,15,0,0,0,0,0,0,0,0,8,108,0,0,0,2,0,232,0,0,0,0,0,0,3,
15,7788,רמת גן,8600,184,17,0,700,454,4,450,43,3,4,0,0,0,12,0,0,0,0,0,0,0,0,31,142,2,0,0,2,0,188,1,0,0,0,0,0,22,
15,7789,רמת גן,8600,187,15,0,694,508,1,507,52,8,2,2,0,0,34,0,0,0,0,0,0,0,1,25,147,0,0,0,3,0,210,0,0,0,0,0,1,22,
15,7790,רמת גן,8600,188,6,0,717,534,2,532,62,7,1,0,0,0,57,0,1,0,0,0,0,0,0,11,144,1,0,0,5,0,234,0,0,0,0,0,0,9,
15,7791,רמת גן,8600,189,6,0,745,556,2,554,58,6,3,2,0,0,39,0,0,0,0,0,1,0,0,13,175,0,0,0,4,0,237,0,0,0,0,0,0,16,
15,7792,רמת גן,8600,191,33,0,784,555,1,554,47,2,5,1,0,0,29,0,0,0,0,0,0,0,0,32,159,0,0,0,0,0,267,0,0,0,0,0,0,12,
15,7793,רמת גן,8600,192,15,0,702,494,3,491,49,7,0,1,0,0,22,0,0,0,0,0,0,0,0,25,125,0,0,0,2,0,253,1,1,0,0,0,0,5,
15,7794,רמת גן,8600,193,15,0,717,506,1,505,48,3,3,1,0,0,22,0,0,0,0,0,0,0,0,31,141,0,0,0,2,0,232,0,0,0,0,0,0,22,
15,7795,רמת גן,8600,194,24,0,722,553,3,550,40,7,3,1,0,0,36,0,0,0,0,0,0,0,1,26,171,0,0,0,1,0,250,0,0,1,0,0,0,13,
15,7796,רמת גן,8600,195,17,0,776,530,7,523,56,5,4,1,0,0,10,0,0,0,0,0,0,0,1,14,182,0,0,0,1,0,230,0,0,0,1,0,0,18,
15,7797,רמת גן,8600,196,32,0,751,531,5,526,54,3,2,1,0,0,21,0,0,0,0,0,0,0,1,35,123,0,0,0,0,0,266,0,1,0,0,0,0,19,
15,7798,רמת גן,8600,197,15,0,707,531,1,530,49,5,4,0,0,0,38,0,0,0,0,0,0,0,0,18,183,0,0,0,1,0,213,0,0,0,0,2,0,17,
15,7799,רמת גן,8600,198,6,1,713,477,1,476,33,7,1,0,0,0,42,0,0,0,0,0,0,0,0,25,125,0,0,0,3,0,230,0,0,0,0,0,0,10,
15,7800,רמת גן,8600,199,33,0,748,494,3,491,47,9,2,1,0,0,28,0,0,0,0,0,0,0,0,13,157,0,0,0,4,0,194,3,0,0,0,0,0,33,
15,7801,רמת גן,8600,200,32,0,670,469,4,465,36,5,1,0,0,0,15,0,0,0,0,0,0,0,0,32,157,1,0,0,0,0,205,0,0,0,0,0,0,13,
15,7802,רמת גן,8600,201,32,0,661,487,0,487,38,4,2,3,0,0,23,0,0,0,0,0,0,0,0,24,169,0,0,0,0,0,212,0,0,0,0,0,0,12,
15,7803,רמת גן,8600,202,6,0,690,371,0,371,27,2,0,1,0,0,14,0,0,0,0,2,0,1,0,51,105,1,0,0,0,0,150,0,0,0,0,0,0,17,
15,7804,רמת גן,8600,203,3,0,600,384,0,384,24,2,3,1,0,0,12,0,0,0,0,0,0,0,0,29,135,0,0,0,3,0,149,0,0,0,0,0,0,26,
15,7805,רמת גן,8600,204,2,0,536,323,0,323,13,1,2,1,0,0,8,0,0,0,0,0,0,0,0,26,127,1,0,0,2,0,118,0,0,0,0,0,0,24,
15,7806,רמת גן,8600,205,2,0,536,323,0,323,27,4,2,0,0,0,14,0,0,0,0,0,0,0,0,19,120,0,0,0,2,0,110,0,0,0,0,0,0,25,
15,7807,רמת גן,8600,206,6,0,663,479,4,475,38,4,5,0,0,0,25,0,0,1,0,0,0,0,0,13,137,0,0,0,3,0,230,0,0,0,0,0,0,19,
15,7808,רמת גן,8600,207,32,0,554,359,1,358,19,2,0,0,0,0,15,0,0,0,0,0,0,0,0,20,127,0,0,0,3,0,156,0,0,0,0,0,0,16,
15,7809,רמת גן,8600,208,61,0,653,444,1,443,39,3,2,1,0,0,20,0,0,0,0,0,0,0,0,12,158,0,0,0,1,0,167,0,0,0,0,0,0,40,
15,7810,רמת גן,8600,209,32,0,632,431,2,429,32,6,0,0,0,0,18,0,0,0,0,0,0,0,0,19,134,0,1,0,4,0,196,0,0,0,0,0,0,19,
15,7811,רמת גן,8600,210,2,0,546,382,0,382,19,1,0,0,0,0,19,0,0,0,0,0,0,0,0,11,125,0,0,0,0,0,190,0,0,0,0,0,0,17,
15,7812,רמת גן,8600,211,70,0,545,357,4,353,9,9,1,0,1,0,57,0,0,0,0,0,0,1,0,5,182,0,0,0,4,0,48,1,0,0,0,0,2,33,
15,7813,רמת גן,8600,212,20,0,724,511,0,511,29,19,1,0,0,0,79,0,0,0,0,0,0,0,0,18,210,1,0,0,3,0,85,0,0,0,0,0,0,66,
15,7814,רמת גן,8600,213,20,0,682,463,2,461,12,29,0,1,0,0,82,0,0,0,0,0,0,0,0,6,167,0,0,0,4,0,67,0,0,0,0,0,0,93,
15,7815,רמת גן,8600,214,2,1,606,395,1,394,35,1,6,0,0,0,22,0,0,0,0,0,0,0,0,12,121,0,0,0,1,0,191,0,0,0,0,0,0,5,
15,7816,רמת גן,8600,215,113,0,692,475,2,473,13,24,0,1,0,0,62,0,1,0,0,0,0,0,0,7,229,0,0,0,2,0,60,0,0,0,0,0,0,74,
15,7817,רמת גן,8600,216,70,0,642,467,3,464,31,6,0,2,0,0,18,0,0,0,0,0,0,1,0,20,151,0,0,0,0,0,189,0,0,1,0,0,0,45,
15,7818,רמת גן,8600,217,20,0,646,516,0,516,27,7,0,0,0,0,18,0,0,0,0,0,0,0,0,32,185,0,0,0,0,0,221,0,0,0,0,0,0,26,
15,7819,רמת גן,8600,218,2,0,585,412,0,412,36,5,0,0,0,0,24,0,0,0,0,0,0,0,0,12,126,0,0,0,0,0,198,0,0,0,0,0,0,11,
15,7820,רמת גן,8600,219,67,0,678,509,1,508,39,6,1,0,0,0,18,0,0,0,0,0,0,0,0,20,178,0,0,0,1,0,224,2,0,0,0,0,0,19,
15,7821,רמת גן,8600,220,19,0,674,411,1,410,19,3,4,0,0,0,14,0,0,0,0,0,0,0,0,16,155,0,0,0,6,0,120,0,0,0,0,0,0,73,
15,7822,רמת גן,8600,221,3,0,630,399,1,398,14,2,2,3,0,0,19,0,0,0,0,0,0,0,0,27,130,0,0,0,1,0,174,0,0,0,0,0,0,26,
15,7823,רמת גן,8600,222,19,0,707,463,7,456,47,6,1,0,0,0,23,0,0,0,0,0,0,0,0,26,155,0,0,0,3,0,164,0,0,0,0,0,0,31,
15,7824,רמת גן,8600,223,2,0,534,403,2,401,35,1,2,0,0,0,17,0,0,0,0,0,0,0,0,15,105,1,0,0,1,0,215,0,0,0,0,0,0,9,
15,7825,רמת גן,8600,224,2,0,474,310,1,309,12,6,0,0,0,0,26,0,0,0,0,0,0,0,0,11,149,0,1,0,0,0,51,0,0,0,0,1,0,52,
15,7826,רמת גן,8600,225,67,0,682,475,1,474,41,2,2,1,0,0,10,0,0,0,0,0,0,0,0,28,143,0,0,0,1,0,231,0,0,0,0,0,0,15,
15,7827,רמת גן,8600,226,3,0,616,448,0,448,31,2,1,0,0,0,17,0,0,0,0,0,0,0,0,12,165,0,0,0,3,0,200,0,1,0,0,0,0,16,
15,7828,רמת גן,8600,227,67,0,645,487,3,484,42,2,0,0,0,0,36,0,1,0,0,0,0,0,0,12,136,0,0,0,0,0,240,0,0,0,0,0,0,15,
15,7829,רמת גן,8600,228,67,0,746,574,6,568,36,9,1,1,0,0,32,0,0,0,0,0,0,0,0,21,182,0,0,0,2,0,270,0,0,0,0,0,0,14,
15,7830,רמת גן,8600,229,20,0,678,448,4,444,24,14,2,0,0,0,31,0,0,0,0,0,0,0,0,16,181,0,0,0,1,0,135,0,0,1,0,0,0,39,
15,7831,רמת גן,8600,230,67,0,734,569,0,569,47,7,0,0,0,0,40,0,0,0,0,0,0,0,0,17,198,1,0,0,4,0,230,0,0,0,0,0,0,25,
15,7832,רמת גן,8600,231,20,0,636,392,2,390,25,2,0,1,0,0,21,0,0,0,0,0,0,0,0,15,133,0,0,0,0,0,173,0,0,0,0,0,0,20,
15,7833,רמת גן,8600,232,22,0,620,417,2,415,40,5,2,0,0,0,14,0,0,0,0,0,0,0,0,26,159,1,0,0,3,0,133,0,0,0,0,0,2,30,
15,7834,רמת גן,8600,233,22,0,625,419,0,419,22,11,0,0,0,0,7,0,0,0,0,0,0,0,0,8,219,1,0,0,0,0,59,0,0,0,0,0,0,92,
15,7835,רמת גן,8600,234,22,1,662,441,0,441,16,10,2,4,0,0,15,0,0,0,0,0,0,0,0,24,238,0,0,0,1,0,58,0,0,0,0,0,0,73,
15,7836,רמת גן,8600,235,66,0,579,355,2,353,25,5,0,0,0,0,4,0,0,0,0,0,0,0,0,25,149,0,0,0,1,0,95,0,0,0,0,0,0,49,
15,7837,רמת גן,8600,236,40,0,614,436,3,433,38,5,0,1,0,0,15,0,0,0,0,0,0,0,0,18,162,0,0,0,1,0,130,0,0,0,0,0,0,63,
15,7838,רמת גן,8600,237,66,0,764,522,3,519,32,3,8,0,0,0,14,0,0,0,0,0,0,0,0,17,219,0,0,0,1,0,168,0,0,0,0,0,0,57,
15,7839,רמת גן,8600,238.1,16,0,639,446,2,444,35,0,3,0,0,0,21,0,0,0,0,0,0,0,0,20,104,0,0,0,1,0,251,0,0,0,0,0,0,9,
15,7840,רמת גן,8600,238.2,16,0,639,444,0,444,39,4,4,0,0,0,20,0,0,0,0,0,0,0,0,18,83,0,0,0,1,0,268,0,0,0,0,0,0,7,
15,7841,רמת גן,8600,238.3,16,0,639,462,2,460,45,2,5,0,0,0,17,0,0,0,0,0,0,0,0,9,114,0,0,0,2,0,258,0,0,0,0,1,0,7,
15,7842,רמת גן,8600,238.4,16,0,639,415,1,414,32,7,3,1,0,0,16,0,0,0,0,0,0,0,0,18,94,0,0,0,1,0,238,0,0,0,0,0,0,4,
15,7843,רמת גן,8600,238.5,16,0,637,432,0,432,45,1,0,0,0,0,21,0,0,0,0,0,0,0,0,13,88,0,0,0,1,0,253,1,0,0,0,0,0,9,
15,7844,רמת גן,8600,243,22,0,708,523,3,520,38,7,4,2,0,0,16,0,0,0,0,1,0,0,0,35,202,1,0,0,1,0,160,0,0,0,0,0,0,53,
15,7845,רמת גן,8600,244,19,0,492,329,0,329,43,4,0,0,0,0,6,0,0,0,0,0,0,0,0,5,55,0,0,0,1,0,210,0,0,0,0,0,0,5,
15,7846,רמת גן,8600,245,30,0,567,406,1,405,45,3,7,0,0,0,21,0,0,0,0,0,0,0,0,9,55,1,0,0,0,0,262,0,0,0,0,0,0,2,
15,7847,רמת גן,8600,246,114,0,686,535,2,533,80,2,8,0,0,0,10,0,0,0,0,0,0,0,0,3,103,0,0,0,0,0,318,0,0,0,0,0,0,9,
15,7848,רמת גן,8600,247,27,0,693,492,2,490,49,6,5,1,0,0,17,0,0,0,0,0,0,0,0,8,110,0,0,0,0,0,277,0,0,0,0,0,0,17,
15,7849,רמת גן,8600,248,30,0,683,491,2,489,86,1,5,0,0,0,23,0,0,0,0,0,0,0,0,12,83,0,0,0,0,0,276,0,0,0,0,0,0,3,
15,7850,רמת גן,8600,249,27,0,701,480,0,480,51,5,2,0,0,0,17,0,0,0,0,0,0,0,0,6,98,0,0,0,0,0,295,0,0,0,0,0,0,6,
15,7851,רמת גן,8600,250,114,1,713,500,2,498,74,4,4,0,0,0,14,0,0,0,0,0,0,0,0,15,81,0,0,0,2,0,296,0,0,0,0,0,0,8,
15,7852,רמת גן,8600,251,40,0,589,429,1,428,40,7,1,0,0,0,11,0,0,0,0,0,0,0,0,4,113,0,0,0,0,0,244,0,0,0,0,0,0,8,
15,7853,רמת גן,8600,252,24,0,548,399,1,398,52,6,2,1,0,0,11,0,0,0,0,0,0,0,0,10,142,0,0,0,2,0,143,0,0,0,0,0,0,29,
15,7854,רמת גן,8600,254,61,0,594,414,0,414,35,1,2,0,0,0,23,0,0,0,0,0,0,0,1,21,153,0,0,0,2,0,145,0,0,0,0,0,0,31,
15,7855,רמת גן,8600,502,100,0,619,445,1,444,41,2,4,0,0,0,15,0,0,0,0,0,0,0,0,17,76,0,0,0,0,0,287,0,0,0,0,0,0,2,
15,7856,רמת גן,8600,503,100,0,579,403,4,399,41,2,2,0,0,0,10,0,0,0,0,0,0,0,0,7,53,1,0,0,0,0,281,0,0,0,0,0,0,2,
15,7857,רמת גן,8600,504,100,0,627,489,1,488,48,3,0,0,0,0,7,0,0,0,0,0,0,0,0,15,86,0,0,0,0,0,328,0,0,0,0,0,0,1,
15,7858,רמת גן,8600,505,100,0,606,363,3,360,42,3,3,0,0,0,11,0,0,0,0,0,0,0,0,13,77,0,0,0,0,0,204,1,0,0,0,0,0,6,
15,7859,רמת גן,8600,515,108,0,330,209,3,206,34,0,1,0,0,0,2,1,0,0,0,0,1,0,0,2,22,0,0,0,1,0,140,1,0,0,0,0,1,0,
15,7860,רמת גן,8600,521,105,0,427,336,1,335,58,2,2,0,0,0,2,0,0,0,0,0,0,0,0,7,26,1,0,0,0,0,237,0,0,0,0,0,0,0,
15,7861,רמת גן,8600,951,8,0,693,339,3,336,34,4,4,1,0,0,10,0,0,0,0,0,0,0,0,25,114,0,0,0,2,0,137,0,0,0,0,0,0,5,
5,2007,רמת דוד,135,1,1,0,360,286,1,285,72,0,2,0,0,0,6,0,0,0,0,0,0,0,0,2,34,0,0,0,0,0,169,0,0,0,0,0,0,0,
15,7862,רמת השרון,2650,1,12,0,743,586,0,586,26,43,0,1,0,0,25,0,0,0,0,0,0,0,0,10,176,0,0,0,0,0,198,0,0,0,0,0,0,107,
15,7863,רמת השרון,2650,2.1,17,0,601,439,1,438,41,11,1,0,0,0,15,0,0,0,0,0,0,0,0,12,148,0,0,0,0,0,192,0,0,1,0,1,0,16,
15,7864,רמת השרון,2650,2.2,17,0,601,431,2,429,36,17,2,0,0,0,13,0,0,0,0,0,0,0,0,4,165,0,0,0,3,0,156,0,0,0,0,1,0,32,
15,7865,רמת השרון,2650,2.3,17,0,601,416,0,416,44,13,2,0,0,0,14,0,0,0,0,0,0,0,0,8,150,0,0,0,0,0,160,0,0,0,0,0,0,25,
15,7866,רמת השרון,2650,2.4,17,0,599,427,0,427,32,11,2,0,0,0,16,0,0,0,0,0,0,0,0,7,166,0,0,0,2,0,164,0,0,0,0,0,0,27,
15,7867,רמת השרון,2650,4,1,0,704,488,4,484,41,13,4,1,0,0,15,0,0,0,0,0,0,1,0,53,175,0,0,0,1,0,150,0,0,1,0,0,0,29,
15,7868,רמת השרון,2650,5,7,0,755,542,1,541,33,49,4,0,0,0,37,0,1,0,0,0,0,0,0,7,222,0,0,0,5,0,103,0,0,0,0,0,0,80,
15,7869,רמת השרון,2650,6,1,0,566,402,3,399,45,20,2,0,0,0,15,0,0,0,0,0,0,0,0,8,103,0,0,0,1,0,187,1,0,0,0,0,0,17,
15,7870,רמת השרון,2650,7.1,14,0,610,434,0,434,75,2,1,0,0,0,5,0,0,0,0,0,0,0,0,1,49,0,0,0,0,0,297,0,1,1,0,0,0,2,
15,7871,רמת השרון,2650,7.2,14,0,610,416,1,415,67,2,2,0,0,0,7,0,0,0,0,0,0,0,0,6,47,0,0,0,0,0,282,0,0,0,0,0,0,2,
15,7872,רמת השרון,2650,7.3,14,0,610,438,1,437,43,2,8,1,0,0,1,0,0,0,0,0,0,0,0,12,39,0,0,0,0,0,331,0,0,0,0,0,0,0,
15,7873,רמת השרון,2650,9,1,0,638,433,1,432,85,3,2,1,0,0,3,0,0,0,0,0,0,0,0,5,46,2,0,0,1,0,272,0,0,0,0,0,1,11,
15,7874,רמת השרון,2650,11,4,0,582,384,0,384,58,3,3,0,0,0,7,0,0,0,0,0,0,0,1,7,47,0,0,0,0,0,256,0,0,0,0,0,0,2,
15,7875,רמת השרון,2650,12,11,0,517,383,0,383,53,2,3,1,0,0,7,0,0,0,0,0,0,0,0,3,63,0,0,0,1,0,247,0,0,0,0,0,0,3,
15,7876,רמת השרון,2650,13,9,0,692,484,0,484,47,7,8,0,0,0,5,0,0,0,0,0,0,0,0,8,75,0,0,0,1,0,325,0,0,0,0,0,0,8,
15,7877,רמת השרון,2650,14,9,0,685,492,1,491,41,3,8,0,0,0,2,0,0,0,0,0,0,0,0,16,75,0,0,0,0,0,345,0,0,0,0,0,0,1,
15,7878,רמת השרון,2650,15,7,0,759,522,0,522,56,31,3,0,0,0,11,0,0,0,0,0,0,0,0,6,149,0,0,0,5,0,242,0,0,0,0,0,0,19,
15,7879,רמת השרון,2650,16,7,0,640,438,1,437,20,41,1,0,0,0,27,0,0,0,0,0,0,0,0,6,137,0,0,0,4,0,122,0,0,0,0,0,0,79,
15,7880,רמת השרון,2650,17,12,0,650,463,2,461,30,29,0,0,0,0,14,0,0,0,0,0,1,1,0,12,172,0,0,0,1,0,143,0,0,1,0,0,0,57,
15,7881,רמת השרון,2650,18,7,0,519,341,0,341,36,14,3,0,0,0,23,0,0,0,0,0,0,0,0,4,128,0,0,0,3,0,107,0,0,0,0,0,0,23,
15,7882,רמת השרון,2650,19,2,0,638,465,2,463,74,5,3,0,0,0,3,0,0,0,0,0,0,0,0,6,42,0,0,0,0,0,329,0,0,0,0,0,0,1,
15,7883,רמת השרון,2650,20.1,3,0,619,415,0,415,31,1,1,1,0,0,6,0,0,0,0,0,0,0,0,11,72,0,0,0,0,0,289,0,0,0,0,1,0,2,
15,7884,רמת השרון,2650,20.2,3,0,619,417,0,417,46,5,4,0,0,0,4,0,0,0,0,0,0,0,0,19,67,0,0,0,0,0,272,0,0,0,0,0,0,0,
15,7885,רמת השרון,2650,20.3,3,1,619,426,0,426,44,11,8,1,0,0,7,0,0,0,0,0,0,0,0,12,86,0,0,0,2,0,250,0,0,0,0,1,0,4,
15,7886,רמת השרון,2650,20.4,3,0,619,472,0,472,48,5,1,1,0,0,10,0,0,0,0,0,0,0,0,13,88,0,0,0,2,0,298,0,0,0,0,0,0,6,
15,7887,רמת השרון,2650,21,8,0,718,520,0,520,63,0,0,0,0,0,9,0,0,0,0,0,0,0,0,13,92,0,0,0,0,0,340,0,0,0,0,0,0,3,
15,7888,רמת השרון,2650,22,5,0,655,450,0,450,56,8,1,0,0,0,6,0,0,0,0,0,0,0,0,9,89,0,1,0,0,0,278,0,0,0,0,0,0,2,
15,7889,רמת השרון,2650,23,2,0,594,442,1,441,48,2,2,0,0,0,5,0,0,0,0,0,0,0,0,7,52,0,0,0,0,0,323,0,0,0,0,0,0,2,
15,7890,רמת השרון,2650,25,5,0,665,458,0,458,52,12,1,0,0,0,10,0,0,0,0,0,0,0,0,7,71,0,0,0,0,0,301,0,0,0,0,1,0,3,
15,7891,רמת השרון,2650,26,8,0,600,438,0,438,53,2,3,0,0,0,6,0,0,0,0,0,0,0,0,7,64,0,0,0,0,0,299,0,0,0,0,0,0,4,
15,7892,רמת השרון,2650,27,5,0,702,549,0,549,86,3,3,0,0,0,11,0,0,0,0,0,0,0,0,9,64,0,0,0,0,0,372,0,0,0,0,0,0,1,
15,7893,רמת השרון,2650,29,5,0,500,387,1,386,59,7,1,1,0,0,5,0,0,0,0,0,0,0,0,6,64,0,0,0,1,0,240,0,0,0,0,0,0,2,
15,7894,רמת השרון,2650,31.1,19,0,666,493,0,493,57,1,3,0,0,0,11,0,0,0,0,0,0,0,0,22,65,2,0,0,0,0,324,0,0,0,0,0,0,8,
15,7895,רמת השרון,2650,31.2,19,0,666,448,2,446,64,3,1,1,0,0,7,0,0,0,0,0,0,0,0,16,49,0,0,0,0,0,305,0,0,0,0,0,0,0,
15,7896,רמת השרון,2650,31.3,19,0,666,477,0,477,56,2,4,0,0,0,5,0,0,0,0,0,0,0,0,9,60,0,0,0,0,0,340,0,0,0,0,0,0,1,
15,7897,רמת השרון,2650,32,9,0,569,416,0,416,46,3,1,1,0,0,8,0,0,0,0,0,0,0,0,14,77,0,0,0,0,0,264,0,0,0,0,0,0,2,
15,7898,רמת השרון,2650,33,9,0,481,360,0,360,26,1,2,0,0,0,11,0,0,0,0,0,0,0,0,8,62,0,0,0,1,0,248,0,0,0,0,0,0,1,
15,7899,רמת השרון,2650,34,9,0,566,427,1,426,39,2,5,0,0,0,12,0,0,0,0,0,0,0,0,8,46,0,0,0,1,0,309,0,0,0,0,0,0,4,
15,7900,רמת השרון,2650,37,9,0,513,373,1,372,33,0,1,0,0,0,8,0,0,0,0,0,0,0,0,6,74,0,0,0,0,0,246,0,0,0,0,0,0,4,
15,7901,רמת השרון,2650,38,11,0,718,577,1,576,50,4,3,1,0,0,8,0,0,0,0,0,0,0,0,9,118,1,0,0,0,0,379,0,0,0,0,0,0,3,
15,7902,רמת השרון,2650,41,11,0,661,480,1,479,60,5,2,0,0,0,5,0,0,0,0,0,0,0,0,12,82,0,0,0,0,0,306,0,0,0,0,0,0,7,
15,7903,רמת השרון,2650,42,5,0,675,512,2,510,69,3,5,0,0,0,3,0,0,0,0,0,0,0,0,12,62,0,0,0,0,0,354,0,0,0,0,0,0,2,
15,7904,רמת השרון,2650,44,5,0,533,389,1,388,46,6,3,0,0,0,5,0,0,0,0,0,1,0,0,13,64,1,0,0,0,0,243,0,0,0,0,0,0,6,
15,7905,רמת השרון,2650,46,1,0,534,388,0,388,47,21,1,1,0,0,8,0,0,0,0,0,0,0,1,7,101,0,0,0,0,0,161,0,0,0,0,0,0,40,
15,7906,רמת השרון,2650,47.1,16,0,574,423,0,423,49,5,4,0,0,0,6,0,0,0,0,0,0,0,1,7,59,0,0,0,5,0,283,2,0,0,0,0,0,2,
15,7907,רמת השרון,2650,47.2,16,0,574,417,0,417,48,1,1,0,0,0,8,0,0,0,0,0,0,0,0,11,46,0,0,0,0,0,301,0,0,0,0,0,0,1,
15,7908,רמת השרון,2650,47.3,16,0,574,391,3,388,47,5,3,0,0,0,4,0,0,0,0,0,0,0,0,7,59,0,0,0,1,0,260,0,0,0,0,0,0,2,
15,7909,רמת השרון,2650,47.4,16,0,571,430,2,428,39,4,2,0,0,0,6,0,0,0,0,0,0,0,0,10,68,0,0,0,1,0,298,0,0,0,0,0,0,0,
15,7910,רמת השרון,2650,51,4,0,584,385,0,385,47,9,1,1,0,0,4,0,0,0,0,0,0,0,0,6,82,0,0,0,0,0,226,0,0,0,0,0,0,9,
15,7911,רמת השרון,2650,52,4,0,546,388,0,388,53,2,4,0,1,0,3,0,0,0,0,0,0,0,0,6,59,0,0,0,0,0,245,1,0,0,0,0,0,14,
15,7912,רמת השרון,2650,54,8,0,700,493,2,491,56,7,1,0,0,0,12,0,0,0,0,1,0,0,1,9,84,0,1,0,2,0,313,0,0,0,0,0,0,4,
15,7913,רמת השרון,2650,55,8,0,495,337,0,337,47,4,4,0,0,0,3,0,0,0,0,0,0,0,0,5,46,0,0,0,0,0,228,0,0,0,0,0,0,0,
15,7914,רמת השרון,2650,58,5,0,596,448,0,448,56,4,5,0,0,0,9,0,0,0,0,0,0,0,0,12,63,0,0,0,1,0,290,0,0,0,0,0,0,8,
15,7915,רמת השרון,2650,59,9,0,522,375,0,375,38,1,0,0,0,0,1,0,0,0,0,0,0,0,0,7,57,0,0,0,0,0,271,0,0,0,0,0,0,0,
15,7916,רמת השרון,2650,60,11,0,682,499,2,497,60,1,1,0,0,0,5,0,0,0,0,0,0,0,0,7,90,0,0,0,1,0,331,0,0,0,0,0,0,1,
15,7917,רמת השרון,2650,64,6,0,736,632,2,630,50,1,1,0,0,0,11,0,0,0,0,0,0,0,0,21,125,0,0,0,3,0,415,0,0,0,0,0,0,3,
15,7918,רמת השרון,2650,65,6,0,730,588,0,588,37,3,2,0,0,0,17,0,0,0,0,0,0,0,0,16,94,0,0,0,0,0,416,0,0,0,0,0,0,3,
15,7919,רמת השרון,2650,66,12,0,690,524,2,522,59,3,4,0,0,0,13,0,0,0,0,0,0,0,1,27,109,0,0,0,0,0,299,0,0,0,0,0,0,7,
15,7920,רמת השרון,2650,67,12,0,703,546,2,544,57,10,1,0,0,0,16,0,0,0,0,0,0,0,0,20,167,0,0,0,1,0,243,0,0,0,0,0,0,29,
15,7921,רמת השרון,2650,68,6,0,557,480,0,480,29,1,0,1,0,0,8,0,0,0,0,0,0,0,0,8,67,0,0,0,0,0,362,0,0,0,0,2,0,2,
19,10526,רעננה,8700,1,16,0,703,475,1,474,41,5,1,1,0,0,14,0,0,0,0,0,0,0,0,12,86,0,0,1,2,0,309,0,0,0,0,0,0,2,
19,10527,רעננה,8700,2,9,0,762,484,0,484,28,11,1,2,0,0,31,0,0,0,0,0,0,0,0,28,164,0,0,0,1,0,166,0,0,0,0,0,0,52,
19,10528,רעננה,8700,4,11,0,473,330,2,328,8,2,0,1,0,0,9,0,2,0,0,0,0,0,0,14,169,0,0,0,2,0,60,0,0,0,0,0,0,61,
19,10529,רעננה,8700,5,13,0,718,517,3,514,14,18,1,0,0,0,60,0,0,0,0,0,0,0,0,6,258,0,0,0,4,0,59,0,0,0,0,0,0,94,
19,10530,רעננה,8700,6,13,0,724,523,2,521,25,4,0,0,0,0,33,0,0,0,0,0,0,0,0,11,200,0,0,0,6,0,192,0,0,0,0,0,0,50,
19,10531,רעננה,8700,7,41,0,652,435,2,433,39,4,0,1,0,0,26,0,0,0,0,0,0,0,0,15,111,0,0,0,0,0,208,0,0,0,1,0,2,26,
19,10532,רעננה,8700,8,14,0,583,397,2,395,14,6,0,0,0,0,132,0,0,0,0,0,0,0,0,9,110,0,0,0,2,0,117,0,0,0,0,0,0,5,
19,10533,רעננה,8700,9,7,0,636,430,1,429,37,9,1,3,0,0,36,0,0,0,0,0,0,0,0,20,100,0,0,0,2,0,206,0,0,0,0,0,1,14,
19,10534,רעננה,8700,10,15,0,676,406,3,403,26,5,2,0,0,0,20,0,0,0,0,0,0,0,0,12,170,0,0,0,0,0,125,0,0,0,0,0,0,43,
19,10535,רעננה,8700,11,12,0,713,512,2,510,40,4,1,0,0,0,19,0,0,0,0,0,0,0,0,18,100,0,0,0,2,0,312,1,0,0,0,0,0,13,
19,10536,רעננה,8700,12,9,0,654,446,1,445,42,14,0,0,0,0,65,0,0,0,0,0,0,1,1,7,111,0,0,0,1,0,189,0,0,0,0,0,0,14,
19,10537,רעננה,8700,13,18,0,541,358,1,357,25,7,1,0,0,0,38,0,0,0,0,0,0,0,0,9,76,0,0,0,0,0,191,0,0,0,0,0,0,10,
19,10539,רעננה,8700,15,6,0,752,492,0,492,46,14,3,0,0,0,48,0,0,0,0,0,0,0,0,16,151,1,0,0,2,0,179,0,0,0,0,0,0,32,
19,10540,רעננה,8700,16,6,0,735,528,1,527,29,11,2,2,0,0,63,0,0,0,0,0,0,0,0,11,146,0,0,0,2,0,220,0,0,0,0,0,0,41,
19,10541,רעננה,8700,17,37,0,594,335,1,334,25,7,0,2,0,0,36,0,0,0,0,0,0,0,0,4,91,0,0,0,0,0,160,0,0,0,0,0,0,9,
19,10542,רעננה,8700,18,17,0,575,395,0,395,29,2,1,0,0,0,11,0,0,0,0,0,0,0,0,6,113,1,0,0,0,0,229,0,0,0,0,0,0,3,
19,10543,רעננה,8700,19,41,0,653,421,0,421,40,6,0,3,0,0,33,0,0,0,0,0,0,0,0,18,109,1,0,0,6,0,195,0,0,0,0,0,0,10,
19,10544,רעננה,8700,20,20,0,532,339,0,339,24,6,2,1,0,0,38,0,0,0,0,0,0,0,0,10,101,0,0,0,1,0,152,0,0,0,0,0,0,4,
19,10545,רעננה,8700,21,7,0,468,284,0,284,18,7,1,0,0,0,28,0,0,0,0,0,0,0,0,11,93,0,0,0,0,0,104,0,0,0,0,0,0,22,
19,10546,רעננה,8700,22,41,0,644,433,0,433,40,7,1,0,0,0,39,0,0,0,0,0,0,0,0,22,90,0,0,0,3,0,219,0,0,0,0,0,0,12,
19,10547,רעננה,8700,23,18,0,684,413,1,412,28,17,1,0,0,0,37,0,0,0,0,0,0,0,0,16,97,0,0,0,1,0,197,0,0,0,0,0,0,18,
19,10548,רעננה,8700,24,14,0,508,314,1,313,23,4,0,0,0,0,47,0,0,0,0,0,0,0,0,6,80,0,0,0,0,0,140,0,0,0,0,0,0,13,
19,10549,רעננה,8700,25,36,0,639,404,6,398,46,5,0,2,0,0,42,0,0,0,0,0,0,0,0,9,110,0,0,0,0,0,173,0,0,0,0,0,0,11,
19,10550,רעננה,8700,26,41,0,612,412,5,407,45,12,2,0,0,0,16,0,0,0,0,0,0,0,0,15,99,0,0,0,3,0,197,0,0,0,0,0,0,18,
19,10551,רעננה,8700,27,25,0,610,407,4,403,32,14,2,1,0,0,46,0,0,0,0,0,0,0,0,16,107,1,0,0,1,0,163,0,0,0,0,0,0,20,
19,10552,רעננה,8700,29,14,0,700,501,3,498,25,27,0,0,0,0,162,0,0,0,0,0,0,0,0,7,146,0,0,0,1,0,89,1,0,0,0,0,1,39,
19,10553,רעננה,8700,30,18,0,665,448,1,447,47,12,2,1,0,0,56,0,0,0,0,0,0,0,0,7,98,0,0,0,1,0,213,0,0,0,0,0,0,10,
19,10554,רעננה,8700,31,20,0,548,375,1,374,11,20,0,0,0,0,77,0,0,0,0,0,0,0,0,4,110,1,0,0,0,0,120,0,0,0,0,0,0,31,
19,10555,רעננה,8700,32,20,0,709,429,1,428,34,9,2,0,0,0,31,0,0,0,0,0,0,0,0,15,152,1,0,0,0,0,163,0,0,0,0,0,0,21,
19,10556,רעננה,8700,33,1,0,530,348,1,347,28,2,0,0,0,0,22,0,0,0,0,0,0,0,0,12,120,0,1,0,1,0,141,0,0,0,0,0,0,20,
19,10557,רעננה,8700,34,25,0,601,373,2,371,35,7,1,0,0,0,37,0,0,0,0,0,0,0,0,17,113,0,0,0,0,0,138,0,0,0,0,0,0,23,
19,10558,רעננה,8700,35,16,0,726,524,3,521,60,10,1,0,0,0,41,0,0,0,0,0,0,0,0,14,94,0,0,0,1,0,286,0,0,0,0,0,0,14,
19,10559,רעננה,8700,36,15,0,653,447,4,443,21,9,0,1,0,0,16,0,0,0,0,0,0,1,0,8,200,1,0,0,3,0,140,0,0,0,0,0,0,43,
19,10560,רעננה,8700,37,1,0,704,471,0,471,23,11,1,0,0,0,36,0,0,0,0,0,0,0,0,20,140,0,0,0,1,0,205,0,0,0,0,0,0,34,
19,10561,רעננה,8700,38,7,0,694,468,3,465,32,9,1,1,0,0,64,0,0,0,0,0,0,0,0,8,147,1,0,0,2,0,180,0,0,0,0,0,0,20,
19,10562,רעננה,8700,39,15,0,592,388,3,385,15,15,3,1,0,0,18,0,0,0,0,0,0,0,0,9,185,1,0,0,3,0,96,0,0,0,0,0,0,39,
19,10563,רעננה,8700,40,7,0,663,429,1,428,32,7,0,0,0,0,43,0,0,0,0,0,0,0,0,10,109,0,0,0,1,0,203,0,0,0,0,0,0,23,
19,10564,רעננה,8700,41,7,0,507,358,0,358,18,10,0,0,0,0,98,0,0,0,0,0,0,0,0,8,95,0,0,0,5,0,106,0,0,0,0,1,0,17,
19,10565,רעננה,8700,42,8,0,509,368,2,366,17,8,1,0,0,0,27,0,0,0,0,0,0,0,0,12,102,0,0,0,1,0,185,0,0,0,0,0,0,13,
19,10566,רעננה,8700,43,11,0,439,300,0,300,19,9,0,1,0,0,39,0,0,0,0,0,0,0,0,4,106,0,0,0,1,0,89,0,0,0,0,0,0,32,
19,10567,רעננה,8700,44,14,0,734,481,2,479,28,10,1,1,0,0,85,0,0,0,0,0,0,0,0,3,128,0,0,0,4,0,192,0,1,0,0,0,0,26,
19,10568,רעננה,8700,45,36,0,676,423,1,422,33,14,1,0,0,0,25,0,0,0,0,0,0,0,0,19,143,0,0,0,1,0,160,1,1,0,0,0,0,24,
19,10569,רעננה,8700,46,8,0,680,431,1,430,41,5,0,0,0,0,47,0,0,0,0,0,0,0,0,11,110,0,1,0,3,0,182,0,0,0,0,1,0,29,
19,10570,רעננה,8700,47,41,0,705,480,2,478,32,11,0,0,0,0,44,0,0,0,0,0,0,0,0,13,158,0,0,0,4,0,189,0,0,0,0,0,0,27,
19,10571,רעננה,8700,49,19,0,568,360,0,360,44,4,3,0,0,0,36,0,0,0,0,0,0,0,0,4,70,0,0,0,1,0,192,0,0,0,0,0,0,6,
19,10572,רעננה,8700,51,36,0,699,468,1,467,35,11,2,2,0,0,32,0,0,0,0,0,0,0,0,10,130,0,0,0,2,0,222,0,0,0,0,0,0,21,
19,10573,רעננה,8700,52,36,0,551,353,1,352,33,5,0,0,0,0,30,0,0,0,0,0,0,0,0,14,105,0,0,0,0,0,136,0,0,0,0,1,0,28,
19,10574,רעננה,8700,53.1,2,0,588,383,0,383,23,3,0,0,0,0,28,0,0,0,0,0,0,0,0,12,129,0,0,0,1,0,166,0,0,0,0,0,0,21,
19,10575,רעננה,8700,53.2,2,0,588,335,3,332,26,6,1,0,0,0,23,0,0,0,0,0,0,0,0,20,87,0,0,0,0,0,159,0,0,0,0,0,0,10,
19,10576,רעננה,8700,53.3,2,0,588,367,1,366,27,5,2,1,0,0,29,0,0,0,0,0,0,0,0,15,113,1,0,0,0,0,159,0,0,0,0,0,0,14,
19,10577,רעננה,8700,53.4,2,0,588,374,3,371,22,9,1,0,0,0,21,0,0,0,0,0,0,1,0,23,111,0,0,0,2,0,165,0,0,0,0,0,1,15,
19,10578,רעננה,8700,53.5,2,0,584,335,2,333,36,7,0,0,0,0,18,0,0,0,0,0,0,0,0,16,83,1,0,0,0,0,162,0,0,0,0,0,0,10,
19,10579,רעננה,8700,55.1,32,0,708,371,0,371,30,8,0,0,0,0,47,0,0,0,0,0,0,0,0,9,103,0,0,0,1,0,169,0,0,0,0,0,0,4,
19,10580,רעננה,8700,55.2,32,0,708,381,1,380,21,5,2,0,0,0,63,0,0,0,0,0,0,0,0,7,124,0,0,0,3,0,150,0,0,0,0,0,0,5,
19,10581,רעננה,8700,55.3,32,0,708,333,0,333,19,2,3,0,1,0,42,0,0,0,0,0,0,0,0,8,97,0,0,0,2,0,152,0,0,0,0,0,0,7,
19,10582,רעננה,8700,55.4,32,0,705,338,1,337,27,10,0,0,0,0,55,0,0,0,0,0,0,0,0,11,72,0,0,0,3,0,153,0,0,0,0,0,0,6,
19,10583,רעננה,8700,56,5,0,688,461,3,458,20,10,2,0,0,0,67,0,0,0,0,0,0,0,0,6,129,0,0,0,3,0,197,1,0,0,1,0,0,22,
19,10584,רעננה,8700,57,19,0,595,406,0,406,31,2,1,0,0,0,27,0,0,0,0,0,0,0,0,7,91,0,0,0,2,0,235,0,0,0,0,0,0,10,
19,10585,רעננה,8700,58,5,0,715,468,0,468,42,12,0,0,0,0,56,0,0,0,0,0,0,0,0,10,104,0,0,0,0,0,229,0,0,0,0,0,0,15,
19,10586,רעננה,8700,59,36,0,618,389,0,389,31,6,3,2,0,0,27,0,0,0,0,0,0,0,0,14,95,2,0,0,1,0,193,0,0,0,0,0,0,15,
19,10587,רעננה,8700,60,6,0,594,425,2,423,35,3,4,0,0,0,48,0,0,0,0,0,0,0,0,5,102,1,0,0,0,0,203,0,0,0,0,0,0,22,
19,10588,רעננה,8700,61,1,0,542,366,2,364,32,2,0,0,0,0,32,0,0,0,0,0,0,0,0,5,107,0,0,1,1,0,176,1,0,0,0,0,0,7,
19,10589,רעננה,8700,62,16,0,714,484,2,482,45,2,4,0,0,0,26,0,0,0,0,0,0,0,0,4,116,0,0,0,0,0,282,0,0,0,0,0,0,3,
19,10590,רעננה,8700,65,17,0,555,392,4,388,31,8,2,0,0,0,32,0,0,0,0,0,0,0,0,15,82,0,0,0,0,0,213,0,0,0,0,0,1,4,
19,10591,רעננה,8700,66,5,0,639,435,1,434,37,2,1,0,0,0,49,0,0,0,0,0,0,0,0,9,82,0,0,0,1,0,247,0,0,0,0,0,0,6,
19,10592,רעננה,8700,67,1,0,595,383,1,382,38,1,0,0,0,0,31,0,0,0,0,0,0,0,0,14,96,1,0,0,0,0,195,0,0,0,0,0,0,6,
19,10593,רעננה,8700,68,1,0,528,391,0,391,33,7,5,0,0,0,6,0,0,0,0,0,0,0,0,16,66,0,0,0,0,0,255,0,0,0,0,0,0,3,
19,10594,רעננה,8700,69,16,0,667,461,0,461,45,2,3,0,0,0,12,0,0,0,0,0,0,0,0,11,93,0,0,0,0,0,291,0,0,0,0,0,0,4,
19,10595,רעננה,8700,70,44,0,571,390,1,389,49,2,2,2,0,0,13,0,0,0,0,0,0,0,0,11,47,0,0,0,1,0,259,0,0,1,0,0,0,2,
19,10596,רעננה,8700,71,12,0,667,501,1,500,30,2,2,0,0,0,10,0,0,0,0,0,0,0,0,25,101,0,0,0,2,0,322,0,0,0,0,0,0,6,
19,10597,רעננה,8700,72.1,43,0,357,263,1,262,28,2,1,1,1,0,16,0,0,0,0,0,0,0,1,7,50,1,1,0,1,0,146,0,0,0,0,0,0,6,
19,10598,רעננה,8700,72.2,43,0,327,244,1,243,28,2,1,0,0,0,28,0,0,0,0,0,0,0,0,3,29,0,0,0,1,0,147,0,1,0,1,0,0,2,
19,10599,רעננה,8700,73,44,0,692,500,2,498,40,13,1,2,0,0,22,0,0,0,0,0,0,0,0,41,155,0,0,0,2,0,197,1,0,0,0,0,0,24,
19,10600,רעננה,8700,74,15,0,586,430,1,429,59,3,2,1,0,0,13,0,0,0,0,0,0,0,0,13,117,0,0,0,0,0,212,0,0,0,0,0,0,9,
19,10601,רעננה,8700,78,44,0,645,522,3,519,38,9,0,0,0,0,12,0,0,0,0,0,0,0,0,25,127,0,0,0,3,0,294,0,0,0,0,0,0,11,
19,10602,רעננה,8700,79,12,0,678,489,1,488,52,3,2,0,0,0,14,0,0,0,0,1,0,0,0,12,114,0,0,0,0,0,281,0,0,0,0,1,0,8,
19,10603,רעננה,8700,80,9,0,728,501,2,499,35,21,2,0,0,0,55,0,0,0,0,0,0,0,0,10,183,0,0,0,2,0,146,0,0,0,0,0,0,45,
19,10604,רעננה,8700,81,18,0,584,398,1,397,34,6,0,2,0,0,29,0,0,0,0,0,0,0,0,22,115,0,0,0,1,0,166,0,0,0,0,0,0,22,
19,10605,רעננה,8700,83,1,0,493,360,1,359,38,4,0,0,0,0,18,0,0,0,0,0,0,0,0,7,73,2,0,0,1,1,213,0,0,0,0,0,0,2,
19,10606,רעננה,8700,84,8,0,499,341,2,339,27,10,4,0,0,0,27,0,0,0,0,0,0,0,0,10,119,0,0,0,1,0,104,0,0,0,0,0,0,37,
19,10607,רעננה,8700,85,16,0,539,374,1,373,25,1,2,0,0,0,15,0,0,0,0,0,0,0,0,4,72,0,0,0,0,0,246,0,0,0,0,0,0,8,
19,10608,רעננה,8700,86,44,0,609,437,1,436,45,1,2,1,0,0,8,0,0,0,0,0,0,0,0,17,73,0,0,0,0,0,288,0,0,0,0,0,0,1,
19,10609,רעננה,8700,87,14,0,485,335,0,335,26,9,2,1,0,0,80,0,0,0,0,0,0,0,0,4,93,0,0,0,1,0,103,0,0,0,0,0,0,16,
19,10610,רעננה,8700,88,37,0,590,393,1,392,43,8,1,0,1,0,28,1,0,0,0,0,0,0,0,7,80,0,0,0,1,0,215,0,0,0,0,1,0,6,
19,10611,רעננה,8700,89,20,0,559,340,2,338,14,13,0,1,0,0,39,0,0,0,0,0,0,0,0,4,117,0,0,0,3,0,110,0,0,0,0,0,0,37,
19,10612,רעננה,8700,90.1,35,0,656,455,0,455,27,9,1,0,0,0,85,0,0,0,0,0,0,0,0,4,125,0,0,0,0,0,180,0,0,0,0,0,0,24,
19,10613,רעננה,8700,90.2,35,0,656,447,2,445,28,5,2,0,0,0,92,0,0,0,0,0,0,0,0,4,124,0,0,0,1,0,175,0,0,0,0,0,0,14,
19,10614,רעננה,8700,90.3,35,0,656,445,0,445,26,1,2,1,0,0,74,0,0,0,0,0,0,0,0,7,122,0,0,0,1,0,195,0,0,0,0,0,0,16,
19,10615,רעננה,8700,90.4,35,0,656,454,1,453,28,5,0,0,0,0,73,0,0,0,0,0,0,0,0,7,128,0,0,0,1,0,200,0,0,0,0,0,0,11,
19,10616,רעננה,8700,90.5,35,0,656,447,1,446,27,2,0,1,0,0,73,0,0,0,0,0,0,0,0,4,131,0,0,0,1,0,197,0,0,0,0,0,0,10,
19,10617,רעננה,8700,90.6,35,0,656,466,2,464,25,5,0,1,0,0,90,0,0,0,0,0,0,0,0,5,122,0,0,0,0,0,208,0,0,0,0,0,0,8,
19,10618,רעננה,8700,90.7,35,0,656,476,0,476,28,10,0,0,0,0,75,0,0,0,0,0,0,0,0,10,115,0,0,0,5,0,220,0,0,0,0,0,0,13,
19,10619,רעננה,8700,92,37,1,657,458,4,454,34,5,1,0,0,0,38,0,0,0,0,0,0,0,0,19,88,0,0,0,0,0,256,0,0,0,0,0,0,13,
19,10620,רעננה,8700,93,6,0,719,497,0,497,43,8,2,0,0,0,67,0,0,0,0,0,0,0,0,22,121,0,0,0,1,0,206,0,0,0,0,0,0,27,
19,10621,רעננה,8700,94,7,0,487,309,1,308,8,5,0,0,0,0,48,0,0,0,0,0,0,0,0,4,101,1,0,0,0,0,122,0,0,0,0,1,0,18,
19,10622,רעננה,8700,95,17,0,675,425,1,424,35,4,2,0,0,0,21,0,0,0,0,0,0,0,0,8,90,0,0,0,0,0,250,0,0,0,0,0,0,14,
19,10623,רעננה,8700,96,42,0,601,449,2,447,33,4,1,0,0,0,24,0,0,0,0,0,0,0,0,15,98,0,0,0,1,0,268,0,0,0,0,0,0,3,
19,10624,רעננה,8700,97,42,0,715,523,1,522,44,3,0,1,0,0,36,0,0,0,0,0,1,0,0,17,134,0,0,0,1,0,280,0,0,0,0,0,0,5,
19,10625,רעננה,8700,98,42,0,643,490,0,490,38,0,1,0,0,0,13,0,0,0,0,0,0,0,0,13,125,0,0,0,1,0,289,0,0,0,0,0,0,10,
19,10626,רעננה,8700,99,45,0,530,412,0,412,24,1,0,1,0,0,17,0,0,0,0,0,0,0,0,19,71,0,0,0,1,0,265,0,0,0,0,0,0,13,
19,10627,רעננה,8700,100,19,0,621,423,1,422,37,12,2,2,0,0,49,0,0,0,0,0,0,0,0,16,115,0,0,0,1,0,160,0,0,0,0,0,0,28,
19,10628,רעננה,8700,102,46,1,607,476,5,471,27,2,0,1,0,0,19,0,0,0,0,0,0,0,0,11,116,0,0,0,1,0,286,0,0,0,0,0,0,8,
19,10629,רעננה,8700,103,45,0,665,540,0,540,26,1,0,0,0,0,30,0,0,0,0,0,0,0,0,22,148,1,0,0,1,0,299,0,0,0,0,0,0,12,
19,10630,רעננה,8700,104,46,0,630,518,5,513,34,2,2,0,0,0,19,0,0,0,0,0,0,0,0,25,143,0,0,0,0,0,281,0,0,0,0,0,0,7,
19,10631,רעננה,8700,107,17,0,556,418,0,418,29,3,1,0,0,0,27,0,0,0,0,0,0,0,0,8,101,0,0,0,0,0,236,0,0,0,0,1,0,12,
17,9215,שדה דוד,36,1,1,0,423,333,1,332,14,2,1,0,0,0,10,0,0,0,0,0,0,0,0,3,191,1,0,0,0,0,65,1,0,0,0,0,0,44,
13,6575,שדמה,555,1,1,0,381,277,0,277,34,0,8,2,0,0,7,0,0,0,0,0,0,0,0,6,25,0,0,0,0,0,195,0,0,0,0,0,0,0,
17,9081,שדרות,1031,1,20,0,711,537,3,534,63,8,6,0,0,0,61,0,0,0,0,0,0,0,0,22,264,0,0,0,5,0,54,0,0,1,0,0,0,50,
17,9082,שדרות,1031,2,3,0,737,516,3,513,15,7,2,0,0,0,165,0,0,0,0,0,0,0,0,28,187,0,0,0,11,0,25,0,0,0,0,0,0,73,
17,9083,שדרות,1031,3.1,4,0,633,393,5,388,25,9,0,1,0,0,27,0,0,0,0,0,0,0,0,10,190,1,0,0,5,0,45,0,0,0,0,0,1,74,
17,9084,שדרות,1031,3.2,4,0,633,397,2,395,20,4,0,0,0,0,29,0,0,0,0,0,0,0,1,21,201,0,0,0,4,0,49,0,0,0,0,0,0,66,
17,9085,שדרות,1031,3.3,4,0,633,383,4,379,25,3,0,0,0,0,26,0,0,0,0,0,0,0,0,24,205,0,0,0,8,0,38,3,0,0,1,0,0,46,
17,9086,שדרות,1031,3.4,4,0,631,364,1,363,21,6,6,0,0,0,16,0,0,0,0,0,0,0,0,38,203,0,0,0,4,0,37,1,0,0,0,0,0,31,
17,9087,שדרות,1031,4,5,0,758,507,3,504,46,23,1,1,0,0,29,0,0,0,0,0,0,0,0,15,248,0,0,0,2,0,50,0,0,0,0,1,0,88,
17,9088,שדרות,1031,5,6,0,684,439,6,433,33,4,2,0,0,0,28,0,0,0,0,0,0,0,0,64,192,0,1,0,1,0,46,0,0,1,1,0,0,60,
17,9089,שדרות,1031,6,7,0,715,433,3,430,16,18,0,0,0,0,50,0,0,0,0,0,0,0,0,24,220,0,0,0,6,0,22,1,0,0,0,0,0,73,
17,9090,שדרות,1031,7,12,0,703,415,3,412,10,11,1,0,0,0,24,0,0,0,0,0,0,0,0,43,209,0,0,0,9,0,30,1,0,0,0,0,0,74,
17,9091,שדרות,1031,8,12,0,645,368,3,365,20,8,2,2,0,0,33,0,0,0,0,0,0,0,0,35,173,0,0,0,3,0,25,0,0,2,0,0,0,62,
17,9092,שדרות,1031,10,16,1,562,310,4,306,10,2,1,1,0,0,13,0,0,0,0,0,0,0,0,44,183,0,0,0,1,0,26,0,0,0,0,0,0,25,
17,9093,שדרות,1031,12,12,0,545,303,2,301,5,4,0,0,0,0,7,0,0,1,0,0,0,0,0,67,153,0,0,0,6,0,37,2,1,0,0,0,0,18,
17,9094,שדרות,1031,13,16,0,760,464,4,460,24,3,0,0,0,0,16,0,0,0,0,1,0,0,0,88,245,0,0,0,4,0,48,0,0,1,0,0,1,29,
17,9095,שדרות,1031,14,16,0,661,405,4,401,10,1,0,1,0,0,9,0,0,0,0,0,0,0,0,86,233,0,0,0,2,0,24,0,0,0,0,0,0,35,
17,9096,שדרות,1031,15,22,0,680,501,0,501,11,7,0,0,0,0,15,0,0,0,0,0,0,0,0,63,313,1,1,0,7,0,51,1,0,0,0,0,0,31,
17,9097,שדרות,1031,16,11,0,610,488,3,485,14,10,0,0,0,0,63,0,0,0,0,0,0,0,0,9,281,0,0,0,9,0,37,0,0,0,0,0,0,62,
17,9098,שדרות,1031,18,16,0,612,361,4,357,5,4,1,0,0,0,9,0,0,0,0,1,0,0,0,72,214,0,0,0,2,0,31,2,0,0,0,0,0,16,
17,9099,שדרות,1031,20,9,0,578,289,7,282,12,4,1,0,0,0,26,0,0,0,0,0,0,0,0,47,132,1,0,0,1,0,22,0,0,0,1,0,1,34,
17,9100,שדרות,1031,21,16,0,586,384,4,380,7,8,0,0,0,0,15,0,0,0,0,0,0,0,0,48,175,0,0,0,4,0,22,0,0,0,0,0,0,101,
17,9101,שדרות,1031,22,11,0,643,518,5,513,19,7,1,2,0,0,110,0,0,0,0,0,0,0,0,23,244,0,0,0,12,0,36,0,0,0,0,0,0,59,
17,9102,שדרות,1031,23.1,24,0,656,419,9,410,10,0,6,0,0,0,26,1,0,0,0,0,0,0,0,77,208,0,0,0,5,0,34,0,0,0,0,0,0,43,
17,9103,שדרות,1031,23.2,24,0,655,365,1,364,10,6,0,0,0,0,21,0,0,0,0,0,0,0,1,86,145,1,0,0,4,0,43,0,1,0,0,0,0,46,
17,9104,שדרות,1031,24,22,0,579,390,1,389,10,2,0,0,0,0,42,0,0,0,0,0,0,0,0,25,202,0,0,0,3,0,48,1,0,0,0,0,0,56,
17,9105,שדרות,1031,25,12,1,562,383,2,381,20,2,0,0,0,0,16,0,0,0,0,0,0,0,0,39,229,0,0,0,0,1,41,0,0,0,0,0,0,33,
17,9106,שדרות,1031,26,11,0,711,530,2,528,16,5,1,2,0,0,124,0,0,0,0,0,0,0,0,30,259,0,0,0,4,0,54,0,0,0,0,0,0,33,
17,9107,שדרות,1031,27,23,0,747,553,0,553,19,21,0,0,0,0,124,0,0,0,0,0,0,0,0,35,260,1,0,0,1,0,36,1,0,0,0,0,0,55,
17,9108,שדרות,1031,28,22,0,630,437,0,437,23,10,0,1,0,0,44,0,0,0,0,0,0,0,0,34,236,2,0,0,5,0,40,0,0,0,0,0,0,42,
17,9109,שדרות,1031,29,22,0,587,371,7,364,7,2,0,0,0,0,5,0,0,0,0,0,0,0,0,74,231,0,1,0,4,0,30,0,0,0,0,0,0,10,
17,9110,שדרות,1031,30,6,0,586,338,2,336,12,8,0,0,0,0,64,0,0,1,0,0,0,0,0,30,167,0,0,0,3,0,21,0,0,0,0,0,0,30,
17,9111,שדרות,1031,31,16,0,627,506,2,504,25,5,0,0,0,0,53,0,0,0,0,0,0,0,0,47,240,0,0,0,7,0,83,0,0,1,0,0,0,43,
17,9112,שדרות,1031,32,22,0,603,446,0,446,16,10,0,0,0,0,74,0,0,0,0,0,0,0,0,38,219,0,0,0,0,0,42,0,0,0,0,0,0,47,
18,9456,שובה,761,1,1,0,419,340,0,340,1,5,0,0,0,0,63,0,0,0,0,0,0,0,0,0,226,1,0,0,4,0,11,1,0,0,0,0,0,28,
5,2008,שמשית,1337,1,2,0,567,418,0,418,76,2,1,0,0,0,13,0,0,0,0,0,0,0,0,9,53,0,0,0,0,0,262,0,0,0,0,0,0,2,
5,2009,שמשית,1337,2,2,0,613,454,0,454,65,0,1,0,0,0,14,0,0,0,0,0,0,0,0,7,64,0,0,0,0,0,299,0,1,0,0,0,0,3,
5,2010,שמשית,1337,3,2,0,651,479,0,479,81,3,0,0,0,0,9,0,0,0,0,0,0,0,0,8,38,0,0,0,0,0,339,1,0,0,0,0,0,0,
4,1395,שער הגולן,264,1,1,0,490,365,0,365,106,0,2,0,0,0,4,0,0,0,0,0,0,0,0,3,21,0,1,0,1,1,225,0,0,0,0,0,0,1,
5,2011,שריד,126,1,1,0,384,283,0,283,88,1,3,0,0,0,5,0,0,0,0,0,0,0,0,9,15,0,0,0,0,0,160,1,0,0,0,0,0,1,
5,2012,שריד,126,2,1,0,370,256,0,256,69,2,1,1,0,0,2,0,0,0,0,0,0,0,0,3,13,1,0,0,0,0,163,0,0,0,0,0,0,1,
14,6576,תל אביב  יפו,5000,1,86,0,541,378,1,377,34,0,6,0,0,0,5,0,0,0,0,0,0,0,0,15,48,0,0,0,0,0,267,0,0,0,0,0,0,2,
14,6577,תל אביב  יפו,5000,3,86,0,623,448,2,446,52,0,4,1,0,0,6,0,0,0,0,0,0,0,0,9,68,0,0,0,0,0,303,0,0,0,0,0,0,3,
14,6578,תל אביב  יפו,5000,4,63,0,746,482,0,482,51,3,6,0,0,0,11,0,0,0,0,0,0,0,0,25,122,1,0,0,3,0,240,0,0,1,0,0,0,19,
14,6579,תל אביב  יפו,5000,5,36,0,543,359,1,358,61,0,10,0,0,0,8,0,0,0,0,0,0,0,0,6,71,0,0,0,1,0,190,1,0,0,0,0,0,10,
14,6580,תל אביב  יפו,5000,6,171,0,682,379,0,379,47,2,3,0,0,0,2,0,0,0,0,0,0,0,0,40,125,0,0,0,0,0,141,0,0,0,0,0,0,19,
14,6581,תל אביב  יפו,5000,8,173,0,632,453,0,453,65,6,6,0,0,0,13,0,0,0,0,0,0,0,0,14,122,0,1,0,2,0,209,0,0,0,0,0,0,15,
14,6582,תל אביב  יפו,5000,9,173,0,563,413,0,413,58,7,10,0,0,0,9,0,0,0,0,0,0,0,0,6,83,0,1,0,1,0,228,0,0,0,0,0,0,10,
14,6583,תל אביב  יפו,5000,10,252,0,581,448,0,448,58,0,8,0,0,0,8,0,0,0,0,0,0,0,0,16,50,0,0,0,0,0,307,0,0,0,0,0,0,1,
14,6584,תל אביב  יפו,5000,11,66,0,721,518,1,517,46,1,5,0,0,0,19,0,0,0,0,0,0,0,0,9,84,0,0,0,0,0,348,0,0,0,0,0,0,5,
14,6585,תל אביב  יפו,5000,12,122,0,619,453,1,452,76,2,7,2,0,0,10,0,0,0,1,0,0,0,0,5,94,0,0,0,1,0,247,0,0,0,0,0,0,7,
14,6586,תל אביב  יפו,5000,13,63,0,711,364,1,363,41,2,3,0,0,0,9,0,0,0,0,0,0,0,0,42,108,0,0,0,3,0,129,0,0,0,0,0,0,26,
14,6587,תל אביב  יפו,5000,14,172,0,555,331,6,325,26,2,2,0,0,0,8,0,0,0,0,0,0,0,0,22,98,1,0,0,0,0,143,0,0,0,0,0,0,23,
14,6588,תל אביב  יפו,5000,15,172,0,669,388,5,383,19,5,7,0,0,0,8,1,1,0,0,0,0,0,0,29,116,0,0,0,1,0,163,1,0,0,0,0,0,32,
14,6589,תל אביב  יפו,5000,16,171,0,585,362,1,361,39,3,2,0,0,0,5,0,0,0,0,0,2,0,0,33,110,0,0,0,1,0,150,0,0,0,0,0,0,16,
14,6590,תל אביב  יפו,5000,17,171,0,705,408,4,404,43,4,1,1,0,0,15,0,0,0,0,0,0,0,0,30,126,0,0,0,0,0,161,1,0,0,0,0,0,22,
14,6591,תל אביב  יפו,5000,18,227,0,709,554,0,554,60,2,2,0,0,0,6,0,0,0,0,0,0,0,0,11,63,0,0,0,0,0,409,0,0,0,0,0,0,1,
14,6592,תל אביב  יפו,5000,19.1,121,0,608,418,2,416,58,0,1,0,0,0,1,0,0,0,0,0,0,0,0,10,71,0,0,0,0,0,271,1,0,0,0,0,0,3,
14,6593,תל אביב  יפו,5000,19.2,121,0,608,467,1,466,55,2,3,0,0,0,5,0,0,0,0,0,0,0,0,16,60,0,0,0,0,0,322,0,0,0,0,0,0,3,
14,6594,תל אביב  יפו,5000,19.3,121,1,608,463,3,460,60,0,4,0,0,0,4,0,0,0,0,0,0,0,0,16,85,0,0,0,0,0,284,0,0,0,0,0,0,7,
14,6595,תל אביב  יפו,5000,19.4,121,0,608,453,0,453,59,2,3,0,0,0,7,0,0,0,0,0,0,0,0,7,71,0,0,0,0,0,301,0,0,0,0,0,0,3,
14,6596,תל אביב  יפו,5000,19.5,121,0,608,448,0,448,67,1,6,0,0,0,5,0,0,0,0,0,0,0,0,8,69,0,0,0,1,0,289,0,0,0,0,0,0,2,
14,6597,תל אביב  יפו,5000,19.6,121,0,607,455,2,453,69,1,6,1,0,0,11,0,0,0,0,0,0,0,0,6,61,2,0,1,0,0,295,0,0,0,0,0,0,0,
14,6598,תל אביב  יפו,5000,20,171,0,591,400,2,398,32,3,1,0,0,0,8,0,0,0,0,0,0,0,0,18,121,0,0,0,1,0,196,0,0,0,0,0,0,18,
14,6599,תל אביב  יפו,5000,21,63,0,672,602,2,600,4,494,2,0,0,0,4,0,0,0,0,0,0,0,0,2,12,0,0,0,5,0,19,0,0,0,0,0,0,58,
14,6600,תל אביב  יפו,5000,23,227,0,696,522,1,521,63,0,6,0,0,0,11,0,0,0,0,0,0,0,0,6,80,0,0,0,0,0,351,2,0,0,0,0,0,2,
14,6601,תל אביב  יפו,5000,24,66,0,745,575,0,575,90,2,4,0,0,0,6,0,0,0,0,0,0,0,0,17,71,0,0,0,2,0,382,0,0,0,0,0,0,1,
14,6602,תל אביב  יפו,5000,25,66,0,642,479,3,476,71,2,5,1,0,0,7,0,0,0,0,0,0,0,0,8,79,0,0,0,0,0,302,0,0,0,0,0,0,1,
14,6603,תל אביב  יפו,5000,26,66,0,765,600,1,599,80,0,6,1,0,0,13,0,0,0,0,0,0,0,0,12,93,0,0,0,1,0,390,0,0,0,0,0,0,3,
14,6604,תל אביב  יפו,5000,27,66,0,671,505,0,505,61,2,3,0,0,0,6,0,0,0,0,0,0,0,0,12,85,0,0,0,0,0,334,0,0,0,0,0,0,2,
14,6605,תל אביב  יפו,5000,28,66,0,720,521,0,521,80,0,2,1,0,0,14,0,0,0,0,0,0,0,0,13,90,0,0,0,2,0,312,1,0,0,0,0,0,6,
14,6606,תל אביב  יפו,5000,29,170,0,685,434,1,433,68,1,4,2,0,0,9,0,0,0,0,0,0,0,0,12,107,0,0,0,0,0,218,0,0,1,0,0,0,11,
14,6607,תל אביב  יפו,5000,30,170,0,489,370,3,367,75,7,5,2,0,0,7,0,0,0,0,0,0,0,0,8,68,0,0,0,0,0,189,0,0,0,0,0,0,6,
14,6608,תל אביב  יפו,5000,31,11,1,742,577,4,573,74,1,3,1,0,0,9,0,0,0,0,0,0,0,0,17,76,0,0,0,0,0,388,0,0,0,0,0,0,4,
14,6609,תל אביב  יפו,5000,32,36,0,779,539,0,539,84,7,10,1,0,0,3,0,0,0,0,0,0,0,0,11,94,0,0,0,4,0,316,0,0,0,0,0,0,9,
14,6610,תל אביב  יפו,5000,33,36,0,557,417,1,416,80,4,12,0,0,0,12,0,0,0,0,0,0,0,0,10,69,0,0,0,1,0,221,0,0,0,0,0,0,7,
14,6611,תל אביב  יפו,5000,34,36,0,702,493,2,491,103,4,11,1,0,0,7,0,0,0,0,0,0,0,0,17,88,1,0,0,0,0,248,0,0,0,0,0,1,10,
14,6612,תל אביב  יפו,5000,35,36,0,687,438,1,437,69,3,3,0,0,0,12,0,0,0,0,0,0,0,0,10,141,2,0,0,3,0,178,0,0,0,0,0,1,15,
14,6613,תל אביב  יפו,5000,36,170,0,598,439,0,439,78,6,7,1,0,0,17,0,0,0,0,0,1,0,0,8,85,0,0,0,1,0,231,0,0,0,0,0,0,4,
14,6614,תל אביב  יפו,5000,37,56,0,770,559,6,553,177,2,20,1,0,0,6,0,0,0,0,0,0,0,0,5,49,0,0,0,1,0,290,0,0,0,0,0,0,2,
14,6615,תל אביב  יפו,5000,38,56,0,743,531,1,530,109,3,17,0,0,0,4,0,0,0,0,0,0,0,0,7,48,1,0,0,1,0,340,0,0,0,0,0,0,0,
14,6616,תל אביב  יפו,5000,39,10,0,698,473,1,472,54,1,8,0,0,0,10,0,0,0,0,0,0,0,0,12,92,0,0,1,1,0,290,0,0,0,0,0,0,3,
14,6617,תל אביב  יפו,5000,40,218,0,794,633,3,630,69,1,4,1,0,0,14,0,0,0,0,0,0,0,0,18,108,0,0,0,1,0,410,0,0,0,0,0,0,4,
14,6618,תל אביב  יפו,5000,41,56,0,670,491,1,490,104,2,5,0,0,0,4,0,0,0,0,0,0,0,0,5,63,0,0,0,0,0,306,0,0,0,0,0,0,1,
14,6619,תל אביב  יפו,5000,42,10,0,566,430,1,429,74,0,4,1,0,0,8,0,0,0,0,0,0,0,0,10,39,0,0,0,0,0,293,0,0,0,0,0,0,0,
14,6620,תל אביב  יפו,5000,43,10,0,680,513,1,512,74,1,9,1,0,0,14,0,0,0,0,0,0,0,0,12,77,0,0,0,3,0,317,0,0,0,0,0,0,4,
14,6621,תל אביב  יפו,5000,44,11,0,580,411,0,411,60,1,5,0,0,0,11,0,0,0,0,0,0,0,0,16,52,2,0,0,0,0,259,0,0,0,0,0,0,5,
14,6622,תל אביב  יפו,5000,45,11,0,496,334,0,334,30,0,2,0,0,0,11,0,0,0,0,0,0,0,0,3,61,0,0,0,0,0,224,0,0,0,0,0,0,3,
14,6623,תל אביב  יפו,5000,46,170,0,700,527,2,525,70,1,6,2,0,0,14,0,0,0,0,0,0,0,0,8,125,0,0,0,0,0,287,0,0,0,0,0,0,12,
14,6624,תל אביב  יפו,5000,47,10,0,556,400,0,400,42,1,1,0,0,0,4,0,0,0,0,0,0,0,0,6,62,0,0,0,1,0,282,0,0,0,0,0,0,1,
14,6625,תל אביב  יפו,5000,48,11,0,724,541,0,541,68,0,6,0,0,0,11,0,0,0,0,0,0,0,0,14,80,0,0,0,1,0,357,0,0,0,0,0,0,4,
14,6626,תל אביב  יפו,5000,49,11,0,586,434,3,431,58,2,1,0,0,0,5,0,0,0,0,0,0,0,0,12,76,0,0,0,1,0,275,0,0,0,0,0,0,1,
14,6627,תל אביב  יפו,5000,50,236,0,678,497,0,497,31,0,3,0,0,0,7,0,0,0,0,0,0,0,0,15,113,1,0,0,0,0,324,0,0,1,0,0,0,2,
14,6628,תל אביב  יפו,5000,51,8,0,700,496,3,493,68,1,3,0,0,0,12,0,0,0,0,0,0,0,0,16,59,1,0,0,0,0,330,0,0,0,0,0,0,3,
14,6629,תל אביב  יפו,5000,52,8,0,675,461,3,458,53,1,2,1,0,0,9,0,0,0,0,0,0,0,0,9,80,0,0,0,0,0,300,0,0,0,0,0,0,3,
14,6630,תל אביב  יפו,5000,53,163,0,762,508,3,505,63,2,4,0,0,0,15,0,0,0,0,0,0,0,0,13,65,1,0,0,0,0,335,0,0,0,0,0,0,7,
14,6631,תל אביב  יפו,5000,54,8,0,650,499,2,497,51,1,2,0,0,0,9,0,0,0,0,0,0,0,0,13,134,0,0,0,1,0,283,0,0,0,0,0,0,3,
14,6632,תל אביב  יפו,5000,55,8,0,622,402,3,399,43,6,4,0,0,0,6,0,0,0,0,0,0,0,0,17,64,0,0,0,0,0,257,0,0,0,0,0,0,2,
14,6633,תל אביב  יפו,5000,56.1,28,0,613,415,1,414,36,0,2,0,0,0,11,0,0,0,0,0,0,0,0,14,95,0,0,0,0,0,249,0,0,0,0,0,0,7,
14,6634,תל אביב  יפו,5000,56.2,28,0,613,439,0,439,30,5,4,0,0,0,13,0,0,0,0,0,0,0,0,21,101,1,0,0,0,0,259,0,0,0,0,0,0,5,
14,6635,תל אביב  יפו,5000,56.3,28,0,613,424,1,423,36,0,1,0,0,0,6,0,0,0,0,0,0,0,0,10,97,0,0,0,1,0,268,0,0,0,0,0,0,4,
14,6636,תל אביב  יפו,5000,56.4,28,0,612,444,1,443,33,0,5,0,0,0,8,0,0,0,0,0,0,0,0,10,97,0,0,0,0,0,284,0,0,0,0,0,0,6,
14,6637,תל אביב  יפו,5000,57,8,0,664,486,1,485,60,4,3,0,0,0,19,0,0,0,0,0,0,0,0,13,100,0,0,0,3,0,275,0,1,0,0,0,0,7,
14,6638,תל אביב  יפו,5000,58,238,0,749,551,1,550,35,4,0,0,1,0,7,0,0,0,0,0,0,0,0,12,129,0,0,0,0,0,360,0,0,0,0,0,0,2,
14,6639,תל אביב  יפו,5000,59.1,6,0,673,482,4,478,53,1,9,0,0,0,8,0,0,0,0,0,0,0,0,12,94,0,0,0,0,0,296,0,0,0,0,0,0,5,
14,6640,תל אביב  יפו,5000,59.2,6,0,673,474,0,474,52,1,4,0,0,0,9,0,0,0,0,0,0,0,0,20,76,0,0,0,1,0,308,0,0,1,0,0,0,2,
14,6641,תל אביב  יפו,5000,59.3,6,0,673,491,1,490,75,4,6,0,0,0,15,0,0,0,0,0,0,0,0,12,82,0,0,0,0,0,296,0,0,0,0,0,0,0,
14,6642,תל אביב  יפו,5000,59.4,6,0,673,483,2,481,54,1,10,0,0,0,13,0,0,0,0,0,0,0,0,8,90,0,0,0,0,0,304,0,0,0,0,0,0,1,
14,6643,תל אביב  יפו,5000,59.5,6,0,673,475,2,473,53,3,9,0,0,0,7,0,0,0,0,0,0,0,0,11,83,0,0,0,0,0,305,0,0,0,0,0,0,2,
14,6644,תל אביב  יפו,5000,59.6,6,0,673,467,1,466,64,1,7,0,0,0,10,0,0,0,0,0,0,0,0,11,76,0,0,0,1,0,294,0,0,0,0,0,0,2,
14,6645,תל אביב  יפו,5000,59.7,6,0,669,475,0,475,59,3,3,1,0,0,5,0,0,0,0,0,0,0,0,13,75,0,0,0,0,0,311,0,0,0,0,0,0,5,
14,6646,תל אביב  יפו,5000,60,111,0,681,449,0,449,94,4,16,1,0,0,8,0,0,0,0,0,0,0,0,12,55,0,0,0,0,0,252,0,0,0,0,0,0,7,
14,6647,תל אביב  יפו,5000,62.1,13,0,685,474,2,472,91,3,3,1,0,0,11,0,0,0,0,0,0,1,0,7,56,0,0,0,0,0,297,0,0,0,0,0,0,2,
14,6648,תל אביב  יפו,5000,62.2,13,0,685,506,0,506,89,7,8,0,0,0,6,0,0,0,0,0,0,0,0,3,66,0,0,0,0,0,324,0,0,0,0,0,0,3,
14,6649,תל אביב  יפו,5000,62.3,13,0,685,450,0,450,78,8,4,1,0,0,5,0,0,0,0,0,0,0,0,5,58,0,1,0,1,0,285,0,0,0,0,0,0,4,
14,6650,תל אביב  יפו,5000,62.4,13,0,685,452,0,452,83,4,5,0,0,0,7,0,0,0,0,0,0,0,0,10,56,1,0,0,1,0,278,1,0,0,0,0,0,6,
14,6651,תל אביב  יפו,5000,62.5,13,1,685,466,1,465,74,2,7,0,0,0,9,0,0,0,0,0,0,1,0,11,80,0,0,0,0,0,278,0,0,0,0,0,0,3,
14,6652,תל אביב  יפו,5000,62.6,13,0,685,443,0,443,72,1,10,1,0,0,8,0,0,0,0,0,0,0,0,10,63,0,0,0,2,0,271,1,0,0,0,0,0,4,
14,6653,תל אביב  יפו,5000,62.7,13,0,685,474,1,473,81,1,8,1,0,0,7,0,0,0,0,0,0,0,0,11,58,0,0,0,0,0,305,0,0,0,0,0,0,1,
14,6654,תל אביב  יפו,5000,62.8,13,0,685,450,0,450,57,2,12,0,0,0,7,0,0,0,0,0,0,0,0,10,66,0,0,0,2,0,294,0,0,0,0,0,0,0,
14,6655,תל אביב  יפו,5000,62.9,13,0,679,474,0,474,83,4,7,0,0,0,14,0,0,0,0,0,0,0,0,10,75,0,0,0,0,0,279,0,0,0,0,0,0,2,
14,6656,תל אביב  יפו,5000,65,162,0,592,372,1,371,103,1,19,0,0,0,11,0,0,0,0,0,0,0,0,4,27,0,0,0,0,0,199,0,0,0,0,0,0,7,
14,6657,תל אביב  יפו,5000,66,16,0,529,237,1,236,50,3,8,0,0,0,2,0,0,0,0,0,0,0,0,6,26,1,0,0,0,0,139,0,0,0,0,0,0,1,
14,6659,תל אביב  יפו,5000,68,112,0,465,304,1,303,53,2,8,0,0,0,6,0,0,0,0,0,0,0,0,5,30,0,0,0,1,0,197,0,0,0,0,0,0,1,
14,6660,תל אביב  יפו,5000,69,111,0,695,450,1,449,88,3,10,3,0,0,6,0,0,0,0,0,0,0,0,14,44,0,0,0,1,0,274,0,0,0,0,0,0,6,
14,6661,תל אביב  יפו,5000,70,7,0,772,493,0,493,111,2,18,0,0,0,10,0,0,0,0,0,0,0,0,10,72,0,0,0,0,0,268,0,0,0,0,0,0,2,
14,6662,תל אביב  יפו,5000,71,107,0,547,324,1,323,71,3,6,0,0,0,7,0,0,0,0,0,0,0,0,1,41,0,0,0,0,0,194,0,0,0,0,0,0,0,
14,6663,תל אביב  יפו,5000,72,162,0,637,167,0,167,27,1,1,0,0,0,4,0,0,0,0,0,0,0,0,14,40,0,0,0,0,0,79,0,0,0,0,0,0,1,
14,6664,תל אביב  יפו,5000,73,261,0,614,336,5,331,83,0,9,0,0,0,2,0,0,0,0,0,0,0,1,5,36,1,0,0,0,0,192,0,0,1,0,0,0,1,
14,6665,תל אביב  יפו,5000,74,7,0,622,436,0,436,70,1,9,0,1,0,10,0,0,0,0,0,0,0,1,9,68,0,0,1,0,0,263,0,0,0,0,0,0,3,
14,6666,תל אביב  יפו,5000,75,16,0,588,318,0,318,64,5,31,0,0,0,9,0,0,0,0,0,0,0,0,8,58,0,0,0,0,0,143,0,0,0,0,0,0,0,
14,6667,תל אביב  יפו,5000,76,16,0,593,393,1,392,90,5,26,1,0,0,4,0,0,0,0,0,0,0,0,6,47,0,0,0,0,0,212,0,0,0,0,0,0,1,
14,6668,תל אביב  יפו,5000,78,16,0,578,386,0,386,86,2,13,0,0,0,4,0,0,0,0,0,0,0,0,7,45,0,0,0,0,0,228,0,0,0,0,0,0,1,
14,6669,תל אביב  יפו,5000,79,16,0,687,355,1,354,54,1,13,0,0,0,4,0,0,0,0,0,0,0,0,14,49,0,0,0,0,0,214,0,1,0,0,0,0,4,
14,6670,תל אביב  יפו,5000,81,16,0,596,441,2,439,68,0,8,0,0,0,10,0,0,0,0,0,0,0,0,10,67,0,0,0,3,0,272,0,0,0,0,0,0,1,
14,6671,תל אביב  יפו,5000,83,112,0,582,405,1,404,86,2,2,0,0,0,1,1,0,0,0,0,0,0,0,10,37,0,0,0,1,0,264,0,0,0,0,0,0,0,
14,6672,תל אביב  יפו,5000,85,71,0,640,467,0,467,34,2,2,0,0,0,9,0,0,0,0,0,0,0,0,16,88,0,0,0,0,0,315,0,0,1,0,0,0,0,
14,6673,תל אביב  יפו,5000,89,71,1,585,421,1,420,62,4,5,1,0,0,10,0,0,0,0,0,0,0,0,5,61,0,0,0,2,0,269,1,0,0,0,0,0,0,
14,6674,תל אביב  יפו,5000,90,16,0,640,444,3,441,62,3,8,0,0,0,9,0,0,0,0,0,0,0,0,16,41,0,0,0,1,0,300,0,0,0,0,0,0,1,
14,6675,תל אביב  יפו,5000,91,112,0,609,413,0,413,77,1,6,0,0,0,12,0,0,0,0,0,0,0,0,12,74,0,0,0,0,0,231,0,0,0,0,0,0,0,
14,6676,תל אביב  יפו,5000,92,112,0,583,394,3,391,73,3,7,0,0,0,1,0,0,0,0,0,0,0,0,6,52,0,0,0,0,0,249,0,0,0,0,0,0,0,
14,6677,תל אביב  יפו,5000,94,71,0,614,429,1,428,51,0,2,0,0,0,10,0,0,0,0,0,0,0,0,7,96,0,0,0,0,0,256,0,0,0,0,0,0,6,
14,6678,תל אביב  יפו,5000,95,71,0,525,378,0,378,46,4,6,0,0,0,5,0,0,0,0,0,0,0,0,14,52,0,0,0,0,0,251,0,0,0,0,0,0,0,
14,6679,תל אביב  יפו,5000,96,71,0,510,385,1,384,38,2,3,0,0,0,6,0,0,0,0,0,0,0,0,6,59,0,0,0,0,0,270,0,0,0,0,0,0,0,
14,6680,תל אביב  יפו,5000,98,71,0,486,300,3,297,29,1,5,0,0,0,6,0,0,0,0,0,0,0,0,5,78,0,0,0,1,0,169,0,0,0,0,0,0,3,
14,6681,תל אביב  יפו,5000,100,228,0,745,582,0,582,50,3,1,0,0,0,14,0,0,0,0,0,0,0,0,14,107,0,0,0,2,0,391,0,0,0,0,0,0,0,
14,6682,תל אביב  יפו,5000,103,228,0,510,363,0,363,45,0,2,0,0,0,15,0,0,0,0,0,0,0,0,10,50,0,1,0,0,0,239,0,0,0,0,0,0,1,
14,6683,תל אביב  יפו,5000,105,71,0,631,418,0,418,34,2,3,2,0,0,6,0,0,0,0,0,0,0,0,9,92,0,0,0,1,0,262,0,0,0,0,1,0,6,
14,6684,תל אביב  יפו,5000,107,227,0,785,668,3,665,54,2,2,2,0,0,7,0,0,0,0,0,0,0,0,17,85,0,0,0,0,0,492,0,0,0,0,0,0,4,
14,6685,תל אביב  יפו,5000,108,218,0,765,605,1,604,59,1,1,1,0,0,3,0,0,0,0,0,0,0,0,13,105,0,0,0,0,0,421,0,0,0,0,0,0,0,
14,6686,תל אביב  יפו,5000,109,218,0,644,481,2,479,51,2,1,1,0,0,7,0,0,0,0,0,0,0,0,6,84,0,0,0,1,0,321,0,0,0,0,0,0,5,
14,6687,תל אביב  יפו,5000,111,233,0,669,493,4,489,134,6,14,0,0,0,1,0,0,0,0,0,0,0,0,12,47,0,0,0,0,0,273,0,0,0,0,1,0,1,
14,6688,תל אביב  יפו,5000,112,8,0,701,513,1,512,58,1,5,0,0,0,16,0,0,0,0,0,0,0,0,15,93,1,0,0,0,0,322,0,0,0,0,0,0,1,
14,6689,תל אביב  יפו,5000,113,218,0,741,587,0,587,64,0,2,1,0,0,7,0,0,0,0,0,0,0,0,16,64,0,0,0,0,0,430,0,0,0,0,0,0,3,
14,6690,תל אביב  יפו,5000,114,218,0,760,586,1,585,60,0,7,2,0,0,9,0,0,0,0,0,0,0,0,16,76,0,0,0,0,0,414,0,0,0,0,0,0,1,
14,6691,תל אביב  יפו,5000,115,236,0,709,528,1,527,73,0,6,0,0,0,9,0,0,0,0,0,0,0,0,22,99,0,0,0,0,0,312,0,0,0,0,0,0,6,
14,6692,תל אביב  יפו,5000,116,163,0,730,533,1,532,54,4,5,0,0,0,7,0,0,0,0,0,0,0,0,22,95,1,0,0,0,0,337,0,0,0,0,0,0,7,
14,6693,תל אביב  יפו,5000,117,163,0,695,525,0,525,50,0,4,0,0,0,15,0,0,0,0,0,0,0,0,13,127,0,0,0,0,0,312,0,0,0,0,0,0,4,
14,6694,תל אביב  יפו,5000,122,5,0,654,362,1,361,69,0,6,0,0,0,9,0,0,0,0,0,1,0,0,7,44,1,0,0,1,0,220,0,0,0,0,0,0,3,
14,6695,תל אביב  יפו,5000,135,66,0,595,445,3,442,59,1,1,0,0,0,13,0,0,0,0,0,0,0,0,14,65,0,0,0,0,0,277,0,0,0,0,0,0,12,
14,6696,תל אביב  יפו,5000,136,234,0,663,488,1,487,83,1,4,0,0,0,6,0,0,0,0,0,0,0,1,9,69,0,0,0,0,0,310,1,0,0,0,0,0,3,
14,6697,תל אביב  יפו,5000,138,238,0,674,528,1,527,37,2,1,0,1,0,14,0,0,0,0,0,0,0,0,12,154,0,0,1,0,0,297,0,0,0,0,0,0,8,
14,6698,תל אביב  יפו,5000,145,227,0,674,516,2,514,54,2,3,0,0,0,6,0,0,0,0,0,0,0,0,6,90,0,0,0,0,0,349,0,0,0,0,0,0,4,
14,6699,תל אביב  יפו,5000,146,5,0,557,342,1,341,66,2,5,1,0,0,7,0,0,0,0,0,0,0,0,7,23,0,0,0,0,0,229,1,0,0,0,0,0,0,
14,6700,תל אביב  יפו,5000,147,5,0,541,361,0,361,56,4,11,1,0,0,7,0,0,0,0,0,0,0,0,10,45,0,0,0,0,0,227,0,0,0,0,0,0,0,
14,6701,תל אביב  יפו,5000,148,5,0,772,487,3,484,72,2,8,0,0,0,13,0,0,0,0,0,0,0,0,5,72,0,0,0,0,0,310,0,0,0,0,0,0,2,
14,6702,תל אביב  יפו,5000,154,5,0,678,439,0,439,87,2,7,0,0,0,15,0,0,0,0,0,0,0,0,7,65,1,0,0,0,0,254,0,0,0,0,0,0,1,
14,6703,תל אביב  יפו,5000,155,229,0,693,502,0,502,30,4,1,0,0,0,17,0,1,0,0,0,0,0,0,16,167,1,0,0,0,0,261,0,0,0,0,0,0,4,
14,6704,תל אביב  יפו,5000,157,10,0,716,567,0,567,62,2,3,0,0,0,8,0,0,0,0,0,0,0,0,15,102,0,0,0,1,0,370,0,0,1,0,0,0,3,
14,6705,תל אביב  יפו,5000,158,251,0,753,545,1,544,59,2,4,0,0,0,11,0,0,0,0,0,0,0,0,9,115,0,0,0,0,0,340,0,0,0,0,0,0,4,
14,6706,תל אביב  יפו,5000,159,63,0,574,380,1,379,22,87,4,0,0,0,3,0,0,0,0,0,0,0,0,10,106,0,0,0,1,0,113,0,0,1,0,0,0,32,
14,6707,תל אביב  יפו,5000,160,171,0,530,327,1,326,18,4,1,0,0,0,21,0,0,0,0,0,0,0,0,26,83,0,0,0,0,0,155,0,0,1,0,0,0,17,
14,6708,תל אביב  יפו,5000,161.1,59,0,562,386,2,384,68,0,11,2,0,0,9,0,0,0,0,0,0,0,2,8,47,0,0,0,0,0,236,0,0,0,0,0,0,1,
14,6709,תל אביב  יפו,5000,161.2,59,0,562,382,0,382,80,2,12,0,0,0,4,0,0,0,0,0,0,0,0,4,29,0,0,0,0,0,250,0,0,0,0,0,0,1,
14,6710,תל אביב  יפו,5000,161.3,59,0,560,368,0,368,82,2,11,3,0,0,2,0,0,0,0,0,0,0,0,4,39,0,0,0,0,0,224,0,0,0,0,0,0,1,
14,6711,תל אביב  יפו,5000,163,66,0,732,571,0,571,92,1,13,0,0,0,8,0,0,0,0,0,0,0,0,15,63,0,0,0,2,0,376,0,0,0,0,0,0,1,
14,6712,תל אביב  יפו,5000,177,228,0,704,506,1,505,51,1,5,0,0,0,15,0,0,0,0,0,0,0,0,8,106,0,0,0,0,0,319,0,0,0,0,0,0,0,
14,6713,תל אביב  יפו,5000,179,79,0,609,418,2,416,76,1,10,0,0,0,7,0,0,0,0,0,0,0,0,6,43,1,0,0,1,0,268,0,0,0,0,0,0,3,
14,6714,תל אביב  יפו,5000,180,185,0,602,410,1,409,91,0,6,0,0,0,6,0,0,0,0,0,0,0,0,10,52,0,0,0,0,0,241,0,2,0,0,0,0,1,
14,6715,תל אביב  יפו,5000,181,185,0,650,457,2,455,98,3,5,0,0,0,16,0,0,0,0,0,0,0,0,11,49,0,0,0,0,0,268,1,0,0,0,0,0,4,
14,6716,תל אביב  יפו,5000,182,185,0,630,405,0,405,73,1,3,1,0,0,19,0,0,0,0,0,0,0,0,13,46,0,0,0,0,0,246,0,0,0,0,0,0,3,
14,6717,תל אביב  יפו,5000,183,115,0,527,391,0,391,61,1,5,0,0,0,15,0,0,0,0,0,0,0,0,9,40,0,0,0,0,0,258,0,0,0,0,0,0,2,
14,6718,תל אביב  יפו,5000,184,115,0,529,356,0,356,55,3,2,0,0,0,10,0,0,0,0,0,0,0,0,4,72,1,0,0,0,0,202,0,0,0,0,0,0,7,
14,6719,תל אביב  יפו,5000,185,115,0,609,373,2,371,48,0,3,0,0,0,10,0,0,0,0,0,0,0,0,10,110,0,0,0,1,0,187,1,0,0,0,0,0,1,
14,6720,תל אביב  יפו,5000,186,115,0,660,461,0,461,71,3,8,0,0,0,6,0,0,0,0,0,0,0,0,18,48,0,0,0,0,0,304,0,0,0,0,0,0,3,
14,6721,תל אביב  יפו,5000,187,115,0,643,484,3,481,76,1,2,0,0,0,12,0,0,0,0,0,0,0,0,12,76,0,0,0,1,0,295,0,0,0,0,0,0,6,
14,6722,תל אביב  יפו,5000,188,115,0,611,416,1,415,66,4,2,0,0,0,9,0,0,0,0,0,0,0,0,5,54,1,0,0,0,0,272,0,0,0,0,0,0,2,
14,6723,תל אביב  יפו,5000,189,29,1,668,465,3,462,62,1,5,0,0,0,15,0,0,0,0,0,0,0,0,7,70,0,0,0,0,0,300,0,0,0,0,0,0,2,
14,6724,תל אביב  יפו,5000,190,29,0,665,476,1,475,70,1,6,0,0,0,8,0,0,0,0,0,0,0,0,12,63,1,0,0,0,0,313,0,0,0,0,0,0,1,
14,6725,תל אביב  יפו,5000,191,79,0,535,350,0,350,49,2,9,0,0,0,8,0,0,0,0,0,0,0,0,7,51,0,0,0,0,0,220,0,0,0,0,0,0,4,
14,6726,תל אביב  יפו,5000,192,115,0,627,430,1,429,63,2,8,0,0,0,7,0,0,0,0,0,0,0,0,4,56,0,0,0,0,0,286,1,0,0,0,0,0,2,
14,6727,תל אביב  יפו,5000,193,115,0,641,453,0,453,78,0,8,0,0,0,12,0,0,0,0,0,0,0,0,10,70,0,0,0,1,0,272,0,0,0,0,0,0,2,
14,6728,תל אביב  יפו,5000,194,185,0,629,428,1,427,68,2,5,3,0,0,10,0,0,0,0,0,0,0,0,14,59,0,0,0,0,0,264,0,0,0,0,0,0,2,
14,6729,תל אביב  יפו,5000,195,115,0,713,519,0,519,69,3,7,2,0,0,25,0,0,0,0,0,0,0,0,11,91,0,0,0,6,0,301,0,0,0,0,0,0,4,
14,6730,תל אביב  יפו,5000,196,115,0,480,335,2,333,33,4,5,1,0,0,6,0,0,0,0,0,0,0,0,7,61,0,0,0,0,0,213,1,0,0,0,0,0,2,
14,6731,תל אביב  יפו,5000,197,112,0,605,433,2,431,68,4,5,0,0,0,7,0,0,0,0,0,0,0,0,6,45,0,0,0,0,0,294,0,0,0,0,0,0,2,
14,6732,תל אביב  יפו,5000,198,10,0,609,445,3,442,59,1,6,0,0,0,10,0,0,0,0,0,0,0,1,12,73,0,0,0,0,0,280,0,0,0,0,0,0,0,
14,6733,תל אביב  יפו,5000,199,10,0,665,508,0,508,72,0,4,0,0,0,10,0,0,0,0,0,0,0,0,6,85,0,0,0,1,0,326,0,0,0,0,0,0,4,
14,6734,תל אביב  יפו,5000,200,236,0,740,576,1,575,79,3,6,0,0,0,7,0,0,0,0,0,0,0,0,15,103,0,0,0,0,0,357,0,0,0,0,0,0,5,
14,6735,תל אביב  יפו,5000,226,63,1,730,556,3,553,60,1,3,1,0,0,5,0,0,0,0,0,0,0,0,25,114,1,0,0,1,0,329,0,0,0,0,0,0,13,
14,6736,תל אביב  יפו,5000,227,115,0,482,363,0,363,39,1,2,0,0,0,11,0,0,0,0,1,0,0,0,10,58,1,0,0,0,0,239,0,0,0,0,0,0,1,
14,6737,תל אביב  יפו,5000,228,5,0,563,350,1,349,63,5,6,1,0,0,5,0,0,0,0,0,0,1,0,12,39,0,0,0,0,0,217,0,0,0,0,0,0,0,
14,6738,תל אביב  יפו,5000,229,239,0,727,569,3,566,54,1,0,1,0,0,15,0,0,0,0,0,0,0,2,17,75,0,0,0,1,0,395,0,0,0,0,1,0,4,
14,6739,תל אביב  יפו,5000,230,36,0,592,424,1,423,77,7,3,0,0,0,13,0,0,0,0,0,0,0,0,11,93,1,0,0,2,0,208,0,0,0,0,0,0,8,
14,6740,תל אביב  יפו,5000,233,259,0,580,439,1,438,29,3,2,0,0,0,10,0,0,0,0,0,0,0,0,20,125,0,0,0,0,0,242,0,0,1,0,0,0,6,
14,6741,תל אביב  יפו,5000,258,229,0,657,453,0,453,28,2,2,0,0,0,6,0,0,0,0,0,0,0,0,26,137,0,0,0,0,0,238,0,0,0,0,0,0,14,
14,6742,תל אביב  יפו,5000,306,86,0,549,390,0,390,48,2,2,0,0,0,4,0,0,0,0,0,0,0,0,8,52,0,0,0,0,0,272,0,0,0,0,0,0,2,
14,6743,תל אביב  יפו,5000,310,236,0,747,600,2,598,51,1,4,0,0,0,11,0,0,0,0,0,0,0,0,9,105,0,0,0,0,0,416,0,0,0,0,0,0,1,
14,6744,תל אביב  יפו,5000,311,236,0,677,513,1,512,72,0,5,0,0,0,6,0,0,0,0,0,0,0,0,10,117,0,0,0,1,0,300,0,1,0,0,0,0,0,
14,6745,תל אביב  יפו,5000,312,236,0,551,401,0,401,42,1,1,0,0,0,7,0,0,0,0,0,0,0,0,10,77,0,0,0,0,0,259,1,0,0,0,0,0,3,
14,6746,תל אביב  יפו,5000,315,251,0,724,523,0,523,52,0,3,0,0,0,7,0,0,0,0,0,0,0,0,16,139,0,0,0,0,0,299,0,0,0,0,0,0,7,
14,6747,תל אביב  יפו,5000,316,229,0,772,566,1,565,31,5,3,0,0,0,9,0,0,0,0,0,0,0,0,20,151,0,0,0,0,0,331,0,0,1,0,0,0,14,
14,6748,תל אביב  יפו,5000,317,229,0,758,521,1,520,24,3,3,0,0,0,11,0,0,0,0,0,0,0,0,26,177,0,0,0,0,0,255,0,0,0,0,0,0,21,
14,6749,תל אביב  יפו,5000,318,229,0,658,477,2,475,26,5,1,1,0,0,9,0,0,0,0,0,0,0,0,13,127,0,0,0,1,0,280,0,0,0,0,0,0,12,
14,6750,תל אביב  יפו,5000,319,229,0,702,516,2,514,54,2,3,0,0,0,12,0,0,0,0,0,0,0,0,21,109,0,1,0,0,0,306,0,0,0,0,0,0,6,
14,6751,תל אביב  יפו,5000,346,162,0,584,428,1,427,107,3,13,0,0,0,3,0,0,0,0,0,0,0,0,8,31,0,0,0,0,0,259,1,0,0,0,0,0,2,
14,6752,תל אביב  יפו,5000,399,238,0,687,558,3,555,50,0,3,1,0,0,14,0,0,0,0,0,0,0,0,19,117,0,0,0,0,0,346,0,1,0,0,0,0,4,
14,6753,תל אביב  יפו,5000,600,8,0,602,462,2,460,25,1,2,0,0,0,8,0,0,0,0,0,0,0,0,14,140,0,0,0,0,0,264,0,0,0,0,0,0,6,
14,6754,תל אביב  יפו,5000,601,71,0,629,483,1,482,45,3,2,0,0,0,5,0,0,0,0,0,0,0,0,10,49,0,0,0,0,0,366,1,0,0,0,0,0,1,
14,6755,תל אביב  יפו,5000,602,8,0,567,435,1,434,36,3,0,0,0,0,9,0,0,0,0,0,0,0,0,13,107,0,0,0,1,0,256,1,0,0,0,0,0,8,
14,6756,תל אביב  יפו,5000,950.1,54,0,525,377,0,377,58,0,8,0,0,0,6,0,0,0,0,1,0,0,0,7,54,0,0,0,1,0,237,0,0,0,0,0,0,5,
14,6757,תל אביב  יפו,5000,950.2,54,0,525,396,2,394,56,0,8,0,0,0,5,0,0,0,0,0,0,0,0,7,81,0,0,0,4,0,218,0,0,0,0,0,0,15,
14,6758,תל אביב  יפו,5000,950.3,54,0,524,381,2,379,62,2,6,0,0,0,2,0,0,0,0,0,0,0,0,7,54,0,1,0,0,0,245,0,0,0,0,0,0,0,
14,6759,תל אביב  יפו,5000,952,163,0,536,299,0,299,14,0,2,0,0,0,14,0,0,0,0,0,0,0,0,13,70,0,0,0,3,0,181,0,0,0,0,0,0,2,
14,6760,תל אביב  יפו,5000,954.1,160,0,512,298,0,298,76,0,8,0,0,0,10,0,0,0,0,0,0,0,0,5,33,0,0,0,1,0,165,0,0,0,0,0,0,0,
14,6761,תל אביב  יפו,5000,954.2,160,0,512,350,0,350,75,1,23,0,0,0,5,0,0,0,0,0,0,0,0,5,25,0,0,0,0,0,215,0,0,0,0,0,0,1,
14,6762,תל אביב  יפו,5000,954.3,160,0,512,330,0,330,86,2,13,0,0,0,7,0,0,0,0,0,0,0,0,12,20,1,0,0,0,0,183,1,0,0,0,0,0,5,
14,6763,תל אביב  יפו,5000,956,259,0,510,360,0,360,27,0,0,0,0,0,10,0,0,0,0,0,0,0,0,18,94,0,0,0,0,0,206,0,0,0,0,0,0,5,
14,6764,תל אביב  יפו,5000,968,251,0,767,538,1,537,35,1,2,0,0,0,14,0,0,0,0,0,0,0,0,13,170,0,0,0,1,0,292,0,0,0,0,0,0,9,
14,6765,תל אביב  יפו,5000,972,229,0,574,419,0,419,19,2,4,0,0,0,9,0,0,0,0,0,0,0,0,14,143,0,0,0,0,0,222,0,0,0,0,0,0,6,
14,6766,תל אביב  יפו,5000,118,80,0,648,368,1,367,52,0,6,0,0,0,7,0,0,0,0,0,0,0,0,16,58,0,0,0,0,0,221,0,0,0,0,0,0,7,
14,6767,תל אביב  יפו,5000,119,100,0,625,281,0,281,41,1,4,0,0,0,8,0,0,0,0,0,0,0,0,6,38,0,0,0,0,0,176,0,0,0,0,0,0,7,
14,6768,תל אביב  יפו,5000,120,32,0,647,294,2,292,38,0,5,0,0,0,10,0,0,0,0,0,0,0,0,4,60,0,0,0,1,0,170,0,0,0,0,0,0,4,
14,6769,תל אביב  יפו,5000,121,80,0,666,389,0,389,62,5,11,0,0,0,14,0,0,0,0,0,0,0,0,9,63,0,0,0,1,0,219,0,0,0,0,1,0,4,
14,6770,תל אביב  יפו,5000,123,82,0,652,378,0,378,64,1,5,0,0,0,9,0,0,0,0,0,0,0,0,17,53,0,0,0,0,0,226,0,0,0,0,0,0,3,
14,6771,תל אביב  יפו,5000,124,80,0,732,384,0,384,64,0,10,0,0,0,6,0,0,0,0,0,0,0,0,10,65,0,0,0,0,0,227,0,0,0,0,0,0,2,
14,6772,תל אביב  יפו,5000,125,80,0,690,253,0,253,20,1,5,0,0,0,7,0,0,0,0,0,0,0,0,16,71,0,0,0,0,0,132,0,0,0,0,0,0,1,
14,6773,תל אביב  יפו,5000,126,32,0,765,437,2,435,87,1,7,0,0,0,7,0,0,0,0,0,0,0,0,11,57,0,0,0,0,0,257,0,0,0,0,0,0,8,
14,6774,תל אביב  יפו,5000,127,82,0,652,318,0,318,60,1,10,0,0,0,9,0,1,0,0,0,0,0,0,9,41,0,0,0,0,0,186,0,0,0,0,0,0,1,
14,6775,תל אביב  יפו,5000,128,82,0,705,361,0,361,53,2,4,0,0,0,7,0,0,0,0,0,0,0,1,12,50,0,0,0,1,0,231,0,0,0,0,0,0,0,
14,6776,תל אביב  יפו,5000,129,82,0,548,310,0,310,60,0,5,0,0,0,6,0,0,0,0,0,0,0,0,5,48,2,0,0,0,0,181,0,0,0,0,0,0,3,
14,6777,תל אביב  יפו,5000,130,180,0,671,367,1,366,70,4,10,0,0,0,11,0,0,0,0,0,0,0,0,8,41,0,0,0,0,0,221,0,0,0,1,0,0,0,
14,6778,תל אביב  יפו,5000,131,180,0,721,463,0,463,98,0,12,0,0,0,17,0,0,0,0,0,0,0,0,8,70,0,0,0,0,0,258,0,0,0,0,0,0,0,
14,6779,תל אביב  יפו,5000,132,180,0,534,328,1,327,56,3,2,0,0,0,10,0,0,0,0,0,0,0,0,12,45,0,0,0,0,0,198,0,0,0,0,0,0,1,
14,6780,תל אביב  יפו,5000,133,82,0,461,226,0,226,43,0,9,0,0,0,7,0,0,0,0,0,0,0,0,8,47,0,0,0,0,0,110,0,0,0,0,0,0,2,
14,6781,תל אביב  יפו,5000,134,222,0,548,328,0,328,72,1,3,1,0,0,12,0,0,0,0,0,0,0,0,6,46,0,0,0,1,0,185,0,0,0,0,0,0,1,
14,6782,תל אביב  יפו,5000,137.1,237,0,591,394,1,393,87,1,6,0,0,0,6,0,0,0,0,0,0,0,0,12,40,0,0,0,0,0,238,0,0,1,0,0,0,2,
14,6783,תל אביב  יפו,5000,137.2,237,0,591,360,1,359,83,0,8,0,0,0,12,0,0,0,0,0,0,0,0,7,36,0,0,0,1,0,212,0,0,0,0,0,0,0,
14,6784,תל אביב  יפו,5000,137.3,237,0,591,358,1,357,82,2,6,2,0,0,5,0,0,0,0,0,0,1,0,9,43,0,0,0,0,0,205,0,0,0,0,0,0,2,
14,6785,תל אביב  יפו,5000,137.4,237,0,588,357,0,357,85,1,12,0,0,0,8,0,0,0,0,0,0,0,0,13,23,1,0,0,0,0,214,0,0,0,0,0,0,0,
14,6786,תל אביב  יפו,5000,139,100,0,742,476,1,475,81,3,8,0,0,0,12,0,0,0,0,0,0,0,0,16,62,0,0,0,1,0,291,0,0,0,0,0,1,0,
14,6787,תל אביב  יפו,5000,140,100,0,610,391,0,391,58,0,3,1,0,0,8,0,0,0,0,0,0,0,0,14,41,0,0,0,0,0,263,0,0,0,0,0,0,3,
14,6788,תל אביב  יפו,5000,142,100,0,553,330,2,328,62,4,3,0,0,0,14,0,0,0,0,0,0,0,0,2,35,0,0,0,1,0,205,0,0,0,0,0,0,2,
14,6789,תל אביב  יפו,5000,143,100,0,604,422,0,422,99,4,9,0,0,0,10,0,0,0,0,0,0,0,0,9,43,0,0,0,1,0,243,0,0,0,0,0,0,4,
14,6791,תל אביב  יפו,5000,149,9,0,511,311,0,311,54,2,4,0,0,6,0,0,0,0,0,0,0,0,0,9,39,0,0,0,0,0,196,0,0,0,0,0,0,1,
14,6792,תל אביב  יפו,5000,150,9,0,580,363,0,363,49,0,6,0,0,0,10,0,0,0,0,0,0,0,0,13,33,0,0,0,0,0,249,0,0,0,0,0,0,3,
14,6793,תל אביב  יפו,5000,152,222,0,579,338,1,337,64,2,6,1,0,0,2,0,0,0,0,0,0,0,0,6,33,0,0,0,0,0,223,0,0,0,0,0,0,0,
14,6794,תל אביב  יפו,5000,165,9,0,556,324,0,324,56,1,5,0,0,0,9,0,0,0,0,0,0,0,0,6,32,0,0,0,0,0,212,0,0,0,0,0,0,3,
14,6795,תל אביב  יפו,5000,166.1,50,0,652,449,1,448,95,2,10,0,0,0,9,0,0,0,0,0,0,0,0,9,53,0,0,0,0,0,269,0,0,0,0,0,0,1,
14,6796,תל אביב  יפו,5000,166.2,50,0,652,415,1,414,91,2,6,1,0,0,16,0,0,0,0,0,0,0,0,6,39,0,0,0,2,0,249,0,0,0,0,0,0,2,
14,6797,תל אביב  יפו,5000,166.3,50,0,652,451,3,448,77,6,9,1,0,0,5,0,0,0,0,0,0,0,0,8,68,0,0,0,1,0,271,0,0,0,0,0,0,2,
14,6798,תל אביב  יפו,5000,166.4,50,0,652,449,0,449,84,7,16,0,0,0,12,0,0,0,0,0,0,0,0,12,50,0,0,0,0,0,266,0,0,0,0,0,0,2,
14,6799,תל אביב  יפו,5000,166.5,50,0,652,428,2,426,96,4,10,0,0,0,10,0,0,0,0,0,0,0,0,8,45,1,1,0,0,0,251,0,0,0,0,0,0,0,
14,6800,תל אביב  יפו,5000,166.6,50,0,649,439,0,439,92,7,17,1,0,0,16,0,0,0,0,0,0,0,0,4,57,1,0,0,0,0,243,1,0,0,0,0,0,0,
14,6801,תל אביב  יפו,5000,201,187,0,655,442,2,440,80,13,7,0,0,0,17,0,0,0,0,0,0,0,0,11,57,0,0,0,0,0,252,0,0,0,1,0,0,2,
14,6802,תל אביב  יפו,5000,202,248,0,706,490,0,490,76,1,4,0,0,0,8,0,0,0,0,0,0,0,0,12,90,1,0,0,0,0,295,0,0,0,0,0,0,3,
14,6803,תל אביב  יפו,5000,203,4,0,696,463,1,462,85,6,6,0,0,0,16,0,0,0,0,0,0,0,0,12,54,0,0,0,0,0,280,0,0,0,0,0,0,3,
14,6804,תל אביב  יפו,5000,204,18,0,449,279,1,278,38,4,2,1,0,0,11,0,0,0,0,0,0,0,0,7,54,0,0,0,1,0,155,0,0,0,0,0,0,5,
14,6805,תל אביב  יפו,5000,205,18,0,584,383,2,381,54,4,1,0,0,0,17,0,0,0,0,0,0,0,0,5,75,0,0,0,0,0,224,0,0,0,0,0,0,1,
14,6806,תל אביב  יפו,5000,206,4,0,489,333,1,332,51,6,9,0,0,0,8,0,0,0,0,0,0,0,0,3,50,0,0,0,2,0,203,0,0,0,0,0,0,0,
14,6807,תל אביב  יפו,5000,207,4,0,653,447,3,444,80,4,13,0,0,0,14,0,0,0,0,0,0,0,0,13,56,0,0,0,1,0,262,0,0,0,0,0,0,1,
14,6808,תל אביב  יפו,5000,208,258,1,579,382,0,382,90,3,10,0,0,0,11,0,0,0,0,0,0,0,0,7,30,0,0,0,1,0,227,0,0,0,0,0,0,3,
14,6809,תל אביב  יפו,5000,209,258,0,490,328,0,328,52,1,4,1,0,16,0,0,0,0,0,0,0,0,0,12,41,1,0,0,0,0,198,0,1,0,0,0,0,1,
14,6810,תל אביב  יפו,5000,210,15,0,693,444,2,442,86,3,5,2,0,0,18,0,0,0,0,0,0,0,0,3,41,1,0,0,0,0,283,0,0,0,0,0,0,0,
14,6811,תל אביב  יפו,5000,211,258,0,574,322,1,321,54,0,2,1,0,0,15,0,0,0,0,0,0,0,0,10,34,0,0,0,0,0,203,0,0,0,0,0,0,2,
14,6812,תל אביב  יפו,5000,212.1,52,0,618,408,1,407,78,2,8,1,0,0,10,0,0,0,0,0,0,0,0,10,74,1,0,0,0,0,214,0,0,0,0,0,0,9,
14,6813,תל אביב  יפו,5000,212.2,52,0,618,415,0,415,85,3,4,0,0,0,13,0,0,0,0,0,0,0,0,11,58,0,0,0,1,0,239,0,0,0,0,0,0,1,
14,6814,תל אביב  יפו,5000,212.3,52,0,618,416,0,416,70,4,2,0,0,0,4,0,0,0,0,0,0,0,0,28,58,1,0,0,1,0,244,1,0,0,0,0,0,3,
14,6815,תל אביב  יפו,5000,212.4,52,0,618,412,0,412,73,3,9,2,0,0,13,0,0,0,0,0,1,0,0,15,60,0,0,0,0,0,234,0,1,0,0,0,0,1,
14,6816,תל אביב  יפו,5000,212.5,52,0,618,383,0,383,64,4,6,1,0,0,7,0,0,0,0,0,0,0,0,9,66,0,0,0,0,0,225,1,0,0,0,0,0,0,
14,6817,תל אביב  יפו,5000,212.6,52,0,618,419,1,418,76,2,6,0,0,0,8,0,0,0,0,0,0,0,0,10,75,0,0,0,3,1,234,0,0,0,0,0,0,3,
14,6818,תל אביב  יפו,5000,216,187,0,583,381,1,380,71,4,2,1,0,0,16,0,0,0,0,0,0,0,0,5,48,1,1,0,0,0,230,0,0,0,0,0,0,1,
14,6819,תל אביב  יפו,5000,217,187,0,584,407,0,407,84,2,6,1,0,0,3,0,0,0,0,0,0,0,0,6,49,0,0,0,1,0,254,0,0,0,0,0,0,1,
14,6820,תל אביב  יפו,5000,220,4,0,660,476,0,476,80,12,14,0,0,0,9,0,0,0,0,0,0,0,0,13,50,1,0,0,0,0,295,0,0,0,0,0,0,2,
14,6821,תל אביב  יפו,5000,223,4,0,497,361,0,361,49,13,6,0,0,0,27,0,0,0,0,0,0,0,0,8,42,0,0,0,0,0,209,0,0,0,0,0,0,7,
14,6822,תל אביב  יפו,5000,224,18,0,694,483,5,478,36,0,4,0,0,0,21,0,0,0,0,0,0,0,0,16,119,0,0,0,0,0,274,0,0,0,0,0,0,8,
14,6823,תל אביב  יפו,5000,225,258,0,545,392,2,390,80,0,15,1,0,0,2,0,0,0,0,0,0,0,0,8,25,0,0,0,0,0,258,0,0,0,0,0,0,1,
14,6824,תל אביב  יפו,5000,231,248,0,562,329,0,329,19,0,4,0,0,0,3,0,0,0,0,0,0,0,0,11,102,0,0,0,0,0,185,0,0,0,0,0,0,5,
14,6825,תל אביב  יפו,5000,234,187,0,592,390,1,389,19,3,2,0,0,0,10,0,0,0,0,0,0,0,0,7,137,0,1,0,2,0,201,0,0,0,0,0,0,7,
14,6826,תל אביב  יפו,5000,236,117,0,500,290,1,289,65,2,8,0,0,0,36,0,0,0,0,0,0,0,0,11,22,1,0,0,0,0,143,0,0,0,0,0,0,1,
14,6827,תל אביב  יפו,5000,237.1,58,0,591,377,1,376,65,2,9,1,0,0,10,0,0,0,0,0,0,0,0,7,41,0,0,0,2,0,239,0,0,0,0,0,0,0,
14,6828,תל אביב  יפו,5000,237.2,58,0,591,363,0,363,73,0,6,0,0,0,6,0,0,0,0,0,0,0,0,10,43,0,0,0,0,0,224,0,0,0,0,0,0,1,
14,6829,תל אביב  יפו,5000,237.3,58,0,591,372,0,372,58,1,17,0,0,0,15,0,0,0,0,0,0,0,0,6,49,0,0,0,0,0,225,0,0,0,0,0,0,1,
14,6830,תל אביב  יפו,5000,237.4,58,0,591,374,1,373,91,0,6,0,0,0,14,0,0,0,0,0,0,0,0,10,43,0,0,0,0,0,207,0,0,0,0,0,0,2,
14,6831,תל אביב  יפו,5000,237.5,58,0,591,370,0,370,76,0,9,0,0,0,6,0,0,0,0,0,0,0,0,9,35,0,0,0,0,0,235,0,0,0,0,0,0,0,
14,6832,תל אביב  יפו,5000,240,117,0,644,414,1,413,124,2,12,0,0,0,7,0,0,0,0,0,0,0,0,15,47,0,0,0,0,0,206,0,0,0,0,0,0,0,
14,6833,תל אביב  יפו,5000,242,78,0,684,473,1,472,96,4,12,0,0,0,21,0,1,0,0,0,0,0,0,6,48,0,0,0,0,0,282,0,0,0,0,0,1,1,
14,6834,תל אביב  יפו,5000,243,117,0,651,409,1,408,93,2,25,2,0,0,6,0,0,0,0,0,0,0,0,6,58,0,0,0,1,0,214,0,0,0,0,0,0,1,
14,6835,תל אביב  יפו,5000,244,117,0,491,334,2,332,75,1,12,1,0,0,6,0,0,0,0,0,0,0,0,5,34,0,0,0,0,0,198,0,0,0,0,0,0,0,
14,6836,תל אביב  יפו,5000,246,120,0,613,409,1,408,96,3,11,0,0,0,6,0,0,0,0,0,0,0,0,5,43,0,0,0,0,0,244,0,0,0,0,0,0,0,
14,6837,תל אביב  יפו,5000,247,120,0,717,490,5,485,117,5,16,0,0,0,12,0,0,0,0,0,0,0,0,6,49,0,0,0,0,0,275,0,0,0,0,0,0,5,
14,6838,תל אביב  יפו,5000,248,120,0,614,440,2,438,64,7,10,0,0,0,8,0,0,0,0,0,0,0,0,6,66,0,0,0,0,0,276,0,0,0,0,0,0,1,
14,6839,תל אביב  יפו,5000,249,117,0,689,417,2,415,78,8,14,1,0,0,19,0,0,0,0,0,0,0,0,11,59,0,0,0,0,0,222,0,0,0,0,0,0,3,
14,6840,תל אביב  יפו,5000,250,120,1,712,480,3,477,95,1,10,0,0,0,6,0,0,0,0,0,0,0,0,18,48,0,0,0,3,0,294,0,0,0,0,0,0,2,
14,6841,תל אביב  יפו,5000,253.1,1,0,698,433,0,433,90,1,11,2,0,0,12,0,0,0,0,0,0,0,0,15,52,0,0,0,0,0,248,0,0,0,0,0,0,2,
14,6842,תל אביב  יפו,5000,253.2,1,0,698,437,4,433,109,3,8,3,0,0,2,0,0,0,0,0,0,0,0,11,57,0,0,0,0,0,240,0,0,0,0,0,0,0,
14,6843,תל אביב  יפו,5000,253.3,1,0,698,458,3,455,77,0,9,1,0,0,12,0,0,0,0,0,0,0,0,7,60,0,0,0,3,0,283,0,0,0,0,0,0,3,
14,6844,תל אביב  יפו,5000,253.4,1,0,698,423,2,421,70,4,11,0,0,0,10,0,0,0,0,0,0,0,0,14,49,0,0,0,0,0,259,0,0,1,0,0,0,3,
14,6845,תל אביב  יפו,5000,253.5,1,0,698,398,1,397,67,8,13,1,0,0,6,0,0,0,0,0,0,0,0,12,51,0,0,0,1,0,236,0,0,0,0,0,0,2,
14,6846,תל אביב  יפו,5000,253.6,1,0,693,418,2,416,74,2,13,1,0,0,8,0,0,0,0,0,0,0,0,9,43,0,0,0,0,0,266,0,0,0,0,0,0,0,
14,6847,תל אביב  יפו,5000,254,120,0,619,401,1,400,74,6,8,2,0,0,23,0,0,0,0,0,0,0,0,6,41,1,0,0,3,0,235,0,0,0,0,0,0,1,
14,6848,תל אביב  יפו,5000,256,120,0,601,448,1,447,105,3,10,0,0,0,13,0,0,0,0,0,0,0,0,7,51,0,0,0,2,0,254,0,0,0,0,0,0,2,
14,6849,תל אביב  יפו,5000,257,120,0,523,394,0,394,62,4,11,1,0,0,11,0,0,0,0,0,0,0,0,14,47,0,0,0,0,0,243,0,0,0,0,0,0,1,
14,6850,תל אביב  יפו,5000,261,120,0,529,378,1,377,87,1,6,0,0,0,9,0,0,0,0,0,0,0,0,6,27,0,0,0,1,0,240,0,0,0,0,0,0,0,
14,6851,תל אביב  יפו,5000,280,33,0,732,461,2,459,86,3,13,1,0,0,6,0,0,0,0,0,0,0,0,14,52,0,0,0,2,0,280,0,0,0,0,0,0,2,
14,6852,תל אביב  יפו,5000,281,33,0,585,379,3,376,79,1,8,0,1,0,10,0,1,0,0,0,0,0,0,13,44,0,0,0,0,0,216,0,0,0,0,0,0,3,
14,6853,תל אביב  יפו,5000,283,33,0,675,417,0,417,92,1,11,1,0,0,7,0,0,0,0,0,0,0,0,7,51,0,0,0,0,0,244,0,0,0,0,0,0,3,
14,6854,תל אביב  יפו,5000,284,33,0,623,377,0,377,69,2,6,0,0,0,9,0,0,0,0,0,0,0,0,6,50,0,0,0,0,0,234,0,0,0,0,0,0,1,
14,6855,תל אביב  יפו,5000,285,15,0,710,455,1,454,105,2,11,0,0,0,10,0,0,0,0,0,0,0,0,6,37,0,0,0,1,0,282,0,0,0,0,0,0,0,
14,6856,תל אביב  יפו,5000,286,15,0,728,399,1,398,68,2,7,1,0,0,18,0,0,0,0,0,0,1,0,3,39,0,0,0,0,0,255,0,0,0,0,0,0,4,
14,6857,תל אביב  יפו,5000,287,15,0,690,455,0,455,86,2,7,0,0,0,7,0,0,0,0,0,0,0,0,14,59,0,0,0,1,0,278,0,0,0,0,0,0,1,
14,6858,תל אביב  יפו,5000,288,33,0,544,322,0,322,39,2,8,0,0,0,7,0,0,0,0,0,0,0,0,12,65,0,0,0,0,0,185,0,0,0,0,0,0,4,
14,6859,תל אביב  יפו,5000,289,33,0,683,466,1,465,87,1,9,0,0,0,9,0,0,0,0,0,0,0,0,13,51,0,2,0,1,0,292,0,0,0,0,0,0,0,
14,6860,תל אביב  יפו,5000,290,263,0,690,390,3,387,62,3,3,1,0,0,39,0,0,0,0,0,0,0,0,11,73,0,0,0,1,0,189,0,0,0,0,0,0,5,
14,6861,תל אביב  יפו,5000,291.1,182,0,650,346,1,345,57,0,7,0,0,0,7,0,0,0,0,0,0,0,0,7,69,0,0,0,1,0,196,0,0,0,0,0,0,1,
14,6862,תל אביב  יפו,5000,291.2,182,0,650,353,0,353,51,0,13,1,0,0,6,0,0,0,0,0,0,0,0,8,50,0,0,0,2,0,219,0,0,0,0,0,0,3,
14,6863,תל אביב  יפו,5000,291.3,182,0,650,361,0,361,62,0,4,0,0,0,9,0,0,0,0,0,0,0,0,8,44,0,0,0,0,0,228,1,1,0,0,0,0,4,
14,6864,תל אביב  יפו,5000,291.4,182,0,650,345,1,344,63,2,5,2,0,0,11,0,0,0,0,0,0,0,0,15,52,0,0,0,0,0,194,0,0,0,0,0,0,0,
14,6865,תל אביב  יפו,5000,291.5,182,0,650,379,1,378,64,1,2,0,0,0,15,0,0,0,0,0,0,0,0,9,40,0,0,0,0,0,247,0,0,0,0,0,0,0,
14,6866,תל אביב  יפו,5000,292,33,0,648,385,3,382,64,2,4,2,0,0,4,0,0,0,0,0,0,0,0,13,52,0,0,0,0,0,241,0,0,0,0,0,0,0,
14,6867,תל אביב  יפו,5000,293,33,0,643,409,1,408,70,2,11,1,0,0,9,0,0,0,0,0,0,0,0,9,48,0,0,0,0,0,256,0,0,0,0,0,0,2,
14,6868,תל אביב  יפו,5000,294,33,0,633,418,0,418,76,2,9,1,0,0,11,0,0,0,0,0,0,0,0,10,49,0,0,0,0,0,260,0,0,0,0,0,0,0,
14,6869,תל אביב  יפו,5000,297,32,0,782,458,0,458,84,1,16,0,0,0,10,0,0,0,0,0,0,0,0,9,66,0,0,0,1,0,268,1,0,0,0,0,0,2,
14,6870,תל אביב  יפו,5000,298,82,0,667,415,1,414,57,6,10,3,0,0,11,0,0,0,0,0,0,0,0,7,58,0,0,0,1,0,256,0,0,0,0,0,0,5,
14,6871,תל אביב  יפו,5000,299,82,0,651,320,0,320,43,1,3,0,0,0,14,0,0,0,0,0,0,0,0,9,63,0,0,0,1,0,182,0,0,0,0,0,0,4,
14,6872,תל אביב  יפו,5000,300,82,0,615,277,1,276,54,1,7,0,0,0,10,0,0,0,0,0,0,0,0,9,33,1,0,0,0,0,157,1,0,0,0,0,0,3,
14,6873,תל אביב  יפו,5000,301,181,0,738,406,2,404,62,3,4,0,0,0,7,0,0,0,0,0,0,0,1,8,53,1,0,0,2,0,261,0,0,0,0,0,0,2,
14,6874,תל אביב  יפו,5000,302,181,0,649,349,1,348,57,3,3,1,0,0,12,0,0,0,0,0,0,0,0,14,66,0,0,0,0,0,190,0,0,0,0,0,0,2,
14,6875,תל אביב  יפו,5000,303,33,0,690,402,1,401,72,2,10,0,0,0,8,0,0,0,0,0,0,0,1,10,46,0,0,0,1,0,246,0,0,0,0,0,0,5,
14,6876,תל אביב  יפו,5000,304,33,0,709,418,1,417,64,5,4,1,1,0,15,0,0,0,0,0,0,0,0,11,58,0,0,0,1,0,257,0,0,0,0,0,0,0,
14,6877,תל אביב  יפו,5000,323,32,0,546,125,0,125,20,0,0,0,0,0,5,0,0,0,0,0,1,0,0,2,22,0,0,0,0,0,74,0,0,0,0,0,0,1,
14,6878,תל אביב  יפו,5000,324,181,0,687,308,1,307,60,3,7,0,0,0,8,0,0,0,0,0,0,0,0,8,54,0,0,0,0,0,165,0,0,0,0,0,0,2,
14,6879,תל אביב  יפו,5000,325,181,0,580,319,1,318,58,5,3,0,0,0,10,0,0,0,0,0,0,0,0,7,43,0,0,0,0,0,190,1,0,0,0,0,0,1,
14,6880,תל אביב  יפו,5000,326,181,0,609,293,0,293,55,3,4,0,0,0,10,0,0,0,0,0,0,0,0,12,54,0,0,0,0,0,153,0,0,0,0,0,0,2,
14,6881,תל אביב  יפו,5000,327,33,0,738,379,0,379,73,1,7,0,0,0,8,0,0,0,0,0,0,0,0,13,61,0,0,0,1,0,212,0,0,0,0,0,0,3,
14,6882,תל אביב  יפו,5000,330,87,0,657,302,1,301,47,3,3,1,0,0,12,0,0,0,0,0,0,0,0,4,56,0,0,0,0,0,172,0,0,0,0,0,0,3,
14,6883,תל אביב  יפו,5000,331,87,0,586,211,1,210,24,2,5,0,0,0,9,0,0,0,0,0,0,0,0,6,51,0,0,0,1,0,109,0,0,0,0,0,0,3,
14,6884,תל אביב  יפו,5000,332,87,0,610,236,1,235,28,4,3,0,0,0,6,0,0,0,0,0,0,0,0,11,62,0,0,0,4,0,114,0,0,1,0,0,0,2,
14,6885,תל אביב  יפו,5000,333,87,0,535,193,0,193,23,0,0,0,0,0,6,0,0,0,0,0,0,0,0,9,56,0,0,0,0,0,93,0,0,0,0,0,0,6,
14,6886,תל אביב  יפו,5000,334,87,0,569,336,0,336,71,0,7,0,0,0,3,0,0,0,0,0,0,0,0,12,45,0,0,0,0,0,196,0,0,0,0,0,0,2,
14,6887,תל אביב  יפו,5000,335,87,0,669,375,1,374,67,2,9,0,0,0,10,0,0,0,0,0,0,0,0,10,46,0,0,0,2,0,222,0,0,0,0,0,0,6,
14,6888,תל אביב  יפו,5000,336,87,0,565,298,0,298,75,3,11,0,0,0,8,0,0,0,0,0,0,0,1,5,38,0,0,0,0,0,156,0,0,0,0,0,0,1,
14,6889,תל אביב  יפו,5000,337,87,0,563,309,2,307,56,1,3,2,0,0,9,0,0,0,0,0,0,0,0,10,54,0,0,0,0,0,169,0,0,0,0,0,0,3,
14,6890,תל אביב  יפו,5000,338,87,0,593,324,1,323,66,1,4,2,0,0,9,0,0,0,0,0,0,0,0,6,43,0,0,0,0,0,189,0,0,0,0,0,0,3,
14,6891,תל אביב  יפו,5000,339.1,242,0,676,386,3,383,57,2,7,0,0,0,9,0,0,0,0,0,0,0,0,15,46,0,0,0,1,0,245,0,0,0,0,0,0,1,
14,6892,תל אביב  יפו,5000,339.2,242,0,676,369,0,369,59,0,7,1,0,0,10,0,0,0,0,0,0,0,0,9,59,1,0,0,0,0,223,0,0,0,0,0,0,0,
14,6893,תל אביב  יפו,5000,339.3,242,0,676,370,1,369,68,0,14,0,0,0,5,0,0,0,0,0,0,0,0,11,57,0,0,0,0,0,213,0,0,0,0,0,0,1,
14,6894,תל אביב  יפו,5000,339.4,242,0,675,379,1,378,70,2,4,0,0,0,13,0,0,0,0,0,0,0,0,11,52,0,0,0,1,0,221,0,0,0,0,0,0,4,
14,6895,תל אביב  יפו,5000,340,87,0,752,369,2,367,71,0,15,1,0,0,9,0,0,0,0,0,0,0,0,9,60,0,0,0,1,0,199,0,0,0,0,0,0,2,
14,6896,תל אביב  יפו,5000,342,87,1,689,345,1,344,59,0,9,0,0,0,6,0,0,0,0,0,0,0,0,6,58,0,0,0,0,0,202,0,0,0,0,0,0,4,
14,6897,תל אביב  יפו,5000,343,87,0,649,247,0,247,35,0,8,0,0,0,7,0,0,0,0,0,0,0,0,8,57,0,0,0,0,0,128,0,0,0,0,0,1,3,
14,6898,תל אביב  יפו,5000,344,87,0,674,335,0,335,67,0,6,0,0,0,6,0,0,0,0,0,0,0,0,3,65,2,0,0,1,0,185,0,0,0,0,0,0,0,
14,6899,תל אביב  יפו,5000,345,87,0,638,329,0,329,62,3,4,1,0,0,7,0,0,0,0,0,0,0,0,5,48,0,0,0,0,0,195,0,0,0,0,0,0,4,
14,6900,תל אביב  יפו,5000,364,33,0,608,320,1,319,62,0,3,0,0,0,7,0,0,0,0,0,0,0,0,13,40,0,0,0,0,0,193,0,0,0,0,0,0,1,
14,6901,תל אביב  יפו,5000,365,33,0,527,270,0,270,35,1,7,0,0,0,6,0,0,0,0,0,0,0,0,9,27,0,0,0,0,0,184,0,0,0,0,0,0,1,
14,6902,תל אביב  יפו,5000,367,33,0,583,359,1,358,61,3,9,1,0,0,7,0,0,0,0,0,0,0,0,10,34,1,0,0,2,0,230,0,0,0,0,0,0,0,
14,6903,תל אביב  יפו,5000,368,33,0,505,293,0,293,73,1,11,0,0,0,4,0,0,0,0,0,0,0,0,5,33,1,0,0,0,0,161,0,0,0,0,0,0,4,
14,6904,תל אביב  יפו,5000,369,33,0,482,318,0,318,61,2,7,0,0,0,3,0,0,0,0,0,0,0,0,11,33,0,0,0,0,0,200,0,0,0,0,0,0,1,
14,6905,תל אביב  יפו,5000,370,96,0,757,482,2,480,86,1,11,0,0,0,10,0,0,0,0,0,0,0,0,6,63,0,0,0,0,0,301,0,0,0,0,0,0,2,
14,6906,תל אביב  יפו,5000,371,96,0,779,494,0,494,104,2,18,1,0,0,7,0,0,0,0,0,0,0,0,15,55,0,0,0,1,0,290,0,0,0,0,0,0,1,
14,6907,תל אביב  יפו,5000,372,78,0,586,359,0,359,75,1,10,0,0,0,4,0,0,0,0,0,0,0,0,10,42,0,0,0,0,0,215,1,0,0,0,0,0,1,
14,6908,תל אביב  יפו,5000,373,96,0,589,378,1,377,85,3,9,0,0,0,6,0,0,0,0,0,0,0,0,10,43,0,0,0,0,0,218,0,0,1,0,0,0,2,
14,6909,תל אביב  יפו,5000,374,30,0,609,304,0,304,62,0,11,0,0,0,6,0,0,0,0,0,0,0,0,9,32,0,0,0,1,0,183,0,0,0,0,0,0,0,
14,6910,תל אביב  יפו,5000,378,30,0,744,407,0,407,83,8,0,0,0,0,15,0,0,0,0,0,0,0,1,14,47,0,0,0,0,0,238,0,0,0,0,0,0,1,
14,6911,תל אביב  יפו,5000,379,49,0,592,313,0,313,53,0,6,2,0,0,8,0,0,0,0,0,0,0,0,11,68,0,0,0,1,0,163,0,0,0,0,0,0,1,
14,6912,תל אביב  יפו,5000,380,49,0,766,417,1,416,67,4,9,0,0,0,1,0,0,0,0,0,0,0,0,17,78,0,0,0,1,0,231,0,0,0,0,0,0,8,
14,6913,תל אביב  יפו,5000,382,30,0,782,412,0,412,86,5,8,1,0,0,7,0,0,0,0,0,0,0,0,10,60,0,0,0,2,0,231,0,0,0,0,0,0,2,
14,6914,תל אביב  יפו,5000,383,30,0,601,345,1,344,54,0,6,0,0,0,7,0,0,0,0,0,0,0,0,4,58,0,0,0,1,0,211,0,0,0,0,0,1,2,
14,6915,תל אביב  יפו,5000,384,30,0,556,354,0,354,77,0,10,1,0,0,4,0,0,0,0,0,0,1,0,5,41,0,0,0,0,0,213,0,0,0,0,0,0,2,
14,6916,תל אביב  יפו,5000,386,96,0,797,488,0,488,102,2,22,1,0,0,13,0,0,0,0,0,0,0,0,13,62,0,0,0,1,0,270,0,0,0,0,0,0,2,
14,6917,תל אביב  יפו,5000,387,96,0,725,444,1,443,93,0,10,1,0,0,7,0,0,0,0,0,0,0,0,21,50,0,0,0,0,0,256,0,0,1,0,0,0,4,
14,6918,תל אביב  יפו,5000,388,78,0,637,399,2,397,94,1,18,1,0,0,7,0,0,0,0,0,0,0,0,5,45,0,0,0,0,0,225,0,0,0,0,0,0,1,
14,6919,תל אביב  יפו,5000,390.1,77,0,644,391,1,390,104,6,23,0,0,0,6,0,0,0,0,0,0,0,0,8,50,0,0,0,0,0,191,0,0,0,0,0,0,2,
14,6920,תל אביב  יפו,5000,390.2,77,0,644,401,0,401,100,5,15,0,1,0,9,0,0,0,0,0,0,0,0,11,47,1,0,0,0,0,210,0,1,0,0,0,0,1,
14,6921,תל אביב  יפו,5000,390.3,77,0,644,392,1,391,112,4,17,0,0,0,10,0,0,0,0,0,0,0,0,8,39,0,0,0,1,0,198,1,0,0,0,0,0,1,
14,6922,תל אביב  יפו,5000,390.4,77,0,644,390,2,388,81,1,15,0,0,0,4,0,0,0,0,0,0,0,0,10,42,0,0,0,0,0,232,0,0,0,0,0,0,3,
14,6923,תל אביב  יפו,5000,390.5,77,0,644,399,6,393,89,2,5,2,0,0,2,0,0,0,0,0,0,0,0,12,46,0,0,0,0,0,231,1,0,0,0,0,0,3,
14,6924,תל אביב  יפו,5000,390.6,77,0,644,404,2,402,100,5,19,0,0,0,13,0,0,0,0,0,0,0,0,13,48,0,0,0,0,0,202,0,0,0,0,0,0,2,
14,6925,תל אביב  יפו,5000,390.7,77,1,644,363,1,362,81,3,9,1,0,0,5,0,0,0,0,0,0,0,0,6,34,0,0,0,0,0,222,0,0,0,0,0,0,1,
14,6926,תל אביב  יפו,5000,390.8,77,0,644,378,0,378,87,1,15,0,0,0,8,0,0,1,0,0,0,0,0,1,45,0,0,0,0,0,219,0,0,0,0,0,0,1,
14,6927,תל אביב  יפו,5000,390.9,77,0,638,414,1,413,98,4,17,1,0,0,5,0,0,0,0,0,0,0,0,6,39,0,0,0,0,0,241,0,0,0,0,0,0,2,
14,6928,תל אביב  יפו,5000,391,78,0,627,393,0,393,83,1,15,4,0,0,9,0,0,0,0,0,0,0,0,6,38,1,0,0,2,0,231,0,0,0,0,0,0,3,
14,6929,תל אביב  יפו,5000,392,30,0,676,428,0,428,87,4,7,3,0,0,7,0,0,0,0,0,0,0,0,8,30,0,0,0,0,0,282,0,0,0,0,0,0,0,
14,6930,תל אביב  יפו,5000,393,30,0,635,388,1,387,72,4,14,0,0,0,6,0,0,0,0,0,0,0,0,12,54,1,0,0,1,0,216,0,0,0,0,0,0,7,
14,6931,תל אביב  יפו,5000,394,30,0,767,450,0,450,107,5,13,0,0,0,11,0,0,0,0,0,0,0,0,8,42,0,0,0,0,0,260,0,0,0,0,0,0,4,
14,6932,תל אביב  יפו,5000,395,30,0,792,493,0,493,106,5,18,2,0,0,4,0,0,0,0,0,0,0,0,14,57,0,0,0,1,0,283,0,0,0,0,0,0,3,
14,6933,תל אביב  יפו,5000,396,30,0,767,480,6,474,105,5,14,1,0,0,13,0,0,0,0,0,0,0,0,7,55,0,0,0,0,0,272,0,0,0,0,0,0,2,
14,6934,תל אביב  יפו,5000,398,30,0,759,473,1,472,127,6,25,1,0,0,6,0,0,0,0,0,0,0,0,5,29,1,0,0,1,0,270,0,0,0,0,0,0,1,
14,6935,תל אביב  יפו,5000,427,99,0,594,372,0,372,89,4,14,0,0,0,3,0,0,0,0,0,0,0,0,15,34,1,0,0,1,0,211,0,0,0,0,0,0,0,
14,6936,תל אביב  יפו,5000,428,99,0,625,398,2,396,97,12,22,0,0,0,13,0,0,0,0,0,0,0,0,7,41,0,0,0,0,0,204,0,0,0,0,0,0,0,
14,6937,תל אביב  יפו,5000,429,99,0,778,513,2,511,131,6,30,0,0,0,5,0,0,0,0,0,0,0,0,8,44,0,0,0,0,0,285,0,1,0,0,0,0,1,
14,6938,תל אביב  יפו,5000,430,99,0,624,401,0,401,79,2,25,1,0,0,4,0,0,0,0,0,0,0,0,3,56,0,0,0,0,0,228,0,0,0,0,0,0,3,
14,6939,תל אביב  יפו,5000,432,45,0,611,369,1,368,96,2,12,2,0,0,11,0,0,0,0,0,0,0,0,5,44,0,0,0,0,0,193,0,0,0,0,0,0,3,
14,6940,תל אביב  יפו,5000,437,45,0,754,521,1,520,132,5,27,1,0,0,5,0,0,0,0,0,0,0,0,5,52,0,0,0,0,0,292,0,0,0,0,0,0,1,
14,6941,תל אביב  יפו,5000,439,99,0,704,459,0,459,127,6,24,1,0,0,6,0,0,0,0,0,0,0,0,9,38,0,0,0,0,0,246,0,0,0,0,0,0,2,
14,6942,תל אביב  יפו,5000,440,99,0,636,415,1,414,101,10,30,0,0,0,5,0,0,0,0,0,0,0,0,6,40,0,0,0,0,0,221,0,0,0,0,0,0,1,
14,6943,תל אביב  יפו,5000,441,99,0,750,493,1,492,150,11,11,1,0,0,7,0,0,0,0,0,0,0,0,4,33,0,0,0,0,0,273,0,0,0,0,0,0,2,
14,6944,תל אביב  יפו,5000,442,45,0,595,376,2,374,88,4,10,1,0,0,4,1,0,1,0,0,0,0,0,8,33,0,0,0,0,0,224,0,0,0,0,0,0,0,
14,6945,תל אביב  יפו,5000,443,49,0,720,429,2,427,87,5,17,2,0,0,14,0,0,0,0,0,0,0,0,8,50,0,0,0,7,0,233,0,0,0,0,0,0,4,
14,6946,תל אביב  יפו,5000,444,45,0,732,419,0,419,99,3,14,0,0,0,8,0,0,0,0,0,0,0,0,7,71,0,0,0,3,0,209,0,0,0,0,0,0,5,
14,6947,תל אביב  יפו,5000,445,49,0,734,456,0,456,107,1,21,0,0,0,8,0,0,0,0,0,0,0,0,10,58,0,0,0,0,0,246,1,1,0,0,0,0,3,
14,6948,תל אביב  יפו,5000,446,45,0,682,370,0,370,87,4,12,3,0,0,4,0,0,0,0,0,0,0,0,11,54,0,0,0,1,0,191,1,0,0,0,0,0,2,
14,6949,תל אביב  יפו,5000,448,221,0,585,345,1,344,82,7,19,1,0,0,4,0,0,0,0,0,0,0,0,4,48,0,0,0,1,0,176,0,0,0,0,0,0,2,
14,6950,תל אביב  יפו,5000,449,221,0,723,331,3,328,51,1,8,1,0,0,4,0,0,0,0,0,0,0,0,18,66,0,0,0,1,1,171,0,0,0,0,0,0,6,
14,6951,תל אביב  יפו,5000,451,264,0,612,345,1,344,63,2,10,0,0,0,1,0,0,0,0,0,0,0,0,8,53,0,0,0,1,0,203,0,0,0,0,0,0,3,
14,6952,תל אביב  יפו,5000,452,264,0,775,249,0,249,45,1,4,0,0,0,2,0,0,0,0,0,0,0,0,8,69,0,0,0,0,0,117,0,0,0,0,0,0,3,
14,6953,תל אביב  יפו,5000,453,264,0,709,156,1,155,19,1,1,0,0,0,3,0,0,0,0,0,0,0,0,5,48,0,0,0,1,0,75,0,0,0,0,0,0,2,
14,6954,תל אביב  יפו,5000,454,264,0,732,360,1,359,60,1,5,0,0,0,12,0,0,0,0,0,0,0,1,8,67,0,0,0,0,0,200,1,0,0,0,0,0,4,
14,6955,תל אביב  יפו,5000,455,264,0,556,161,3,158,25,0,2,0,0,0,3,0,0,0,0,0,0,0,0,8,30,0,0,0,0,0,89,0,0,0,0,0,0,1,
14,6956,תל אביב  יפו,5000,456,264,0,763,245,0,245,33,1,9,1,0,0,5,0,0,0,0,0,0,0,0,8,69,1,0,0,1,0,114,0,0,0,0,0,0,3,
14,6957,תל אביב  יפו,5000,457,221,0,501,279,15,264,89,2,17,0,0,0,2,0,0,0,0,0,0,0,0,4,39,0,0,0,1,0,108,0,0,0,0,0,0,2,
14,6958,תל אביב  יפו,5000,458,49,0,631,342,1,341,73,0,14,0,0,0,5,0,0,0,0,0,0,0,0,11,56,0,0,0,0,0,178,0,0,0,1,0,0,3,
14,6959,תל אביב  יפו,5000,582.1,74,0,650,292,0,292,59,3,21,0,0,0,3,0,1,0,0,0,0,0,0,5,75,0,0,0,0,0,111,0,1,0,0,0,0,13,
14,6960,תל אביב  יפו,5000,582.2,74,0,650,288,2,286,63,2,31,0,0,0,1,0,1,0,0,0,0,0,0,8,61,0,0,0,1,0,107,0,0,0,0,0,0,11,
14,6961,תל אביב  יפו,5000,582.3,74,0,650,271,2,269,56,5,27,0,0,0,3,0,0,0,0,0,0,0,0,8,65,0,0,0,2,0,91,0,0,0,0,0,0,12,
14,6962,תל אביב  יפו,5000,582.4,74,0,650,269,2,267,57,3,14,1,0,0,4,0,1,0,0,0,0,0,0,8,56,1,0,0,2,0,110,0,0,0,0,0,0,10,
14,6963,תל אביב  יפו,5000,582.5,74,0,650,255,2,253,62,3,18,0,0,0,3,0,0,0,0,0,0,0,0,13,56,0,0,0,0,0,89,0,0,0,0,0,0,9,
14,6964,תל אביב  יפו,5000,582.6,74,0,647,256,1,255,57,1,19,0,0,0,9,0,0,0,0,0,0,0,0,17,53,1,0,0,0,0,88,0,0,0,0,0,0,10,
14,6965,תל אביב  יפו,5000,587.1,195,1,656,231,1,230,37,2,15,1,0,0,3,0,0,0,0,0,0,0,0,14,64,0,0,0,0,0,85,0,0,0,0,0,0,9,
14,6966,תל אביב  יפו,5000,587.2,195,0,656,176,2,174,34,3,5,0,0,0,2,0,0,0,0,0,0,0,0,8,39,0,0,0,0,0,79,0,0,0,0,0,0,4,
14,6967,תל אביב  יפו,5000,587.3,195,0,656,224,0,224,43,5,11,1,0,0,6,0,0,0,0,0,0,0,0,8,60,0,0,0,1,0,80,0,0,0,0,0,0,9,
14,6968,תל אביב  יפו,5000,587.4,195,0,656,213,2,211,40,0,11,0,0,0,4,0,0,0,0,0,0,0,0,13,60,0,0,0,3,0,76,1,0,0,0,0,0,3,
14,6969,תל אביב  יפו,5000,587.5,195,0,654,208,0,208,44,2,10,0,0,0,4,0,0,0,0,0,0,0,0,9,51,0,0,0,0,0,85,0,0,0,0,0,0,3,
14,6970,תל אביב  יפו,5000,620.1,225,0,612,366,0,366,68,2,2,0,0,0,9,0,0,0,0,0,0,0,0,19,70,0,0,0,0,0,189,0,0,1,0,0,0,6,
14,6971,תל אביב  יפו,5000,620.2,225,0,612,382,0,382,53,3,4,3,0,0,7,0,0,0,0,0,0,0,0,18,74,0,0,0,0,0,216,0,0,0,0,0,0,4,
14,6972,תל אביב  יפו,5000,620.3,225,0,612,369,2,367,52,2,7,2,0,0,8,0,0,0,0,0,0,0,0,23,67,0,0,0,0,0,199,0,0,1,0,0,0,6,
14,6973,תל אביב  יפו,5000,620.4,225,0,609,349,1,348,59,0,5,3,0,0,8,0,0,0,0,0,0,0,0,20,59,1,0,0,1,0,191,0,0,0,0,0,0,1,
14,6974,תל אביב  יפו,5000,635.1,105,0,655,477,0,477,48,4,4,2,0,0,20,0,1,0,0,0,0,0,0,14,119,0,0,0,1,0,254,0,0,0,0,0,1,9,
14,6975,תל אביב  יפו,5000,635.2,105,0,655,477,2,475,55,5,5,0,0,0,21,0,0,0,0,0,0,0,0,10,106,0,1,0,1,0,269,0,0,0,0,0,0,2,
14,6976,תל אביב  יפו,5000,635.3,105,0,655,455,0,455,61,7,2,0,0,0,20,0,0,0,0,0,0,0,0,10,85,0,1,0,0,0,265,0,0,1,0,0,0,3,
14,6977,תל אביב  יפו,5000,635.4,105,0,655,478,1,477,47,10,6,3,0,0,21,0,0,0,0,0,0,0,0,23,100,0,0,0,2,0,262,0,0,0,0,0,0,3,
14,6978,תל אביב  יפו,5000,635.5,105,0,655,470,0,470,62,13,3,0,0,0,27,0,0,0,0,0,0,0,1,17,104,0,0,0,1,0,233,0,0,0,0,0,0,9,
14,6979,תל אביב  יפו,5000,635.6,105,0,655,442,2,440,45,4,10,0,0,0,21,0,0,0,0,0,0,0,0,10,117,1,0,0,1,0,222,0,0,0,0,0,0,9,
14,6980,תל אביב  יפו,5000,635.7,105,0,655,466,1,465,45,2,4,2,0,0,16,0,0,0,0,0,0,1,0,15,101,0,0,0,0,0,274,0,0,0,0,0,0,5,
14,6981,תל אביב  יפו,5000,635.8,105,0,655,457,0,457,48,6,8,2,0,0,22,0,0,0,0,0,0,0,0,17,93,0,0,0,0,0,253,0,0,0,0,0,0,8,
14,6982,תל אביב  יפו,5000,635.9,105,0,652,468,1,467,61,13,1,2,0,0,20,0,0,0,0,0,0,0,0,12,96,0,0,0,1,0,255,0,0,0,0,0,0,6,
14,6983,תל אביב  יפו,5000,638,253,0,695,541,1,540,63,14,1,0,0,0,39,0,0,0,0,0,0,0,0,18,104,1,0,0,1,0,292,0,0,0,0,0,0,7,
14,6984,תל אביב  יפו,5000,641,253,0,715,523,2,521,60,10,7,0,0,0,40,0,0,0,0,0,0,0,1,11,137,0,0,0,2,0,247,0,0,0,0,0,0,6,
14,6985,תל אביב  יפו,5000,642,241,0,617,376,1,375,52,2,8,0,0,0,16,0,0,0,0,0,0,0,0,20,88,1,0,0,3,0,165,0,1,0,0,0,0,19,
14,6986,תל אביב  יפו,5000,644,267,1,563,404,2,402,61,2,9,0,0,0,9,0,0,0,0,0,0,0,0,4,116,0,0,0,0,0,182,1,0,0,0,0,0,18,
14,6987,תל אביב  יפו,5000,645,267,0,572,385,0,385,59,2,4,0,0,0,5,0,0,0,0,0,0,0,0,11,151,1,0,0,1,0,111,0,0,0,0,0,0,40,
14,6988,תל אביב  יפו,5000,646,267,0,639,429,1,428,71,2,12,1,0,0,9,0,0,0,0,0,0,0,0,7,156,0,0,0,2,0,138,1,0,0,0,0,0,29,
14,6989,תל אביב  יפו,5000,647,35,0,758,492,2,490,89,2,8,0,0,0,15,0,0,0,0,0,0,0,0,7,172,1,0,0,0,0,166,0,0,0,0,0,0,30,
14,6990,תל אביב  יפו,5000,648,35,0,663,443,0,443,73,1,5,0,0,0,5,0,0,0,0,0,0,0,0,10,140,0,0,0,2,0,174,0,0,0,0,0,0,33,
14,6991,תל אביב  יפו,5000,649,35,0,603,432,0,432,101,1,13,0,0,0,4,0,0,0,0,0,0,0,0,13,110,0,0,0,0,0,174,0,0,0,0,0,0,16,
14,6992,תל אביב  יפו,5000,661,12,0,436,287,5,282,32,0,5,1,0,0,12,0,0,1,0,0,0,0,0,14,94,0,0,0,4,0,98,0,0,0,0,0,0,21,
14,6993,תל אביב  יפו,5000,663,68,0,442,222,0,222,35,1,3,0,0,0,7,0,0,0,0,0,0,0,0,4,52,0,0,0,0,0,112,0,0,0,0,0,0,8,
14,6994,תל אביב  יפו,5000,664,241,0,637,346,1,345,28,12,4,0,0,0,26,0,0,0,0,0,0,0,0,12,107,0,0,0,1,0,61,0,0,0,0,0,0,94,
14,6995,תל אביב  יפו,5000,666,25,0,684,498,1,497,45,13,4,0,0,0,38,0,0,0,0,0,0,0,0,10,184,0,0,0,2,0,91,0,0,0,0,0,0,110,
14,6996,תל אביב  יפו,5000,669.1,114,0,601,400,3,397,42,6,3,1,0,0,11,0,0,0,0,0,0,0,0,12,152,0,0,0,3,0,137,0,0,0,0,0,0,30,
14,6997,תל אביב  יפו,5000,669.2,114,0,601,408,1,407,40,4,4,0,0,0,13,0,0,0,0,0,0,0,0,20,136,0,1,0,0,0,162,0,0,0,0,0,0,27,
14,6998,תל אביב  יפו,5000,669.3,114,0,601,407,2,405,29,4,2,1,0,0,22,0,0,0,0,0,0,0,0,12,158,0,0,0,2,0,122,0,0,0,0,0,0,53,
14,6999,תל אביב  יפו,5000,669.4,114,0,601,369,3,366,20,3,5,1,0,0,12,0,0,0,0,0,0,0,0,13,139,0,0,0,3,0,126,0,0,0,0,0,1,43,
14,7000,תל אביב  יפו,5000,669.5,114,0,601,384,1,383,32,3,2,2,0,0,12,0,0,0,0,0,0,0,0,16,147,0,0,0,0,0,129,0,0,0,0,0,0,40,
14,7001,תל אביב  יפו,5000,669.6,114,0,600,403,2,401,37,5,2,0,0,0,11,0,0,0,0,0,0,0,0,17,148,0,0,0,3,0,153,1,0,0,0,0,1,23,
14,7002,תל אביב  יפו,5000,671,12,0,490,321,1,320,51,10,3,1,0,0,10,0,0,0,0,0,0,0,0,6,111,1,1,0,2,0,92,0,0,0,0,0,0,32,
14,7003,תל אביב  יפו,5000,672,241,0,560,412,2,410,38,6,5,1,0,0,16,0,0,0,0,0,0,0,0,4,139,1,0,0,3,0,139,0,0,0,0,0,0,58,
14,7004,תל אביב  יפו,5000,673,25,0,585,391,4,387,30,8,1,0,0,0,16,0,0,0,0,0,0,0,0,15,147,0,1,0,1,0,135,0,0,0,0,0,0,33,
14,7005,תל אביב  יפו,5000,674,25,0,579,370,1,369,54,7,9,0,0,0,11,0,0,0,0,0,0,0,0,8,127,0,0,0,4,0,107,0,0,0,0,0,0,42,
14,7006,תל אביב  יפו,5000,675,25,0,541,373,1,372,54,6,7,0,0,0,16,0,0,0,0,0,0,0,0,15,133,0,0,0,3,0,116,0,0,0,0,0,0,22,
14,7007,תל אביב  יפו,5000,676,12,0,504,261,3,258,26,6,1,4,0,0,7,0,0,0,0,0,0,0,0,15,80,0,0,0,1,0,89,0,0,0,0,1,0,28,
14,7008,תל אביב  יפו,5000,677,41,0,537,251,1,250,29,8,3,2,0,0,5,0,0,0,0,0,0,0,0,45,71,0,1,0,2,0,61,0,0,0,0,0,0,23,
14,7009,תל אביב  יפו,5000,678,41,0,488,310,2,308,22,7,3,1,0,0,7,0,0,0,0,0,0,0,0,7,145,0,0,0,6,0,63,0,0,0,0,0,0,47,
14,7010,תל אביב  יפו,5000,679,41,0,628,375,1,374,32,7,4,0,0,0,17,0,0,0,0,0,0,0,0,8,177,1,0,0,5,0,78,0,0,0,0,0,0,45,
14,7011,תל אביב  יפו,5000,680,41,0,517,340,2,338,26,2,6,0,0,0,6,0,0,0,0,0,0,0,0,10,147,0,0,0,5,0,93,0,0,0,0,0,0,43,
14,7012,תל אביב  יפו,5000,681,70,0,543,343,0,343,43,4,4,1,0,0,5,0,0,0,0,0,0,0,0,16,123,0,0,0,0,0,119,0,0,0,0,0,0,28,
14,7013,תל אביב  יפו,5000,682,57,0,686,429,0,429,31,9,4,0,0,0,10,0,0,0,0,0,0,0,0,10,222,0,0,0,2,0,71,0,0,0,0,0,0,70,
14,7014,תל אביב  יפו,5000,683,57,0,668,436,4,432,32,4,1,0,0,0,11,0,0,0,0,0,0,0,0,7,229,0,0,0,1,0,71,0,0,0,0,1,0,75,
14,7015,תל אביב  יפו,5000,684.1,109,0,588,308,2,306,10,3,3,0,0,0,11,0,0,0,0,0,0,0,0,7,165,2,0,0,1,0,59,0,0,0,0,0,0,45,
14,7016,תל אביב  יפו,5000,684.2,109,0,588,324,3,321,22,6,2,0,0,0,13,0,0,0,0,0,0,0,0,12,143,1,0,0,0,0,91,0,0,0,0,0,0,31,
14,7017,תל אביב  יפו,5000,684.3,109,0,588,365,5,360,17,4,4,1,0,0,5,0,0,0,0,0,0,0,0,9,185,0,0,0,4,0,77,0,0,0,0,0,0,54,
14,7018,תל אביב  יפו,5000,684.4,109,0,588,333,1,332,13,6,1,0,0,0,6,0,0,0,0,0,0,0,0,12,175,0,0,0,0,0,61,0,0,0,0,0,0,58,
14,7019,תל אביב  יפו,5000,684.5,109,0,584,335,2,333,22,9,4,0,0,0,15,0,0,0,0,0,0,0,0,13,138,0,0,0,2,0,76,0,0,0,0,0,0,54,
14,7020,תל אביב  יפו,5000,685,70,0,586,409,2,407,30,7,3,0,0,0,18,0,0,0,0,0,0,0,0,5,170,0,0,1,0,0,106,0,0,0,0,0,0,67,
14,7021,תל אביב  יפו,5000,686,70,0,648,426,1,425,65,7,6,0,0,0,12,0,0,0,0,0,0,0,0,12,148,0,0,0,1,0,129,0,0,0,0,0,0,45,
14,7022,תל אביב  יפו,5000,687,70,0,548,333,4,329,23,0,7,0,0,0,10,0,0,0,0,0,0,0,0,13,137,0,0,0,1,0,110,0,0,0,0,0,0,28,
14,7024,תל אביב  יפו,5000,691,68,0,579,383,0,383,26,3,5,0,0,0,13,0,0,0,0,0,0,0,0,17,142,0,1,0,1,0,142,0,0,0,0,0,0,33,
14,7025,תל אביב  יפו,5000,692,68,0,638,407,1,406,58,3,5,1,0,0,13,0,0,0,0,0,0,0,1,16,93,0,0,0,1,0,209,0,0,0,0,0,0,6,
14,7026,תל אביב  יפו,5000,693,68,0,636,450,1,449,55,3,5,1,0,0,14,0,0,0,0,0,0,0,0,14,121,0,0,0,3,0,174,0,0,0,0,0,1,58,
14,7027,תל אביב  יפו,5000,695,119,0,552,362,0,362,22,11,1,0,0,0,13,0,0,0,0,0,0,0,0,16,147,0,0,0,0,0,92,0,0,0,0,0,0,60,
14,7028,תל אביב  יפו,5000,697,119,0,571,377,1,376,15,4,0,0,0,0,10,0,0,0,0,0,0,0,0,7,203,0,0,0,0,0,67,0,0,0,0,0,0,70,
14,7029,תל אביב  יפו,5000,698,232,0,450,280,2,278,28,4,4,0,0,0,12,0,0,0,0,0,0,0,0,8,117,0,0,0,5,0,74,0,0,0,0,0,0,26,
14,7030,תל אביב  יפו,5000,701,217,0,525,240,1,239,8,1,1,0,0,0,10,0,0,0,0,0,0,0,0,37,100,0,0,0,0,0,67,0,0,0,0,0,0,15,
14,7031,תל אביב  יפו,5000,703.1,44,0,696,434,0,434,11,10,0,0,0,0,16,0,0,0,1,0,0,0,0,28,203,0,0,0,4,0,102,0,0,0,0,0,0,59,
14,7032,תל אביב  יפו,5000,703.2,44,0,696,418,0,418,11,6,0,2,0,0,10,0,0,0,0,0,0,0,0,38,215,1,1,0,1,0,70,0,0,0,0,0,0,63,
14,7033,תל אביב  יפו,5000,703.3,44,0,696,487,3,484,19,8,1,0,1,0,26,0,0,0,0,0,0,0,0,19,246,0,0,0,3,0,91,1,0,0,0,0,0,69,
14,7034,תל אביב  יפו,5000,703.4,44,0,696,469,1,468,28,7,0,0,0,0,21,0,0,0,0,0,0,0,0,19,250,0,0,0,0,0,83,1,0,0,0,0,0,59,
14,7035,תל אביב  יפו,5000,703.5,44,0,695,470,2,468,22,13,0,1,0,0,22,0,0,0,0,0,0,0,0,29,234,0,0,0,2,1,81,0,0,0,0,0,0,63,
14,7036,תל אביב  יפו,5000,706,215,0,603,430,3,427,9,7,1,0,0,0,14,0,0,0,0,0,0,0,0,23,207,0,0,0,0,0,54,0,0,0,0,0,0,112,
14,7037,תל אביב  יפו,5000,709,243,0,533,349,2,347,7,16,0,0,0,0,6,0,0,0,0,0,0,0,0,16,149,0,0,0,2,0,59,0,0,0,0,0,0,92,
14,7038,תל אביב  יפו,5000,712.1,91,1,564,369,1,368,17,2,1,0,0,0,10,0,0,0,0,0,0,0,1,32,166,1,0,0,2,0,91,0,0,0,0,0,0,45,
14,7039,תל אביב  יפו,5000,712.2,91,0,564,374,2,372,17,5,1,1,0,0,4,0,0,0,0,0,0,0,0,41,183,0,0,0,1,0,59,0,0,0,0,0,0,60,
14,7040,תל אביב  יפו,5000,712.3,91,1,564,378,2,376,20,9,1,0,0,0,7,0,0,0,0,0,0,0,0,13,176,0,0,0,2,0,77,0,0,0,0,0,0,71,
14,7041,תל אביב  יפו,5000,712.4,91,0,564,358,4,354,7,7,0,0,0,0,7,1,0,0,0,0,0,0,0,33,179,1,0,0,1,0,70,0,0,0,0,0,1,47,
14,7042,תל אביב  יפו,5000,712.5,91,0,564,386,1,385,14,6,0,2,0,0,15,0,0,0,0,0,0,0,0,39,159,0,0,1,7,0,74,0,0,0,0,0,0,68,
14,7043,תל אביב  יפו,5000,714,243,0,506,325,2,323,13,6,0,0,0,0,4,1,0,0,0,0,0,0,0,50,143,0,0,0,0,0,78,0,1,0,0,0,0,27,
14,7044,תל אביב  יפו,5000,717,216,0,664,375,4,371,22,4,1,1,0,0,8,0,0,0,0,0,0,0,0,41,172,0,0,0,0,0,85,0,0,0,0,0,1,36,
14,7045,תל אביב  יפו,5000,719.1,22,0,611,355,5,350,13,3,1,0,0,0,7,0,1,0,0,0,0,0,0,12,181,0,0,0,3,0,69,1,0,0,0,0,0,59,
14,7046,תל אביב  יפו,5000,719.2,22,0,611,383,2,381,15,7,0,0,0,0,14,0,0,0,0,0,0,0,0,40,163,0,1,0,1,0,80,0,0,0,0,0,0,60,
14,7047,תל אביב  יפו,5000,719.3,22,0,611,414,3,411,22,7,0,0,0,0,14,0,0,0,0,1,0,0,0,20,200,0,0,0,0,0,71,0,0,0,0,0,0,76,
14,7048,תל אביב  יפו,5000,719.4,22,0,611,416,1,415,13,10,0,0,0,0,14,0,0,0,0,0,0,0,0,22,242,1,0,0,0,0,58,0,0,0,0,0,0,55,
14,7049,תל אביב  יפו,5000,719.5,22,1,611,392,3,389,12,10,1,1,0,0,12,0,0,0,0,0,0,0,0,18,210,1,1,0,0,0,59,0,0,0,0,0,0,64,
14,7050,תל אביב  יפו,5000,719.6,22,0,611,378,3,375,12,3,0,1,0,0,13,0,0,0,0,0,0,0,0,45,143,1,0,0,4,0,82,0,0,0,0,0,0,71,
14,7051,תל אביב  יפו,5000,719.7,22,0,607,400,6,394,10,4,0,0,0,0,10,0,0,0,0,0,0,0,0,28,208,0,0,0,3,0,71,0,0,0,0,0,0,60,
14,7052,תל אביב  יפו,5000,725,217,0,595,346,0,346,45,5,3,1,0,0,7,0,0,0,0,0,0,0,0,32,125,0,0,0,1,0,93,0,1,0,0,0,1,32,
14,7053,תל אביב  יפו,5000,727,216,0,528,354,2,352,22,6,0,0,0,0,7,0,0,0,0,0,0,0,0,49,145,1,0,0,2,0,84,0,0,0,0,0,1,35,
14,7054,תל אביב  יפו,5000,729,217,0,623,370,2,368,20,4,5,0,0,0,13,0,0,0,0,0,0,0,0,37,148,0,0,0,0,0,92,0,0,0,0,0,0,49,
14,7055,תל אביב  יפו,5000,731,150,0,728,445,2,443,20,4,5,0,0,0,10,0,0,0,0,0,0,0,0,13,245,0,0,0,2,0,87,0,0,0,0,0,0,57,
14,7056,תל אביב  יפו,5000,737,119,0,650,407,4,403,17,8,0,1,0,0,11,0,0,0,0,0,0,0,0,16,206,0,0,0,2,0,56,0,0,0,0,0,0,86,
14,7057,תל אביב  יפו,5000,739,43,0,684,345,5,340,26,1,4,0,0,0,7,0,0,0,0,1,0,0,0,16,174,0,0,0,5,0,42,0,0,0,0,0,0,64,
14,7058,תל אביב  יפו,5000,740,43,0,565,317,0,317,17,4,5,0,0,0,10,0,0,0,0,0,0,0,0,13,171,0,0,0,2,0,42,0,0,0,0,0,0,53,
14,7059,תל אביב  יפו,5000,741,119,0,656,463,3,460,27,9,1,1,0,0,16,0,0,0,0,0,0,0,0,15,240,0,0,0,2,0,45,0,0,0,0,0,0,104,
14,7060,תל אביב  יפו,5000,742.1,67,0,671,398,3,395,15,7,5,0,0,0,7,0,0,0,0,0,0,0,0,15,191,1,0,0,2,0,70,0,0,0,0,0,0,82,
14,7061,תל אביב  יפו,5000,742.2,67,0,671,414,0,414,17,5,4,0,1,0,6,0,0,0,0,0,0,0,0,7,212,0,0,0,2,0,57,0,0,0,0,0,1,102,
14,7062,תל אביב  יפו,5000,742.3,67,0,671,407,4,403,13,14,1,2,0,0,12,0,0,0,0,0,0,0,0,15,194,2,0,1,1,0,58,0,0,0,0,0,0,90,
14,7063,תל אביב  יפו,5000,742.4,67,0,669,402,1,401,16,3,3,0,0,0,7,0,0,0,0,0,0,0,0,17,199,0,0,0,2,0,68,0,0,0,0,0,1,85,
14,7064,תל אביב  יפו,5000,744,231,0,383,216,1,215,8,0,5,0,0,0,6,0,0,0,0,0,0,0,0,8,132,1,0,0,0,0,25,0,0,0,0,0,0,30,
14,7065,תל אביב  יפו,5000,745,231,0,427,197,3,194,8,1,2,0,0,0,5,0,0,0,0,0,1,0,0,13,113,0,0,0,1,0,22,0,0,0,0,0,0,28,
14,7066,תל אביב  יפו,5000,749,43,0,542,219,1,218,23,4,3,1,0,0,1,1,0,0,0,0,0,0,0,9,116,0,0,0,0,0,29,0,0,0,0,0,0,31,
14,7067,תל אביב  יפו,5000,750,216,1,645,452,2,450,28,6,0,0,0,0,13,1,0,0,0,0,0,1,1,51,187,1,0,0,1,0,124,0,0,0,0,0,0,36,
14,7068,תל אביב  יפו,5000,753,231,0,526,288,5,283,20,5,4,0,0,0,3,0,0,0,0,1,1,0,0,21,151,0,0,0,1,0,38,0,0,1,1,0,1,35,
14,7069,תל אביב  יפו,5000,754,43,0,697,476,3,473,12,21,5,0,0,0,13,0,0,0,0,0,0,0,0,6,239,0,0,0,1,0,34,2,0,0,0,0,0,140,
14,7070,תל אביב  יפו,5000,755,231,0,433,266,2,264,13,4,4,0,0,0,6,0,0,0,0,0,0,1,0,5,141,0,0,0,3,0,36,0,0,0,1,0,0,50,
14,7071,תל אביב  יפו,5000,756,43,0,626,281,1,280,16,3,6,0,0,0,9,0,0,0,0,0,0,0,0,15,140,0,0,0,3,0,57,0,0,0,0,0,0,31,
14,7072,תל אביב  יפו,5000,757,231,0,353,162,0,162,7,0,2,0,0,0,6,0,0,0,0,0,0,0,0,3,84,0,0,0,2,0,20,0,0,0,0,0,0,38,
14,7073,תל אביב  יפו,5000,759,216,0,658,391,1,390,18,5,2,1,0,0,10,0,0,0,0,0,0,0,1,30,185,0,0,0,0,0,86,0,0,0,0,0,0,52,
14,7074,תל אביב  יפו,5000,761.1,265,0,655,384,3,381,6,12,2,2,0,0,10,0,0,0,0,0,0,0,1,31,203,0,0,0,1,0,47,0,0,0,0,0,0,66,
14,7075,תל אביב  יפו,5000,761.2,265,0,655,392,3,389,12,11,2,1,0,0,10,0,0,0,0,0,0,0,0,55,176,0,0,0,2,0,68,0,0,0,0,0,0,52,
14,7076,תל אביב  יפו,5000,761.3,265,0,655,416,2,414,14,13,1,0,0,0,9,1,0,0,0,0,0,0,0,47,211,0,0,0,1,0,64,0,0,0,0,0,1,52,
14,7077,תל אביב  יפו,5000,761.4,265,0,655,406,0,406,5,10,1,0,0,0,8,0,0,0,0,0,0,0,0,24,256,0,0,0,1,0,51,0,0,0,0,0,0,50,
14,7078,תל אביב  יפו,5000,761.5,265,0,655,415,3,412,10,19,4,0,0,0,5,0,0,0,0,0,0,0,0,22,219,0,0,0,7,0,65,0,0,0,0,0,0,61,
14,7079,תל אביב  יפו,5000,761.6,265,0,655,411,4,407,14,13,0,0,0,0,1,0,0,0,0,0,0,0,0,32,213,0,0,0,3,0,62,0,0,0,0,0,0,69,
14,7080,תל אביב  יפו,5000,761.7,265,0,655,420,1,419,12,18,0,0,0,0,7,0,0,0,0,0,0,0,1,37,215,0,0,0,8,0,49,0,0,0,0,0,0,72,
14,7081,תל אביב  יפו,5000,761.8,265,0,655,372,1,371,20,9,2,0,0,0,13,0,0,0,0,0,0,0,0,61,143,0,0,0,0,0,85,0,0,0,0,0,1,37,
14,7082,תל אביב  יפו,5000,761.9,265,1,653,381,0,381,12,8,1,0,0,0,6,0,0,0,0,0,0,0,0,38,198,0,0,0,1,0,74,0,0,1,0,0,0,42,
14,7083,תל אביב  יפו,5000,764,231,0,522,240,6,234,12,5,3,0,0,0,2,0,0,0,0,0,0,0,0,8,138,0,0,0,2,0,28,0,0,0,0,0,0,36,
14,7084,תל אביב  יפו,5000,765,217,0,540,308,2,306,23,5,1,0,0,0,15,0,0,0,0,0,0,0,0,33,129,0,0,0,3,0,75,0,0,0,0,0,0,22,
14,7085,תל אביב  יפו,5000,766,231,0,372,163,3,160,7,3,6,0,0,0,2,0,0,0,0,0,0,0,0,3,93,0,0,0,1,1,20,0,0,0,0,0,0,24,
14,7086,תל אביב  יפו,5000,770.1,85,0,606,331,2,329,16,2,3,0,0,0,7,0,0,0,0,0,0,0,1,29,144,0,0,0,2,0,86,1,0,0,0,0,0,38,
14,7087,תל אביב  יפו,5000,770.2,85,0,606,381,3,378,24,3,0,0,0,0,19,0,0,0,0,0,0,0,0,46,141,0,0,0,0,0,118,0,0,0,0,0,0,27,
14,7088,תל אביב  יפו,5000,770.3,85,0,606,368,3,365,24,3,2,1,0,0,2,0,0,0,0,0,0,0,0,36,146,0,0,0,2,0,131,0,0,0,0,0,0,18,
14,7089,תל אביב  יפו,5000,770.4,85,0,606,360,4,356,13,5,0,0,0,0,8,0,0,0,0,0,0,0,0,25,188,0,0,0,0,0,73,0,0,0,0,0,0,44,
14,7090,תל אביב  יפו,5000,770.5,85,0,606,350,3,347,15,2,1,0,0,0,9,0,0,0,0,0,0,0,0,28,151,1,1,0,2,0,104,0,0,0,0,0,0,33,
14,7091,תל אביב  יפו,5000,770.6,85,0,606,366,1,365,15,6,1,0,0,0,14,0,0,0,0,0,0,0,0,50,135,0,0,0,1,0,120,0,0,0,0,1,0,22,
14,7092,תל אביב  יפו,5000,770.7,85,0,601,377,1,376,25,2,1,0,0,0,18,0,0,0,0,0,0,0,0,31,158,1,0,0,1,0,108,0,0,0,1,0,0,30,
14,7093,תל אביב  יפו,5000,772,26,0,689,445,2,443,33,7,3,0,0,0,8,0,0,0,0,0,0,0,0,2,200,0,0,0,2,0,65,0,1,0,0,0,0,122,
14,7094,תל אביב  יפו,5000,773,21,0,683,378,4,374,27,6,7,1,0,0,15,0,0,0,0,0,0,0,0,9,175,0,0,0,1,0,59,0,1,0,0,0,0,73,
14,7095,תל אביב  יפו,5000,774,21,0,688,427,4,423,47,5,11,0,0,0,34,0,0,0,0,0,0,0,0,11,184,0,0,0,2,0,64,0,0,0,0,0,1,64,
14,7096,תל אביב  יפו,5000,775,21,0,661,407,0,407,19,9,9,0,0,0,18,0,0,0,0,0,1,0,0,11,186,0,0,0,1,0,26,0,0,0,0,0,0,127,
14,7097,תל אביב  יפו,5000,776,26,0,518,337,2,335,11,7,2,0,0,0,5,0,0,0,0,0,0,0,0,5,183,0,0,0,1,0,22,0,0,0,0,0,0,99,
14,7098,תל אביב  יפו,5000,777.1,92,1,649,426,4,422,19,3,6,2,0,0,18,0,0,0,0,0,0,0,0,11,200,0,0,0,1,1,65,0,0,0,0,0,0,96,
14,7099,תל אביב  יפו,5000,777.2,92,0,649,446,6,440,27,6,6,0,0,0,5,0,0,0,0,0,0,0,0,8,223,0,0,0,2,0,57,0,1,0,0,0,0,105,
14,7100,תל אביב  יפו,5000,777.3,92,0,647,453,5,448,25,4,3,0,0,0,9,0,0,0,0,0,0,0,0,11,216,1,0,0,3,0,73,0,0,0,0,0,0,103,
14,7101,תל אביב  יפו,5000,780,211,0,610,379,4,375,17,10,5,0,0,0,4,0,0,0,0,0,0,0,0,2,184,0,0,0,1,0,52,0,0,0,0,0,0,100,
14,7102,תל אביב  יפו,5000,781,211,0,640,407,7,400,24,10,4,0,0,0,9,0,0,0,0,0,0,0,0,11,179,0,0,0,4,0,57,0,0,0,0,0,0,102,
14,7103,תל אביב  יפו,5000,782,26,0,693,459,1,458,46,5,7,0,0,0,10,0,0,0,0,0,0,0,1,5,209,0,0,0,1,0,69,0,0,0,0,0,0,105,
14,7104,תל אביב  יפו,5000,783,246,0,609,423,1,422,45,2,12,0,0,0,6,0,0,0,0,0,0,0,0,7,178,0,0,0,0,0,94,0,0,0,0,0,0,78,
14,7105,תל אביב  יפו,5000,784,95,0,560,290,5,285,39,8,22,0,0,0,4,0,0,0,0,0,1,0,0,6,66,0,0,0,1,0,63,0,0,0,0,0,0,75,
14,7106,תל אביב  יפו,5000,785,26,0,586,410,6,404,24,3,13,1,0,0,13,0,0,0,0,0,0,0,0,7,185,0,0,0,2,1,56,0,0,0,0,0,0,99,
14,7107,תל אביב  יפו,5000,786,95,0,663,353,2,351,37,12,13,0,0,0,3,0,0,0,0,0,0,0,1,6,150,0,0,0,2,0,59,0,0,0,0,0,0,68,
14,7108,תל אביב  יפו,5000,787,95,0,700,413,6,407,73,6,23,1,0,0,6,0,0,0,0,0,0,0,0,3,126,0,0,0,4,0,59,0,0,0,0,0,0,106,
14,7109,תל אביב  יפו,5000,788,95,0,476,285,0,285,32,5,8,0,0,0,7,0,0,0,0,0,0,0,0,6,123,0,0,0,4,0,47,0,0,0,0,0,0,53,
14,7110,תל אביב  יפו,5000,791,21,0,649,390,2,388,112,2,40,0,0,0,6,0,0,0,0,0,0,0,1,8,69,1,0,0,7,0,120,1,0,0,0,0,0,21,
14,7111,תל אביב  יפו,5000,792,21,0,660,329,2,327,53,3,23,3,0,0,7,0,0,0,0,0,0,0,0,3,119,0,0,0,1,0,60,0,0,0,0,0,0,55,
14,7112,תל אביב  יפו,5000,793,246,0,677,401,3,398,32,8,4,0,0,0,11,0,0,1,0,0,0,0,1,8,211,0,0,0,1,0,74,0,0,0,0,0,0,47,
14,7113,תל אביב  יפו,5000,960,35,0,706,565,0,565,84,3,5,2,0,0,12,1,0,0,0,0,0,0,0,10,96,0,0,0,1,0,343,0,0,0,0,0,0,8,
14,7114,תל אביב  יפו,5000,963.1,146,0,520,320,1,319,34,8,2,1,0,0,14,0,0,0,0,0,0,0,0,12,128,1,0,0,0,0,79,0,1,0,0,0,0,39,
14,7115,תל אביב  יפו,5000,963.2,146,0,519,343,3,340,29,10,4,1,0,0,9,0,0,0,0,0,0,0,0,12,153,0,0,0,4,0,70,0,0,0,0,0,0,48,
14,7116,תל אביב  יפו,5000,259,2,0,531,271,3,268,57,4,12,1,0,0,8,0,0,0,0,0,0,0,0,5,63,0,0,0,1,0,113,0,0,0,0,0,0,4,
14,7117,תל אביב  יפו,5000,260,2,0,531,267,1,266,54,2,3,0,0,0,9,0,0,0,0,0,0,0,0,8,66,0,0,0,0,0,113,0,0,0,0,0,0,11,
14,7118,תל אביב  יפו,5000,278,256,0,790,586,0,586,81,0,3,2,0,0,9,0,0,0,0,0,0,0,0,11,98,0,0,0,0,0,381,0,0,0,0,0,0,1,
14,7119,תל אביב  יפו,5000,307,256,0,744,594,2,592,75,1,7,3,0,0,13,0,0,0,0,0,0,0,0,19,98,0,0,0,0,0,373,1,0,0,0,0,0,2,
14,7120,תל אביב  יפו,5000,431.1,90,0,641,398,0,398,86,6,14,0,0,0,8,0,0,0,0,0,0,0,0,3,70,0,0,0,1,0,206,0,0,0,0,0,0,4,
14,7121,תל אביב  יפו,5000,431.2,90,0,641,389,2,387,106,2,11,1,0,0,6,0,0,0,1,0,0,0,0,10,50,1,0,0,0,0,196,0,0,0,0,1,0,2,
14,7122,תל אביב  יפו,5000,431.3,90,0,641,359,1,358,85,11,16,1,0,0,4,0,0,0,0,0,0,0,0,4,33,0,0,0,0,0,202,0,0,0,0,0,0,2,
14,7123,תל אביב  יפו,5000,431.4,90,0,641,390,1,389,104,6,14,0,0,0,6,0,2,0,0,0,0,0,0,10,52,0,0,0,0,0,188,1,0,0,0,0,0,6,
14,7124,תל אביב  יפו,5000,431.5,90,0,641,351,0,351,86,2,17,3,0,0,5,0,0,0,0,0,0,0,0,13,42,0,0,0,1,0,180,0,0,0,0,0,0,2,
14,7125,תל אביב  יפו,5000,431.6,90,0,641,363,0,363,94,6,13,0,0,0,2,0,0,0,0,0,0,0,0,16,36,1,0,0,0,0,193,0,0,0,0,0,0,2,
14,7126,תל אביב  יפו,5000,431.7,90,1,637,394,2,392,109,9,9,0,0,0,3,0,0,0,0,0,0,0,0,7,43,0,0,0,0,0,212,0,0,0,0,0,0,0,
14,7127,תל אביב  יפו,5000,435,192,0,586,367,3,364,93,2,22,1,0,0,4,0,0,0,0,0,0,0,0,9,34,0,0,0,1,0,198,0,0,0,0,0,0,0,
14,7128,תל אביב  יפו,5000,436,192,0,616,371,0,371,85,8,19,2,0,0,3,0,0,0,0,0,0,0,0,7,47,0,0,0,1,0,193,0,0,0,0,0,0,6,
14,7129,תל אביב  יפו,5000,438,192,0,662,419,0,419,83,1,8,1,0,0,4,0,0,0,0,0,0,0,0,5,70,0,0,0,0,0,238,1,0,0,0,0,0,8,
14,7130,תל אביב  יפו,5000,447,2,0,721,423,1,422,85,1,21,0,0,0,5,0,0,0,0,0,0,0,0,8,79,0,0,0,1,0,218,0,0,0,0,0,0,4,
14,7131,תל אביב  יפו,5000,473.1,94,0,587,334,3,331,73,11,18,1,0,0,4,0,0,0,0,0,0,0,0,9,44,0,0,0,1,0,167,0,0,0,0,0,0,3,
14,7132,תל אביב  יפו,5000,473.2,94,0,587,340,1,339,64,6,12,1,0,0,9,0,0,0,0,0,0,0,0,7,41,0,0,0,1,0,194,0,0,0,0,0,0,4,
14,7133,תל אביב  יפו,5000,473.3,94,0,587,353,1,352,60,8,7,1,0,0,5,0,0,0,0,0,0,0,0,3,39,0,0,0,0,0,226,0,0,0,0,0,0,3,
14,7134,תל אביב  יפו,5000,473.4,94,0,584,334,2,332,69,11,12,1,0,0,7,0,0,0,0,0,0,0,0,10,34,0,0,0,1,0,183,0,0,0,0,0,0,4,
14,7135,תל אביב  יפו,5000,476,2,0,591,197,25,172,23,1,4,1,0,0,2,0,0,0,0,0,0,0,0,4,46,0,0,0,0,0,87,0,0,0,0,0,0,4,
14,7136,תל אביב  יפו,5000,477,2,0,610,227,0,227,43,0,2,1,0,0,4,0,0,0,0,0,0,0,0,8,52,2,0,0,1,0,111,0,0,0,0,0,0,3,
14,7137,תל אביב  יפו,5000,478,2,0,574,219,0,219,38,1,6,0,0,0,1,0,0,0,0,0,0,0,0,10,38,0,0,0,1,0,115,0,0,0,0,0,0,9,
14,7138,תל אביב  יפו,5000,480,2,0,564,276,0,276,46,5,10,2,0,0,5,0,0,0,0,0,0,0,0,7,62,1,0,0,0,0,120,0,0,0,0,0,0,18,
14,7139,תל אביב  יפו,5000,481,24,0,580,198,2,196,18,0,2,1,0,0,3,0,0,0,0,0,0,0,0,5,84,0,0,0,0,0,69,0,0,0,0,0,0,14,
14,7140,תל אביב  יפו,5000,482,24,0,634,244,0,244,43,3,4,0,0,0,10,0,0,0,0,0,0,0,0,4,72,0,0,0,1,0,102,0,0,0,0,0,1,4,
14,7141,תל אביב  יפו,5000,483,190,0,753,371,1,370,54,2,9,2,0,0,9,0,0,0,0,0,0,0,0,9,108,0,0,0,0,0,159,0,0,0,0,0,0,18,
14,7142,תל אביב  יפו,5000,487,190,0,751,335,1,334,81,0,12,0,0,0,10,0,0,0,0,0,0,0,0,15,51,1,0,0,0,0,157,0,0,0,0,0,0,7,
14,7143,תל אביב  יפו,5000,488,190,0,563,303,3,300,66,1,10,0,0,0,2,0,0,0,0,0,0,0,0,4,60,0,0,0,0,0,157,0,0,0,0,0,0,0,
14,7144,תל אביב  יפו,5000,491,24,0,522,230,0,230,52,3,7,0,0,0,1,0,0,0,0,0,0,0,0,6,41,0,0,0,1,0,117,1,1,0,0,0,0,0,
14,7145,תל אביב  יפו,5000,492,24,0,519,305,0,305,63,8,10,1,0,0,4,0,0,0,0,0,0,0,0,7,53,0,0,0,1,0,144,0,0,0,0,0,0,14,
14,7146,תל אביב  יפו,5000,493,24,0,567,310,3,307,73,0,16,0,0,0,5,0,0,0,0,0,0,0,0,9,60,0,0,0,0,0,139,0,0,0,0,0,0,5,
14,7147,תל אביב  יפו,5000,495.1,60,0,646,364,0,364,77,5,9,0,0,0,6,0,0,0,0,0,0,0,0,19,50,0,0,0,0,0,191,0,0,0,0,0,0,7,
14,7148,תל אביב  יפו,5000,495.2,60,0,646,338,0,338,75,7,13,1,0,0,2,0,0,0,0,0,0,0,0,9,53,1,0,0,0,0,175,0,0,0,0,0,0,2,
14,7149,תל אביב  יפו,5000,495.3,60,0,646,352,0,352,81,6,17,1,0,0,7,0,0,0,0,0,0,0,0,5,26,0,0,0,0,0,206,0,0,0,0,0,0,3,
14,7150,תל אביב  יפו,5000,495.4,60,0,646,357,0,357,73,7,17,1,0,0,8,0,0,0,0,0,0,0,0,11,47,0,0,0,0,0,191,0,0,0,0,0,0,2,
14,7151,תל אביב  יפו,5000,495.5,60,0,646,390,2,388,66,3,12,0,0,0,4,0,0,0,0,0,0,0,0,13,62,0,0,0,0,0,224,0,0,0,0,0,0,4,
14,7152,תל אביב  יפו,5000,495.6,60,0,646,352,0,352,73,4,8,1,0,0,7,0,0,0,0,0,0,0,0,11,45,0,0,0,0,0,198,0,0,0,0,0,0,5,
14,7153,תל אביב  יפו,5000,495.7,60,0,646,321,1,320,59,6,14,0,0,0,4,0,0,0,0,0,0,0,0,5,55,1,0,0,0,0,175,0,0,0,0,0,0,1,
14,7154,תל אביב  יפו,5000,495.8,60,0,646,325,2,323,58,3,10,0,0,0,2,0,0,0,0,0,0,0,0,9,40,0,1,0,0,0,197,0,0,0,0,0,0,3,
14,7155,תל אביב  יפו,5000,495.9,60,0,643,394,1,393,89,7,21,1,0,0,7,0,0,0,0,0,0,0,0,7,43,1,0,0,0,0,212,1,0,0,0,0,0,4,
14,7156,תל אביב  יפו,5000,529,24,0,661,369,1,368,51,5,6,0,0,0,9,0,0,0,0,0,0,0,0,6,136,1,0,0,0,0,133,0,0,0,0,0,0,21,
14,7157,תל אביב  יפו,5000,533,93,0,630,339,5,334,48,7,7,1,0,0,4,0,0,0,0,0,0,0,0,8,96,0,0,0,2,0,145,0,0,0,0,0,0,16,
14,7158,תל אביב  יפו,5000,534,93,0,722,397,0,397,62,4,8,0,0,0,9,0,0,0,0,0,0,0,0,10,102,3,0,0,1,0,177,0,0,0,0,0,0,21,
14,7159,תל אביב  יפו,5000,535,191,0,606,327,1,326,61,1,6,0,0,0,6,0,0,0,0,0,0,0,0,6,71,0,0,0,1,0,162,1,0,0,0,0,0,11,
14,7160,תל אביב  יפו,5000,536,93,0,582,332,4,328,49,2,10,0,0,0,4,0,0,0,0,0,0,0,0,12,74,1,0,0,0,1,163,0,0,0,0,0,0,12,
14,7161,תל אביב  יפו,5000,546,191,0,535,213,0,213,26,0,5,0,0,0,2,0,0,0,0,0,0,0,0,6,81,0,0,0,3,0,85,0,0,0,0,0,0,5,
14,7162,תל אביב  יפו,5000,547,191,0,520,274,0,274,40,4,11,1,0,0,2,0,0,0,0,0,0,0,0,4,64,0,0,0,0,0,142,0,0,1,0,0,0,5,
14,7163,תל אביב  יפו,5000,548,191,0,666,391,2,389,80,7,8,0,0,0,15,0,0,0,0,0,0,0,0,8,69,0,0,0,2,0,192,0,0,0,0,0,0,8,
14,7164,תל אביב  יפו,5000,568,93,0,618,345,1,344,102,0,16,1,0,0,8,0,0,0,0,0,0,1,0,10,36,0,0,0,0,0,164,1,0,0,0,0,0,5,
14,7165,תל אביב  יפו,5000,569,69,0,566,320,0,320,100,0,14,1,0,0,7,0,0,0,0,0,0,0,0,7,40,0,0,0,0,0,143,0,2,0,0,0,0,6,
14,7166,תל אביב  יפו,5000,570,69,0,657,325,0,325,88,2,12,2,0,0,2,0,0,0,0,0,0,0,0,5,60,0,0,0,0,0,147,0,0,0,0,0,0,7,
14,7167,תל אביב  יפו,5000,574,69,0,560,303,1,302,55,2,14,0,0,0,2,0,0,0,0,0,0,1,0,9,62,1,0,0,0,1,147,0,0,0,0,0,0,8,
14,7168,תל אביב  יפו,5000,575.1,235,0,613,384,1,383,81,1,19,1,0,0,5,0,0,0,0,0,0,0,0,13,68,0,0,0,0,0,187,0,0,0,0,0,0,8,
14,7169,תל אביב  יפו,5000,575.2,235,0,613,344,0,344,78,0,13,3,0,0,4,0,0,0,0,0,0,0,0,14,52,0,0,0,0,0,173,1,1,0,0,0,0,5,
14,7170,תל אביב  יפו,5000,575.3,235,0,613,371,3,368,92,1,19,3,0,0,7,0,0,0,0,0,0,0,0,13,35,1,0,0,0,0,194,0,0,0,0,0,0,3,
14,7171,תל אביב  יפו,5000,575.4,235,0,613,363,0,363,78,3,18,2,0,0,2,0,0,0,0,0,0,0,0,8,63,0,0,0,0,0,181,0,0,0,0,0,0,8,
14,7172,תל אביב  יפו,5000,575.5,235,0,613,365,0,365,89,1,17,1,0,0,3,0,0,0,0,0,0,0,0,10,50,1,0,0,0,1,183,0,0,0,0,0,0,9,
14,7173,תל אביב  יפו,5000,575.6,235,0,613,336,0,336,61,2,20,1,0,0,12,0,0,0,0,0,0,0,1,13,49,0,0,0,1,0,169,0,0,0,0,1,0,6,
14,7174,תל אביב  יפו,5000,575.7,235,0,613,358,0,358,82,1,15,2,0,0,4,0,0,0,0,0,0,0,0,13,42,0,0,0,1,0,197,0,0,0,0,0,0,1,
14,7175,תל אביב  יפו,5000,575.8,235,0,611,386,0,386,87,1,19,0,0,0,10,0,0,0,0,0,0,1,0,4,43,1,1,0,1,0,216,0,0,0,0,0,0,2,
14,7176,תל אביב  יפו,5000,576,247,0,659,371,1,370,94,0,18,3,0,0,2,0,0,0,0,0,0,0,0,11,56,1,0,0,1,0,178,0,0,0,0,0,0,6,
14,7177,תל אביב  יפו,5000,577,69,0,703,353,2,351,88,0,10,1,0,0,4,0,0,0,0,0,0,0,0,8,52,0,0,0,1,0,184,0,0,0,0,0,0,3,
14,7178,תל אביב  יפו,5000,578,69,0,785,432,3,429,114,0,19,1,0,0,11,0,1,0,0,0,0,0,0,13,53,1,0,0,1,0,210,0,0,0,0,0,0,5,
14,7179,תל אביב  יפו,5000,579,69,0,759,411,0,411,105,4,21,0,0,0,3,0,0,0,0,0,0,0,0,10,50,0,0,0,2,0,210,0,0,0,0,0,0,6,
14,7180,תל אביב  יפו,5000,581,69,0,783,490,0,490,123,1,21,1,0,0,9,0,0,0,0,0,0,0,0,17,65,0,0,0,0,0,246,0,0,0,0,0,0,7,
14,7181,תל אביב  יפו,5000,593,247,0,565,325,2,323,99,0,17,1,0,0,3,0,0,0,0,0,0,0,0,7,34,0,0,0,0,0,161,0,0,0,0,0,0,1,
14,7182,תל אביב  יפו,5000,611,20,0,726,465,0,465,139,19,36,0,0,0,2,0,0,0,0,0,0,0,0,8,38,0,0,0,0,0,220,0,0,0,0,0,0,3,
14,7183,תל אביב  יפו,5000,612,20,0,658,445,1,444,148,25,27,0,0,0,7,0,0,0,0,0,0,0,0,6,24,0,0,0,0,0,203,0,2,0,0,0,0,2,
14,7184,תל אביב  יפו,5000,613,20,0,766,498,2,496,102,31,31,3,0,0,2,0,0,0,0,0,0,0,0,5,46,1,0,0,0,0,269,1,0,1,0,0,0,4,
14,7185,תל אביב  יפו,5000,614,20,0,562,390,1,389,109,27,39,1,0,0,6,0,0,0,0,0,0,0,0,3,29,0,0,0,0,0,167,0,0,0,0,0,0,8,
14,7186,תל אביב  יפו,5000,616,256,0,542,343,0,343,111,9,5,0,0,0,4,0,0,0,0,0,0,0,0,4,26,0,1,0,0,0,179,0,0,0,0,0,0,4,
14,7187,תל אביב  יפו,5000,824,152,0,450,250,1,249,49,2,21,0,0,0,4,0,0,0,0,0,0,0,0,6,29,0,0,0,0,0,136,0,0,0,0,0,0,2,
14,7188,תל אביב  יפו,5000,825,194,0,773,395,1,394,109,2,27,1,0,0,5,0,0,0,0,0,0,0,0,11,46,0,0,0,4,0,183,0,0,0,0,0,0,6,
14,7189,תל אביב  יפו,5000,826,194,0,597,308,0,308,57,1,26,0,0,0,4,0,0,0,0,0,0,0,0,41,47,0,0,0,0,0,128,0,0,0,0,0,0,4,
14,7190,תל אביב  יפו,5000,827.1,210,0,534,260,0,260,64,0,16,1,0,0,1,0,0,0,0,0,0,0,0,7,57,0,0,0,0,0,106,0,0,0,0,0,0,8,
14,7191,תל אביב  יפו,5000,827.2,210,0,534,227,0,227,50,0,11,1,0,0,4,0,0,0,0,0,0,0,0,12,37,0,0,0,0,0,103,0,0,0,0,0,0,9,
14,7192,תל אביב  יפו,5000,827.3,210,0,534,250,1,249,57,2,24,0,0,0,3,0,0,0,0,0,0,0,0,6,44,0,0,0,0,0,107,0,0,0,0,0,0,6,
14,7193,תל אביב  יפו,5000,828,194,0,704,418,1,417,89,0,41,0,0,0,8,0,0,0,0,0,0,0,0,9,66,1,0,0,1,0,199,0,0,0,0,0,0,3,
14,7194,תל אביב  יפו,5000,835,75,0,706,496,2,494,20,5,0,1,0,0,6,0,0,0,0,0,0,0,0,10,242,0,0,0,1,0,53,0,0,0,1,0,0,155,
14,7195,תל אביב  יפו,5000,836,257,0,684,287,1,286,65,1,90,0,0,0,1,0,0,0,0,0,0,0,0,6,24,0,0,0,1,0,95,0,0,0,0,0,0,3,
14,7196,תל אביב  יפו,5000,837.1,203,0,636,336,2,334,23,1,47,1,0,0,10,0,0,0,0,0,0,0,0,16,120,0,0,1,1,0,78,0,0,0,0,0,0,36,
14,7197,תל אביב  יפו,5000,837.2,203,0,636,362,1,361,30,3,26,0,0,0,6,0,0,0,0,0,0,0,1,21,155,0,0,0,0,0,57,0,0,0,0,1,1,60,
14,7198,תל אביב  יפו,5000,837.3,203,0,634,331,6,325,25,1,56,1,0,0,5,0,0,0,1,0,0,0,0,29,100,0,0,0,1,1,71,0,0,0,1,0,0,33,
14,7199,תל אביב  יפו,5000,838,257,0,769,405,1,404,73,0,164,0,0,0,3,0,0,0,0,0,0,0,0,0,69,0,0,0,0,0,85,0,0,0,0,0,0,10,
14,7200,תל אביב  יפו,5000,839,250,0,640,439,1,438,4,7,3,0,0,0,12,0,0,0,0,0,0,0,0,14,190,0,0,0,2,0,54,0,1,0,0,0,0,151,
14,7201,תל אביב  יפו,5000,840,204,0,506,313,5,308,8,0,3,0,0,0,9,0,0,0,0,0,0,0,0,6,150,0,0,0,1,0,26,0,0,0,0,0,0,105,
14,7202,תל אביב  יפו,5000,841,204,0,590,368,1,367,13,2,0,0,0,0,5,0,0,0,0,0,0,0,0,15,174,0,0,0,3,0,52,0,0,0,0,0,0,103,
14,7203,תל אביב  יפו,5000,843,23,1,614,345,7,338,12,2,1,0,0,0,6,0,0,0,0,0,0,0,1,7,171,1,1,0,1,0,51,0,0,0,0,0,0,84,
14,7204,תל אביב  יפו,5000,844,75,0,491,313,2,311,8,4,0,0,0,0,9,0,0,0,0,0,0,0,0,12,160,0,1,0,0,0,29,0,0,0,0,0,0,88,
14,7205,תל אביב  יפו,5000,845,75,0,522,342,0,342,16,1,0,0,0,0,15,0,0,0,0,0,0,0,0,9,181,1,0,0,0,0,30,0,0,0,0,0,0,89,
14,7206,תל אביב  יפו,5000,846,204,0,687,370,3,367,11,5,1,0,0,0,10,0,0,0,0,0,0,0,0,16,154,1,0,0,1,0,51,0,0,0,0,0,0,117,
14,7207,תל אביב  יפו,5000,847,46,0,751,426,2,424,71,2,118,0,0,0,6,0,0,1,0,0,0,0,0,6,70,0,0,0,3,0,139,0,0,0,0,0,0,8,
14,7208,תל אביב  יפו,5000,848,47,0,677,318,5,313,35,1,73,0,0,0,9,0,0,0,0,0,0,0,0,11,74,1,0,0,3,0,94,0,0,0,0,0,0,12,
14,7209,תל אביב  יפו,5000,849,47,0,692,347,2,345,28,2,84,0,0,0,7,0,0,1,0,0,0,0,1,23,113,1,0,0,0,0,68,0,0,0,0,0,0,17,
14,7210,תל אביב  יפו,5000,854,47,1,592,298,1,297,38,1,57,0,0,0,11,0,0,0,0,0,0,0,0,13,96,0,0,0,2,0,66,0,0,0,0,0,0,13,
14,7211,תל אביב  יפו,5000,856,201,1,450,268,1,267,13,1,5,0,0,0,5,0,0,0,0,1,0,0,1,33,119,0,0,0,3,0,57,1,0,0,0,0,1,27,
14,7212,תל אביב  יפו,5000,858,23,0,457,261,2,259,5,3,2,0,0,0,1,0,0,0,0,0,0,0,0,13,143,0,0,0,1,0,33,0,0,0,0,0,0,58,
14,7213,תל אביב  יפו,5000,859,201,0,630,328,3,325,7,2,24,0,0,0,8,0,0,0,0,0,0,0,0,43,129,0,0,0,0,0,60,0,0,1,0,0,0,51,
14,7214,תל אביב  יפו,5000,860,204,0,564,365,1,364,12,1,1,0,0,0,3,0,0,0,0,0,0,0,0,15,155,0,0,0,2,0,52,0,0,0,0,0,0,123,
14,7215,תל אביב  יפו,5000,863,201,0,499,328,0,328,19,1,30,1,0,0,6,0,0,0,0,0,1,0,0,57,102,0,0,0,0,0,80,0,0,0,1,0,0,30,
14,7216,תל אביב  יפו,5000,865,46,0,654,373,1,372,26,1,120,0,0,0,10,0,0,0,0,0,0,0,0,6,89,0,0,0,0,1,85,0,0,0,0,0,0,34,
14,7217,תל אביב  יפו,5000,866.1,200,0,689,340,1,339,7,0,63,0,0,0,7,0,0,0,0,0,0,0,0,12,167,1,0,0,1,0,45,0,1,0,1,0,0,34,
14,7218,תל אביב  יפו,5000,866.2,200,0,689,348,3,345,17,0,13,1,0,0,8,1,0,0,0,0,0,0,0,30,181,0,0,0,0,0,59,0,0,1,0,0,1,33,
14,7219,תל אביב  יפו,5000,866.3,200,0,689,382,6,376,22,5,25,2,0,0,5,0,0,0,0,0,0,0,0,37,161,0,0,0,2,0,76,1,0,1,0,0,0,39,
14,7220,תל אביב  יפו,5000,866.4,200,0,689,365,5,360,25,3,35,1,0,0,10,0,0,0,0,0,0,0,1,36,160,0,0,0,1,0,52,0,0,0,0,0,0,36,
14,7221,תל אביב  יפו,5000,866.5,200,0,688,329,13,316,20,1,15,0,0,0,11,0,0,0,0,0,0,1,0,51,106,0,0,0,4,0,76,0,0,0,0,0,0,31,
14,7222,תל אביב  יפו,5000,869,48,0,388,214,4,210,7,0,60,0,0,0,8,0,0,0,0,0,0,0,1,15,72,0,0,0,0,1,31,0,0,0,0,0,1,14,
14,7223,תל אביב  יפו,5000,870,48,0,466,234,3,231,9,2,44,0,0,0,1,0,0,0,0,0,0,0,1,39,80,0,0,0,2,0,36,0,0,1,0,0,0,16,
14,7224,תל אביב  יפו,5000,871,48,0,616,249,2,247,14,0,36,0,1,0,6,0,0,0,0,0,0,0,0,26,99,1,0,0,1,0,45,1,0,0,0,0,0,17,
14,7225,תל אביב  יפו,5000,872,48,0,560,301,6,295,8,1,46,1,0,0,6,0,0,0,0,0,0,0,0,45,116,0,0,0,0,0,46,0,0,0,0,0,0,26,
14,7226,תל אביב  יפו,5000,873,202,0,694,374,1,373,12,1,116,0,0,0,2,0,0,0,0,0,0,0,0,24,126,0,0,0,1,0,75,0,0,0,0,0,0,16,
14,7227,תל אביב  יפו,5000,874,48,0,499,252,1,251,8,2,32,0,0,0,2,0,0,0,1,0,0,0,0,33,114,0,0,0,0,0,41,0,0,0,0,0,1,17,
14,7228,תל אביב  יפו,5000,875,230,0,616,301,2,299,26,1,87,0,0,0,10,0,0,0,0,0,0,0,0,9,66,0,0,0,0,1,93,1,0,0,0,0,0,5,
14,7229,תל אביב  יפו,5000,876,230,0,739,434,7,427,20,0,373,0,0,0,0,0,0,0,0,0,0,0,0,1,10,0,0,0,1,0,20,0,2,0,0,0,0,0,
14,7230,תל אביב  יפו,5000,877,250,0,606,381,2,379,11,5,5,0,0,0,5,0,0,0,0,0,0,0,0,18,167,0,1,0,3,0,63,0,0,0,0,0,0,101,
14,7231,תל אביב  יפו,5000,878,76,0,784,396,4,392,37,0,244,0,0,0,9,0,1,0,0,0,0,0,0,6,34,0,0,0,1,0,58,1,0,0,0,0,0,1,
14,7232,תל אביב  יפו,5000,879,76,0,582,313,1,312,24,2,196,1,0,0,4,0,0,0,0,1,0,0,0,5,22,0,0,0,0,0,53,0,1,0,0,0,0,3,
14,7233,תל אביב  יפו,5000,880,118,0,510,293,3,290,30,0,187,0,0,0,0,0,0,0,0,0,0,0,0,2,13,0,0,0,0,0,56,1,0,0,0,0,0,1,
14,7234,תל אביב  יפו,5000,881,249,0,621,351,1,350,16,1,58,0,0,0,3,0,0,0,0,0,0,0,0,28,129,1,0,0,1,0,65,0,0,0,0,0,0,48,
14,7235,תל אביב  יפו,5000,882,118,0,566,375,1,374,65,1,122,0,0,0,2,0,0,0,0,0,0,0,0,4,39,2,0,0,0,0,136,0,0,0,0,0,0,3,
14,7236,תל אביב  יפו,5000,883,118,0,533,304,0,304,36,2,139,0,0,0,4,0,0,0,0,0,0,0,0,1,47,5,0,0,0,0,66,0,0,0,0,0,0,4,
14,7237,תל אביב  יפו,5000,884,257,0,722,374,4,370,46,1,207,1,0,0,2,0,0,0,0,0,0,0,0,7,33,0,0,0,0,0,65,0,0,0,0,0,0,8,
14,7238,תל אביב  יפו,5000,885,257,0,800,432,4,428,56,0,245,0,0,0,3,0,0,0,0,0,0,0,0,7,20,0,0,0,5,0,87,0,0,1,1,0,0,3,
14,7239,תל אביב  יפו,5000,886,257,1,719,360,3,357,42,0,174,0,0,0,4,0,0,0,0,0,0,1,0,4,47,1,0,0,2,0,77,0,0,0,0,0,0,5,
14,7240,תל אביב  יפו,5000,887,257,0,781,452,1,451,109,1,128,0,0,0,4,0,0,0,0,0,0,0,0,5,33,0,0,0,1,0,169,0,0,0,0,0,0,1,
14,7241,תל אביב  יפו,5000,888,257,0,631,355,2,353,44,0,200,0,0,0,2,0,0,0,0,0,0,0,0,4,28,0,0,0,2,1,68,0,0,0,0,0,0,4,
14,7242,תל אביב  יפו,5000,889.1,84,0,698,322,1,321,70,4,73,0,0,0,4,1,0,0,0,0,0,0,0,3,36,0,0,0,0,0,126,0,0,0,1,0,0,3,
14,7243,תל אביב  יפו,5000,889.2,84,0,698,382,2,380,93,2,52,0,0,0,5,0,0,0,0,0,0,0,0,10,31,0,0,0,0,1,186,0,0,0,0,0,0,0,
14,7244,תל אביב  יפו,5000,889.3,84,1,698,362,4,358,58,0,90,1,0,0,6,0,0,0,0,0,0,0,0,7,47,0,0,0,0,0,148,0,0,0,0,0,0,1,
14,7245,תל אביב  יפו,5000,889.4,84,0,698,385,1,384,83,0,122,1,0,0,3,0,0,0,0,0,0,0,1,6,32,1,0,0,0,0,131,0,0,0,0,0,0,4,
14,7246,תל אביב  יפו,5000,889.5,84,0,695,397,0,397,103,1,41,0,0,0,5,0,0,0,0,0,0,0,0,4,33,1,0,0,0,0,206,1,0,0,0,0,0,2,
14,7247,תל אביב  יפו,5000,894,202,0,739,342,1,341,20,0,142,0,0,0,8,0,0,0,0,1,0,0,0,27,91,1,1,0,1,0,39,0,0,1,1,0,0,8,
14,7248,תל אביב  יפו,5000,895,48,0,486,270,2,268,19,0,48,0,0,0,8,0,0,0,0,0,0,0,0,28,99,0,0,0,0,0,47,0,0,0,0,0,0,19,
14,7249,תל אביב  יפו,5000,896.1,27,0,546,317,5,312,11,1,11,0,0,0,2,0,0,0,0,0,0,0,0,38,157,1,0,0,1,0,54,0,0,0,0,0,0,36,
14,7250,תל אביב  יפו,5000,896.2,27,0,546,280,0,280,6,2,13,0,0,0,4,0,0,0,0,0,0,0,0,31,136,0,0,0,1,0,55,0,0,0,0,0,0,32,
14,7251,תל אביב  יפו,5000,896.3,27,0,546,282,2,280,15,3,17,0,0,0,3,0,0,0,0,0,0,0,0,31,123,0,0,0,0,0,60,0,0,0,0,0,0,28,
14,7252,תל אביב  יפו,5000,897,249,0,540,315,0,315,7,2,12,0,0,0,2,0,0,0,0,0,0,0,0,31,149,0,1,0,0,0,86,0,0,0,0,0,0,25,
14,7253,תל אביב  יפו,5000,916.1,113,0,634,306,1,305,42,0,128,2,0,0,1,0,0,0,0,0,0,0,0,6,27,0,0,0,1,1,92,0,0,0,0,0,0,5,
14,7254,תל אביב  יפו,5000,916.2,113,1,634,324,2,322,41,0,159,0,0,0,1,1,1,0,0,0,0,0,0,3,19,1,0,0,0,0,92,0,1,0,1,0,2,0,
14,7255,תל אביב  יפו,5000,916.3,113,0,634,320,0,320,34,0,184,0,0,0,0,0,0,0,0,0,0,0,0,3,15,0,0,0,0,0,84,0,0,0,0,0,0,0,
14,7256,תל אביב  יפו,5000,916.4,113,0,633,329,3,326,51,1,107,0,0,0,0,0,0,0,0,0,0,0,0,1,26,0,0,0,0,0,136,0,0,0,0,0,0,4,
14,7257,תל אביב  יפו,5000,923,51,0,772,384,1,383,29,0,291,0,0,0,2,0,0,0,0,0,0,0,1,1,11,0,0,0,0,0,48,0,0,0,0,0,0,0,
14,7258,תל אביב  יפו,5000,925,51,0,673,376,2,374,27,0,242,0,0,0,3,0,0,0,0,0,0,0,0,0,21,0,0,0,0,0,80,0,0,0,0,0,0,1,
14,7259,תל אביב  יפו,5000,926,110,0,757,446,3,443,24,0,321,0,0,0,9,0,0,0,0,0,1,1,0,1,17,1,0,0,1,0,62,0,0,0,0,2,0,3,
14,7260,תל אביב  יפו,5000,927,230,0,793,387,6,381,23,0,260,0,0,0,3,0,0,0,1,0,0,0,0,44,17,1,0,2,0,0,25,0,0,3,0,1,1,0,
14,7261,תל אביב  יפו,5000,934,240,0,802,389,1,388,45,0,180,0,0,0,8,0,0,0,0,0,0,0,0,0,36,0,0,0,0,0,109,0,0,0,0,0,1,9,
14,7263,תל אביב  יפו,5000,967,152,0,419,232,3,229,38,3,43,0,0,0,7,0,0,0,0,0,0,0,0,6,33,0,0,0,0,0,95,0,0,0,0,0,0,4,
5,1689,תל יוסף,84,1,1,0,370,277,0,277,66,0,3,0,0,0,9,0,0,0,0,0,0,0,0,7,9,0,1,0,0,0,180,0,0,0,0,0,0,2,
5,2013,תל עדשים,103,1,1,0,447,344,0,344,36,3,3,1,0,0,13,0,0,0,0,0,0,0,0,9,79,0,0,0,0,0,200,0,0,0,0,0,0,0,
5,2014,תל עדשים,103,2,1,0,403,306,0,306,21,5,2,1,0,0,12,0,0,0,0,0,0,0,0,10,82,2,0,0,1,0,170,0,0,0,0,0,0,0,
2,736,אבו גוש,472,1,1,0,530,299,7,292,15,1,229,0,0,0,0,0,0,1,0,0,1,0,0,0,32,0,0,0,0,0,11,0,0,0,0,0,0,2,
2,737,אבו גוש,472,2,1,0,693,388,6,382,6,0,330,0,0,0,0,0,0,2,0,0,0,0,0,2,23,0,0,0,0,0,18,0,0,0,0,0,1,0,
2,738,אבו גוש,472,3,2,0,585,344,4,340,3,0,258,0,0,0,1,0,0,1,0,0,0,0,0,0,51,0,0,0,1,0,18,0,0,0,0,0,1,6,
2,739,אבו גוש,472,4,4,0,775,464,6,458,16,0,364,0,0,0,1,0,0,1,0,0,0,0,0,0,52,0,0,0,0,0,21,0,1,0,0,0,0,2,
2,740,אבו גוש,472,5,2,0,543,266,2,264,11,0,201,0,0,0,1,0,0,0,1,0,0,0,0,0,40,0,0,0,1,1,6,0,0,0,0,0,0,2,
2,741,אבו גוש,472,6,4,0,676,386,9,377,13,0,310,0,0,0,1,0,0,0,0,0,0,0,0,1,24,0,0,0,1,0,24,0,1,0,0,0,1,1,
2,742,אבו גוש,472,7,1,0,562,320,1,319,6,0,260,0,0,0,0,0,0,0,0,0,0,0,0,1,32,0,0,0,0,0,17,0,0,0,0,1,1,1,
2,743,אבו גוש,472,8,2,0,457,251,1,250,5,3,205,0,0,0,1,0,0,0,0,0,0,0,0,1,26,0,0,0,0,1,8,0,0,0,0,0,0,0,
6,2334,אבו סנאן,473,1,1,0,738,546,2,544,13,2,472,0,1,0,2,0,0,6,1,0,0,0,0,4,16,1,0,0,0,0,17,0,2,1,0,0,0,6,
6,2335,אבו סנאן,473,2,1,0,688,473,3,470,2,0,456,0,0,0,1,0,0,2,0,0,0,1,0,1,0,0,0,0,1,0,5,0,0,0,0,0,0,1,
6,2336,אבו סנאן,473,3,5,0,738,462,1,461,2,0,307,0,0,0,0,0,0,1,0,0,0,0,0,26,21,0,0,0,0,0,91,0,0,0,0,0,0,13,
6,2337,אבו סנאן,473,4,2,0,681,436,7,429,2,0,355,0,0,0,2,0,0,0,0,0,0,0,0,11,9,0,0,0,0,0,35,0,0,0,0,0,0,15,
6,2338,אבו סנאן,473,5,2,0,763,504,1,503,16,0,413,0,0,0,0,0,2,0,0,0,0,0,0,10,8,1,0,0,0,0,35,0,0,1,0,0,1,16,
6,2339,אבו סנאן,473,6,3,0,745,508,5,503,4,2,365,0,0,0,1,0,0,0,0,0,0,0,0,16,12,0,0,1,1,0,50,0,0,0,0,0,0,51,
6,2340,אבו סנאן,473,7,4,0,736,487,5,482,3,1,329,2,0,0,0,0,0,0,0,0,0,0,0,28,12,0,0,0,0,0,61,0,0,0,0,0,0,46,
6,2341,אבו סנאן,473,8,3,0,740,477,11,466,8,0,403,0,0,0,0,0,0,1,0,0,0,0,0,2,9,0,0,0,0,0,15,0,0,0,0,1,2,25,
6,2342,אבו סנאן,473,9,5,0,703,448,2,446,9,0,358,0,0,0,3,0,0,0,0,0,0,0,0,10,18,0,0,0,0,1,38,0,0,0,0,0,1,8,
6,2343,אבו סנאן,473,10,4,0,761,481,4,477,11,0,362,0,0,0,1,0,0,1,0,0,1,0,1,13,15,0,1,0,1,1,58,0,0,0,1,0,0,10,
6,2344,אבו סנאן,473,11,5,0,730,408,6,402,6,1,195,0,0,0,2,0,0,0,0,0,0,0,1,35,24,0,0,0,0,0,113,0,0,0,0,0,0,25,
6,2345,אבו סנאן,473,12,4,0,721,425,5,420,9,0,167,0,0,0,2,1,0,1,1,0,0,0,0,51,22,1,0,0,0,0,138,0,0,0,0,1,0,26,
6,2346,אבו סנאן,473,13,4,0,678,434,1,433,6,0,276,0,0,0,0,0,0,1,0,0,0,0,0,23,24,0,1,0,0,1,96,0,0,0,0,0,0,5,
2,825,אביעזר,1070,1,1,0,577,445,0,445,32,1,4,1,0,0,33,0,0,0,0,0,0,0,0,21,196,0,0,0,3,0,139,0,0,0,0,0,0,15,
2,744,אבן ספיר,783,1,2,0,497,351,2,349,19,0,0,0,0,0,13,0,0,0,0,0,0,0,0,10,219,0,0,0,2,0,73,0,0,0,0,0,0,13,
10,4633,אודים,446,1,1,0,401,297,0,297,32,0,3,0,0,0,4,0,0,0,0,0,0,0,0,8,54,0,0,1,0,0,190,1,0,0,0,0,0,4,
10,4634,אודים,446,2,1,0,406,318,1,317,52,1,1,0,0,0,5,0,0,0,0,0,0,0,0,11,35,0,0,0,1,0,206,0,0,0,0,0,0,5,
9,3802,אום אלקוטוף,2024,1,1,0,717,580,1,579,10,0,558,0,0,0,1,0,0,2,0,0,0,0,0,0,4,0,0,0,0,0,2,0,2,0,0,0,0,0,
16,8391,אור יהודה,2400,1,7,0,472,278,2,276,7,3,0,0,0,0,2,0,0,0,0,0,0,0,0,2,196,0,0,0,3,0,21,0,0,0,0,0,0,42,
16,8392,אור יהודה,2400,2,7,0,652,465,3,462,2,4,0,0,0,0,5,0,0,0,0,0,0,0,0,8,294,1,0,0,6,0,39,0,1,1,0,0,0,101,
16,8393,אור יהודה,2400,3,5,0,575,376,7,369,7,5,1,0,0,0,8,0,0,0,0,0,0,0,0,8,187,0,0,0,0,0,42,0,0,0,0,0,0,111,
16,8394,אור יהודה,2400,4,7,0,534,337,5,332,1,1,1,0,0,0,5,0,0,0,0,0,0,1,0,2,213,1,0,0,3,0,27,0,2,0,0,0,0,75,
16,8395,אור יהודה,2400,6,57,0,458,290,7,283,7,3,0,0,0,0,3,0,0,0,0,0,0,0,0,4,167,0,0,0,2,0,18,0,0,0,0,0,0,79,
16,8396,אור יהודה,2400,12,10,0,524,388,3,385,9,3,0,0,0,0,11,0,0,0,0,0,0,0,0,9,212,0,0,0,2,0,35,0,0,0,0,0,0,104,
16,8397,אור יהודה,2400,13,58,0,511,328,6,322,7,1,0,0,0,0,10,0,0,0,0,0,0,0,1,1,213,0,0,0,1,0,18,0,0,0,0,1,0,69,
16,8398,אור יהודה,2400,16,55,0,554,379,3,376,6,3,0,0,0,0,10,0,0,0,0,0,0,1,0,13,225,0,0,0,2,0,58,0,0,0,0,0,1,57,
16,8399,אור יהודה,2400,17,5,0,617,368,5,363,10,5,0,0,0,0,6,0,0,1,0,0,0,0,0,13,224,0,0,0,0,0,32,0,0,0,0,0,0,72,
16,8400,אור יהודה,2400,18.1,2,0,683,425,5,420,8,2,0,0,0,0,12,0,0,0,0,0,0,0,0,7,251,0,0,0,2,0,27,0,0,0,0,1,0,110,
16,8401,אור יהודה,2400,18.2,2,0,683,459,7,452,10,11,0,1,0,0,9,0,0,0,0,0,0,0,0,9,259,1,0,0,2,0,26,0,0,0,0,0,0,124,
16,8402,אור יהודה,2400,18.3,2,0,682,467,9,458,7,11,0,0,0,0,6,0,0,0,0,0,0,0,0,6,292,0,0,0,1,0,41,0,0,0,0,0,0,94,
16,8403,אור יהודה,2400,20,3,0,489,307,0,307,2,0,0,0,0,0,2,0,0,0,0,0,0,0,0,5,173,0,0,0,1,0,17,0,0,0,0,0,0,107,
16,8404,אור יהודה,2400,22,54,0,613,409,5,404,19,4,0,0,0,0,14,0,0,0,0,0,0,0,0,4,191,0,0,0,3,0,89,0,0,0,0,0,0,80,
16,8405,אור יהודה,2400,23,10,0,469,285,1,284,8,1,0,0,0,0,7,0,0,0,0,0,0,0,0,3,170,1,1,0,2,0,30,0,0,0,0,0,1,60,
16,8406,אור יהודה,2400,24,3,0,511,333,2,331,10,7,0,0,0,0,6,0,0,0,0,0,0,0,0,9,162,0,0,1,1,0,40,0,0,0,0,0,0,95,
16,8407,אור יהודה,2400,29,5,0,694,517,5,512,27,3,1,0,0,0,21,0,0,0,0,0,0,0,0,12,200,1,0,0,1,0,188,0,0,0,0,0,0,58,
16,8408,אור יהודה,2400,36,3,0,738,541,3,538,17,6,1,0,0,0,13,0,0,0,0,0,0,0,0,19,274,1,0,0,0,0,117,0,0,0,0,1,0,89,
16,8409,אור יהודה,2400,37,52,0,587,490,3,487,7,14,1,0,0,0,9,0,0,0,0,0,0,0,0,9,280,0,0,0,2,0,104,0,0,0,0,0,0,61,
16,8410,אור יהודה,2400,40,52,0,652,466,3,463,9,12,0,0,0,0,19,0,0,0,0,0,0,0,0,13,268,0,0,0,7,0,71,0,0,0,0,0,0,64,
16,8411,אור יהודה,2400,44,52,0,548,405,3,402,7,10,0,0,0,0,16,0,0,0,0,0,0,0,0,5,256,1,0,0,1,0,44,0,0,0,0,0,0,62,
16,8412,אור יהודה,2400,46,52,0,634,481,3,478,7,7,2,0,0,0,9,0,0,0,0,0,0,0,0,20,274,1,0,0,3,0,89,0,0,0,0,0,0,66,
16,8413,אור יהודה,2400,47,52,0,638,488,4,484,14,8,3,0,0,0,16,0,0,1,0,0,0,0,0,12,252,0,0,0,2,0,102,0,0,0,0,0,0,74,
16,8414,אור יהודה,2400,5.1,9,0,590,402,5,397,7,1,0,0,0,0,9,0,0,0,0,0,0,0,0,14,197,0,1,0,3,0,69,0,0,0,0,0,0,96,
16,8415,אור יהודה,2400,5.2,9,0,590,431,0,431,31,4,0,0,0,0,9,0,0,0,0,0,0,0,0,8,179,0,0,0,1,0,139,0,0,0,0,0,0,60,
16,8416,אור יהודה,2400,5.3,9,0,590,430,2,428,13,1,0,0,0,0,14,0,0,0,0,0,0,0,0,10,203,0,0,0,0,0,78,0,0,0,0,0,0,109,
16,8417,אור יהודה,2400,5.4,9,0,590,414,2,412,8,3,0,0,0,0,18,0,0,0,0,0,0,0,0,9,194,0,0,0,0,0,85,0,0,0,0,0,0,95,
16,8418,אור יהודה,2400,5.5,9,0,590,414,2,412,13,0,0,0,0,0,9,0,0,0,0,0,0,0,0,8,225,0,0,0,4,0,100,0,0,0,0,0,0,53,
16,8419,אור יהודה,2400,5.6,9,0,588,409,1,408,13,4,0,1,0,0,10,0,0,0,0,0,0,1,0,6,191,0,0,0,4,0,117,0,0,0,0,0,0,61,
16,8420,אור יהודה,2400,7,8,0,584,412,2,410,7,14,0,0,0,0,11,1,0,0,0,0,0,0,0,2,258,0,0,0,2,0,27,0,0,0,0,0,0,88,
16,8421,אור יהודה,2400,9,8,0,620,430,5,425,8,1,0,0,0,0,4,0,0,0,0,0,0,0,0,8,269,1,0,0,2,0,28,0,0,0,0,0,0,104,
16,8422,אור יהודה,2400,10,4,0,711,516,1,515,18,3,0,0,0,0,19,0,0,0,0,0,0,0,0,4,324,0,0,0,5,0,54,0,0,0,0,1,0,87,
16,8423,אור יהודה,2400,15,8,0,549,339,6,333,5,2,0,0,0,0,11,0,0,0,0,1,0,0,0,0,229,0,0,0,1,0,25,0,0,0,0,0,0,59,
16,8424,אור יהודה,2400,21,16,0,623,430,1,429,2,3,0,0,0,0,11,0,1,0,0,0,0,0,0,6,231,0,0,0,0,0,32,0,0,0,0,0,0,143,
16,8425,אור יהודה,2400,27,1,0,586,443,3,440,38,4,1,0,0,0,13,0,0,0,0,0,0,0,0,12,171,1,0,0,5,0,164,1,0,0,0,0,0,30,
16,8426,אור יהודה,2400,30,8,1,551,372,7,365,3,0,0,0,0,0,8,0,1,0,0,0,0,0,0,1,204,0,0,0,0,0,26,0,0,0,0,0,0,122,
16,8427,אור יהודה,2400,31,4,0,659,454,1,453,18,2,1,0,0,0,23,0,0,0,0,0,0,0,0,3,262,0,0,0,5,0,48,0,0,0,1,0,0,90,
16,8428,אור יהודה,2400,32,1,0,549,399,2,397,27,4,1,1,0,0,12,0,0,0,0,0,0,0,0,5,165,0,0,0,2,0,161,0,0,0,0,0,0,19,
16,8429,אור יהודה,2400,33,1,0,497,344,0,344,26,3,0,0,0,0,11,0,0,0,0,1,0,0,0,12,147,0,0,0,0,0,122,0,0,0,0,0,0,22,
16,8430,אור יהודה,2400,35,1,0,559,432,2,430,29,2,2,0,0,0,21,0,0,0,0,0,0,0,0,8,198,0,0,0,1,0,140,0,0,0,0,0,0,29,
16,8431,אור יהודה,2400,38,4,0,534,399,1,398,5,9,0,0,0,0,11,0,0,0,0,0,0,0,1,2,244,0,0,0,0,0,63,0,0,0,0,0,0,63,
16,8432,אור יהודה,2400,41,1,0,515,384,4,380,22,2,0,0,0,0,11,0,0,0,0,0,0,0,0,16,173,1,0,0,1,0,141,0,0,0,0,0,0,13,
16,8433,אור יהודה,2400,43.1,11,0,465,332,0,332,6,1,0,0,0,0,9,0,0,0,0,0,0,0,0,1,213,0,0,0,7,0,34,0,0,0,0,0,0,61,
16,8434,אור יהודה,2400,43.2,11,0,465,336,3,333,12,4,1,0,0,0,6,0,0,0,0,0,0,0,0,5,190,0,1,0,2,0,44,0,0,0,0,0,0,68,
16,8435,אור יהודה,2400,43.3,11,0,465,341,1,340,10,1,0,0,0,0,14,0,0,0,0,0,0,0,0,1,217,0,0,0,5,0,52,0,0,0,0,0,0,40,
16,8436,אור יהודה,2400,45,1,0,541,415,3,412,22,1,0,0,0,0,14,0,0,0,0,0,0,0,0,20,184,0,0,0,1,0,161,0,1,0,0,0,0,8,
16,8437,אור יהודה,2400,101,53,0,416,323,1,322,7,3,0,0,0,0,9,0,0,0,0,0,0,0,0,3,173,1,0,0,0,0,43,0,0,0,0,0,1,82,
2,745,אורה,780,2.1,1,0,420,297,0,297,22,1,0,0,0,0,13,0,0,0,0,0,0,0,0,9,123,0,0,0,3,0,102,0,0,0,0,0,0,24,
2,746,אורה,780,2.2,1,0,420,305,1,304,17,3,0,0,0,0,13,0,0,0,0,0,0,0,0,4,156,0,0,0,3,0,76,0,0,0,0,0,0,32,
12,5643,אחיסמך,804,1,1,0,506,414,0,414,4,4,0,0,0,0,6,0,0,0,0,0,0,0,0,1,281,0,0,0,5,0,17,0,0,0,0,0,0,96,
12,5644,אחיסמך,804,2,1,0,372,330,2,328,4,1,0,0,0,0,6,0,0,0,0,0,0,0,0,2,231,0,0,0,2,0,9,0,0,0,0,0,0,73,
12,5645,אחיעזר,797,1,1,0,562,501,4,497,0,18,0,0,0,0,49,0,0,0,0,0,0,0,0,1,188,0,0,0,1,0,8,0,0,0,0,0,0,232,
12,5646,אחיעזר,797,2,1,0,616,525,0,525,0,15,0,0,0,0,44,0,0,0,0,0,0,0,0,0,221,0,0,0,1,0,5,0,0,0,0,0,0,239,
19,10267,אייל,716,1,2,0,391,308,1,307,95,0,2,3,0,0,2,0,0,0,0,0,0,0,0,2,8,0,0,0,0,0,195,0,0,0,0,0,0,0,
3,1191,איילת השחר,77,1,1,0,350,255,0,255,57,1,1,1,0,0,1,0,0,0,0,0,0,0,0,8,27,0,0,0,0,0,158,0,0,0,0,0,0,1,
3,1192,איילת השחר,77,2,1,0,468,332,2,330,67,1,1,1,0,0,10,0,1,0,0,0,0,0,0,12,23,0,0,1,0,0,212,1,0,0,0,0,0,0,
4,1396,אילניה,49,1,1,0,462,305,0,305,20,1,0,1,0,0,16,0,0,0,0,0,0,0,0,10,115,0,0,0,2,0,137,0,1,0,0,0,0,2,
5,1924,אלון הגליל,1182,1,1,0,434,314,1,313,85,0,0,0,0,0,4,0,0,0,0,0,0,0,0,2,12,0,0,0,0,0,210,0,0,0,0,0,0,0,
5,1925,אלון הגליל,1182,2,1,0,394,300,0,300,66,0,3,0,0,0,7,0,0,0,0,0,0,0,0,6,21,0,0,0,0,0,197,0,0,0,0,0,0,0,
2,962,אלון שבות,3604,1,1,0,727,519,0,519,6,16,0,1,1,0,333,0,0,0,0,0,0,0,0,3,115,1,0,0,7,0,32,0,0,0,0,0,0,4,
2,963,אלון שבות,3604,2,1,0,753,580,4,576,9,14,0,1,0,0,391,0,0,0,0,0,0,0,0,2,124,0,0,0,8,0,21,0,1,0,0,0,0,5,
2,964,אלון שבות,3604,3,2,0,697,548,2,546,6,12,1,0,0,0,343,0,0,0,0,0,0,0,1,1,154,0,0,0,6,0,21,0,0,0,0,0,0,1,
5,1874,אלוני אבא,429,1,1,0,682,530,0,530,85,1,3,1,0,0,11,0,0,0,0,0,0,0,0,8,53,0,0,0,0,0,367,0,0,0,0,0,0,1,
5,1875,אלונים,285,1,1,0,511,376,1,375,86,0,1,0,0,0,5,0,0,0,0,0,0,0,0,5,22,0,0,0,0,0,254,0,0,0,0,1,0,1,
3,1193,אליפלט,730,1,1,0,468,349,1,348,5,1,0,0,0,0,10,0,0,0,0,0,0,0,0,0,262,0,0,0,3,0,37,0,0,0,0,0,0,30,
11,4800,אלעד,1309,1,3,0,524,431,0,431,0,84,0,0,0,0,28,0,0,0,0,0,0,0,0,0,56,0,0,0,3,0,0,0,0,0,0,0,0,260,
11,4801,אלעד,1309,2,5,0,561,476,2,474,0,88,0,0,0,0,47,0,0,0,0,0,0,0,0,0,89,0,0,0,7,0,2,0,0,0,0,0,0,241,
11,4802,אלעד,1309,3,23,0,539,460,1,459,1,112,0,0,0,0,5,0,0,0,0,0,0,0,0,0,18,0,0,0,1,0,0,0,0,0,0,0,0,322,
11,4803,אלעד,1309,4,5,0,633,543,7,536,1,294,0,0,0,0,10,0,0,0,0,0,0,0,0,0,24,0,0,0,0,0,2,0,0,0,0,0,1,204,
11,4804,אלעד,1309,5,8,0,764,683,2,681,0,236,0,0,0,0,41,0,0,0,0,0,0,0,0,0,42,0,0,0,7,0,0,0,0,0,0,0,0,355,
11,4805,אלעד,1309,6.1,12,0,592,525,0,525,0,223,0,0,0,0,27,0,0,0,0,0,0,0,0,0,36,0,0,0,4,0,1,0,0,0,0,0,0,234,
11,4806,אלעד,1309,6.2,12,0,592,507,9,498,1,234,0,0,0,0,19,0,0,0,0,0,0,1,0,0,29,0,0,0,4,0,1,0,0,0,0,0,0,209,
11,4807,אלעד,1309,6.3,12,0,592,507,0,507,0,199,0,0,0,0,16,0,0,0,0,0,0,0,0,0,33,0,0,0,3,0,1,0,0,0,0,0,0,255,
11,4808,אלעד,1309,6.4,12,0,591,527,2,525,0,313,0,0,0,0,10,0,0,0,0,0,0,0,0,0,21,0,0,0,4,0,0,0,0,0,0,0,0,177,
11,4809,אלעד,1309,7,1,0,607,483,2,481,0,85,0,0,0,0,68,0,0,0,0,0,0,0,0,1,74,0,0,0,6,0,4,0,0,0,0,0,0,243,
11,4810,אלעד,1309,8,3,0,674,553,1,552,0,50,0,0,0,0,10,0,0,0,0,0,0,0,0,0,45,0,0,1,9,0,1,0,0,0,0,0,4,432,
11,4811,אלעד,1309,9,21,0,798,683,2,681,0,279,0,0,0,0,32,0,0,0,0,0,0,0,0,0,60,0,0,0,1,0,1,0,0,0,0,0,0,308,
11,4812,אלעד,1309,10,21,0,666,564,7,557,0,183,0,0,0,0,4,0,0,0,0,0,0,0,0,0,8,0,0,0,3,0,0,0,0,0,0,0,0,359,
11,4813,אלעד,1309,11,7,0,706,611,2,609,1,103,0,0,0,0,42,0,0,0,0,0,0,0,0,0,68,0,0,0,2,0,2,0,0,0,0,0,0,391,
11,4814,אלעד,1309,12,21,0,709,626,4,622,0,323,0,0,0,0,13,0,0,0,0,0,0,0,0,0,20,0,0,0,0,0,2,0,0,0,0,0,0,264,
11,4815,אלעד,1309,13,21,0,745,635,3,632,1,340,0,0,0,0,56,0,0,0,0,0,0,0,0,1,86,0,0,0,5,0,2,0,0,0,0,0,0,141,
11,4816,אלעד,1309,14,17,0,588,491,2,489,2,78,0,0,0,0,21,0,0,0,0,0,0,0,0,0,68,0,0,0,3,0,0,0,0,0,0,0,0,317,
11,4817,אלעד,1309,17,8,0,714,579,7,572,0,102,0,0,0,0,9,0,0,0,0,0,0,0,0,1,38,0,0,0,5,0,0,0,0,0,0,0,0,417,
11,4818,אלעד,1309,18,1,0,635,550,6,544,0,253,0,0,0,0,11,0,0,0,0,0,0,0,0,0,24,0,0,0,1,0,3,0,0,0,0,0,0,252,
11,4819,אלעד,1309,19,23,0,584,507,1,506,0,153,0,0,0,0,23,0,0,0,0,0,0,0,0,0,65,0,0,0,3,0,3,0,0,0,0,0,1,258,
11,4820,אלעד,1309,20,17,0,536,468,0,468,1,196,0,1,0,0,1,0,0,0,0,0,0,0,0,0,15,0,0,0,4,0,0,0,0,0,0,0,0,250,
11,4821,אלעד,1309,21,24,0,603,513,0,513,0,96,0,0,0,0,16,0,0,0,0,0,0,0,0,1,41,0,0,0,1,0,5,0,0,0,0,0,0,353,
11,4822,אלעד,1309,22,24,0,632,543,2,541,0,201,0,0,0,0,12,0,0,0,0,0,0,0,0,0,30,0,0,0,3,0,1,0,0,0,0,0,0,294,
11,4823,אלעד,1309,23,17,0,645,571,5,566,0,180,0,1,0,0,15,0,0,0,0,0,0,0,0,0,28,0,0,0,3,0,3,0,0,0,0,0,0,336,
11,4824,אלעד,1309,25,5,0,682,572,8,564,0,297,0,0,0,0,2,0,0,0,0,0,0,0,0,0,20,0,0,0,2,0,1,0,0,0,0,0,0,242,
11,4825,אלעד,1309,26,18,0,577,464,1,463,1,51,0,0,0,0,31,0,0,0,0,0,0,0,0,0,101,0,0,0,6,0,5,0,0,0,0,0,1,267,
11,4826,אלעד,1309,27,16,0,749,672,0,672,0,491,0,1,0,0,8,0,0,0,0,0,0,0,0,0,24,0,0,0,1,0,0,0,0,0,0,0,0,147,
11,4827,אלעד,1309,28,17,0,635,560,3,557,0,365,0,0,0,0,6,0,0,0,0,0,0,0,0,0,6,0,0,0,1,0,0,0,0,0,0,0,0,179,
11,4828,אלעד,1309,29,21,0,691,603,3,600,0,409,0,0,0,0,2,0,0,0,0,0,0,0,0,1,13,0,0,0,1,0,0,0,0,0,0,0,0,174,
11,4829,אלעד,1309,30,1,0,695,581,2,579,1,95,0,0,0,0,50,0,0,0,0,0,0,0,0,1,82,0,0,0,6,0,2,0,0,0,0,0,0,342,
11,4830,אלעד,1309,31,17,0,541,472,0,472,0,252,0,2,0,0,9,0,0,0,0,0,0,0,0,0,23,0,0,0,5,0,2,0,0,0,0,0,0,179,
11,4831,אלעד,1309,32,16,0,563,493,5,488,1,180,0,0,0,0,15,0,0,0,0,0,0,0,0,0,14,0,0,0,6,0,0,0,0,0,0,0,0,272,
11,4832,אלעד,1309,33,3,0,546,453,1,452,0,26,0,0,0,0,37,0,0,0,0,0,0,0,0,0,79,0,0,0,0,6,0,0,0,0,0,0,0,304,
2,965,אלעזר,3618,1,1,0,685,557,3,554,1,8,1,0,0,0,338,0,0,0,0,0,0,0,0,1,171,0,0,0,8,0,18,0,0,0,0,0,0,8,
2,966,אלעזר,3618,2,1,0,783,600,0,600,5,10,0,0,0,0,387,0,0,0,0,0,0,1,0,5,164,0,0,0,5,0,16,0,0,0,0,0,0,7,
3,1121,אמירים,1064,1,1,0,609,409,2,407,86,3,13,2,0,0,44,0,0,0,0,0,0,0,0,7,43,2,0,0,0,0,203,0,0,0,0,0,0,4,
8,3432,אפק,313,1,1,0,507,388,3,385,78,0,4,0,0,0,9,0,0,0,0,0,0,0,0,6,23,0,0,0,0,0,263,0,0,0,0,0,0,2,
18,9390,אשבול,71,1,1,0,420,322,4,318,14,2,0,0,0,0,19,0,0,0,0,0,1,0,0,6,178,0,0,0,1,0,65,0,0,0,1,0,0,31,
10,4542,בית הלוי,373,1,1,0,538,426,2,424,69,1,3,1,0,0,5,0,0,0,0,0,0,0,0,15,51,0,1,0,0,0,275,1,0,0,0,0,0,2,
2,678,בית חורון,3575,1.1,1,0,413,339,1,338,6,6,0,0,0,0,140,0,0,0,0,0,0,0,0,6,143,0,0,0,2,0,21,0,0,0,0,0,0,14,
2,679,בית חורון,3575,1.2,1,0,413,350,1,349,0,6,0,0,0,0,134,0,0,0,0,0,0,0,0,4,167,0,0,0,4,0,5,0,0,0,0,0,0,29,
13,6391,בית חלקיה,2033,1,1,0,455,378,2,376,1,349,0,0,0,0,7,0,0,0,0,0,0,0,0,0,9,0,0,0,0,0,2,0,0,0,0,0,0,8,
13,6501,בן זכאי,760,1,1,0,611,508,3,505,4,3,0,0,0,0,28,0,0,0,0,0,0,0,0,5,327,0,0,0,0,0,23,0,0,0,0,0,0,115,
13,6502,בני דרום,592,1,1,0,478,398,5,393,5,5,0,0,0,0,213,0,0,0,0,0,0,0,0,1,107,0,0,0,5,0,47,0,0,0,0,0,0,10,
10,4637,בני דרור,386,1,3,0,497,374,1,373,53,1,0,0,0,0,11,0,0,0,0,0,0,0,0,2,66,0,0,0,0,0,240,0,0,0,0,0,0,0,
10,4638,בני דרור,386,2,2,0,484,411,2,409,49,0,0,0,1,0,14,0,0,0,0,0,0,0,0,8,62,0,0,0,0,0,272,0,0,0,0,0,1,2,
11,5214,בני עטרות,448,1,1,0,613,511,1,510,88,0,2,0,0,0,15,0,0,0,0,0,0,0,0,11,62,0,0,0,0,0,326,1,0,0,0,0,0,5,
2,751,בר גיורא,823,1,1,0,412,311,1,310,26,3,1,0,0,0,18,0,0,0,0,0,0,0,0,4,182,0,0,0,2,0,48,0,0,0,0,0,0,26,
9,3833,ברקאי,617,1,1,0,518,334,1,333,142,0,5,0,0,0,6,0,0,0,0,0,0,0,0,1,4,0,0,0,0,0,174,0,0,0,0,0,0,1,
17,9141,בת הדר,1323,1,1,0,498,397,0,397,30,5,0,0,0,0,17,0,0,0,0,0,0,0,0,15,184,0,0,0,1,0,119,0,0,0,0,0,0,26,
2,1021,בת עין,3794,1,1,0,428,305,1,304,1,32,0,0,0,0,95,0,0,0,0,0,0,0,0,0,125,0,0,0,30,0,4,0,0,0,0,0,1,16,
2,1022,בת עין,3794,2,1,0,427,315,0,315,0,39,0,5,0,0,109,0,0,0,0,0,0,0,0,0,117,1,0,0,18,0,1,0,0,0,0,0,0,25,
6,2368,גולס,485,1,4,0,655,361,3,358,3,0,10,0,1,0,6,0,0,0,0,0,0,0,0,47,39,0,0,0,0,0,203,0,0,0,0,0,0,49,
6,2369,גולס,485,2,4,0,680,397,4,393,29,2,12,0,0,0,12,0,0,0,0,0,0,0,2,57,30,1,0,0,1,0,227,0,0,0,0,0,0,20,
6,2370,גולס,485,3,1,0,591,375,5,370,20,0,5,1,0,0,7,0,0,0,0,0,0,0,0,36,26,0,0,0,0,0,177,0,0,1,0,0,1,96,
6,2371,גולס,485,4,1,0,633,379,10,369,12,0,10,1,0,0,5,0,0,0,0,0,0,0,2,77,140,2,0,0,0,0,118,0,0,0,0,0,0,2,
6,2372,גולס,485,5,3,0,746,485,4,481,10,0,22,0,0,0,2,0,0,1,0,0,0,0,0,42,27,1,0,0,0,0,314,0,1,0,0,0,0,61,
6,2373,גולס,485,6,3,0,728,467,3,464,15,3,14,0,0,0,8,0,0,0,0,0,0,0,3,64,38,0,0,0,0,0,284,0,0,0,0,0,1,34,
6,2374,גולס,485,7,1,0,677,382,2,380,19,0,15,0,0,0,3,0,0,1,0,0,0,0,1,31,19,0,0,0,1,1,241,0,0,0,0,0,0,48,
10,4515,גאולי תימן,872,1,1,0,261,207,0,207,6,0,28,0,0,0,16,0,0,0,0,0,0,0,0,2,108,1,1,0,2,0,35,0,0,0,0,0,1,7,
5,1576,גבע,86,1,1,0,514,376,0,376,93,0,0,0,0,0,2,0,0,0,0,0,0,0,0,3,13,0,0,0,0,0,265,0,0,0,0,0,0,0,
2,680,גבע בנימין,3763,1,2,0,624,486,0,486,8,11,0,0,0,0,26,0,0,0,0,0,0,0,0,17,280,0,0,0,10,0,31,0,0,0,0,0,0,103,
2,681,גבע בנימין,3763,2,1,0,618,497,1,496,3,20,0,1,0,0,61,0,0,0,0,0,0,0,0,8,198,1,0,0,12,0,14,0,0,0,0,0,0,178,
2,682,גבע בנימין,3763,3,1,0,613,422,3,419,5,13,0,0,0,0,61,0,0,0,0,0,0,0,0,11,223,0,1,0,18,0,33,0,0,0,0,0,0,54,
2,683,גבע בנימין,3763,4,1,0,626,459,5,454,5,5,2,2,0,0,34,0,0,0,0,0,0,0,0,13,264,0,0,0,10,0,36,0,0,0,0,0,0,83,
2,684,גבע בנימין,3763,5,1,0,749,541,1,540,6,9,0,2,0,0,87,0,0,0,0,0,0,0,0,17,273,0,0,0,12,0,44,2,0,0,0,0,0,88,
4,1401,גבעת אבני,1293,1.1,1,0,559,385,1,384,24,5,1,1,0,0,23,0,0,0,0,0,0,0,0,10,150,0,0,0,6,0,146,0,0,0,0,0,0,18,
4,1402,גבעת אבני,1293,1.2,1,0,559,391,1,390,20,3,1,0,0,0,18,0,0,0,0,0,0,0,0,12,169,1,0,0,1,0,146,0,0,0,0,0,0,19,
4,1403,גבעת אבני,1293,1.3,1,0,558,378,0,378,6,4,0,0,0,0,20,0,0,0,0,0,0,0,0,19,172,0,0,0,0,0,147,1,0,0,0,0,0,9,
5,1879,גבעת אלה,1288,1,2,0,677,506,0,506,74,1,3,0,0,0,10,0,0,0,0,0,0,0,0,14,55,0,0,0,1,0,346,0,0,0,0,0,0,2,
5,1880,גבעת אלה,1288,2,2,0,436,337,0,337,60,0,2,0,0,0,4,0,0,0,0,0,0,0,0,11,18,0,0,0,1,0,241,0,0,0,0,0,0,0,
5,1881,גבעת אלה,1288,3,2,0,497,369,0,369,67,1,4,0,0,0,7,0,0,0,0,0,0,0,0,4,35,1,0,0,0,0,248,0,0,0,0,0,0,2,
13,6147,גבעת ברנר,147,1,1,0,711,528,1,527,110,1,4,0,0,0,13,0,0,0,0,0,0,0,0,7,68,0,0,0,1,0,321,0,0,0,0,0,1,1,
13,6148,גבעת ברנר,147,2,1,0,609,465,0,465,126,0,4,1,0,0,9,0,0,0,0,0,0,0,0,9,44,0,0,0,0,0,271,0,0,0,0,0,0,1,
13,6149,גבעת ברנר,147,3,1,0,553,387,1,386,98,1,1,0,0,0,4,0,0,0,0,0,0,0,0,9,29,0,0,0,0,0,242,0,0,0,0,0,0,2,
2,687,גבעת זאב,3730,1.1,1,0,571,423,0,423,4,17,0,0,0,0,30,0,0,0,0,0,0,0,0,10,196,2,0,0,2,0,50,0,0,0,0,0,0,112,
2,688,גבעת זאב,3730,1.2,1,0,571,437,2,435,7,42,0,0,0,0,41,0,0,0,0,0,0,0,0,7,158,0,0,0,9,0,55,0,0,0,0,1,0,115,
2,689,גבעת זאב,3730,1.3,1,0,571,436,1,435,16,24,0,0,0,0,38,0,0,0,0,0,0,0,0,6,215,0,0,0,2,0,33,1,0,0,0,0,0,100,
2,690,גבעת זאב,3730,1.4,1,0,571,402,0,402,7,27,0,0,0,1,38,0,0,0,0,0,0,0,0,9,185,0,0,0,7,0,38,0,0,0,0,0,0,90,
2,691,גבעת זאב,3730,1.5,1,0,571,427,3,424,3,58,3,0,0,0,31,0,0,0,0,0,0,0,0,13,160,0,0,0,17,0,42,0,0,0,0,0,0,97,
2,692,גבעת זאב,3730,2,4,0,621,492,0,492,6,36,0,0,0,0,73,0,0,0,0,0,0,0,0,7,191,1,0,0,10,0,24,0,0,0,0,0,0,144,
2,693,גבעת זאב,3730,4,5,0,697,493,2,491,20,57,1,0,0,0,34,0,0,0,0,2,0,0,0,11,213,0,0,0,0,0,98,0,0,0,0,0,0,55,
2,694,גבעת זאב,3730,5,2,0,640,466,5,461,14,27,0,0,0,0,53,0,0,0,0,0,0,0,0,10,236,0,0,0,2,0,63,0,0,0,0,0,0,56,
2,695,גבעת זאב,3730,6,3,0,588,429,2,427,6,5,0,0,0,0,48,0,0,0,0,0,0,0,0,20,241,0,0,0,5,0,49,0,0,1,0,0,0,52,
2,696,גבעת זאב,3730,8,5,0,693,498,2,496,9,121,1,0,0,0,42,0,0,0,0,1,0,0,0,10,187,0,0,0,7,0,66,0,0,0,0,0,0,52,
2,697,גבעת זאב,3730,9,3,0,658,477,2,475,7,8,0,0,0,0,56,0,0,0,0,0,0,0,0,13,277,0,0,0,7,0,59,0,0,0,0,0,0,48,
2,698,גבעת זאב,3730,10,5,0,544,398,0,398,11,23,0,0,0,0,24,0,0,0,0,0,0,0,0,5,202,1,0,0,3,0,52,0,0,0,0,0,0,77,
2,699,גבעת זאב,3730,11,3,0,646,488,0,488,8,0,0,1,0,0,81,0,0,0,0,0,0,0,0,10,250,0,0,0,2,0,74,0,0,0,0,0,0,62,
2,700,גבעת זאב,3730,12,5,0,599,490,0,490,4,234,0,0,0,0,10,1,0,0,0,4,0,0,0,4,103,0,0,0,2,0,35,0,0,0,0,0,0,93,
2,701,גבעת זאב,3730,17,4,0,462,311,2,309,4,12,0,0,0,0,43,0,0,0,0,0,0,0,0,9,137,0,0,0,2,0,57,0,0,0,0,0,0,45,
2,702,גבעת זאב,3730,18,5,0,673,501,1,500,1,26,0,0,0,0,21,0,0,0,0,0,0,0,0,8,262,2,0,0,2,0,35,0,0,0,0,0,0,143,
2,703,גבעת זאב,3730,20.1,7,0,636,552,2,550,0,336,0,0,0,0,2,0,0,0,0,0,0,0,0,0,19,0,0,0,7,0,0,0,0,0,0,0,1,185,
2,704,גבעת זאב,3730,20.2,7,0,636,567,0,567,1,358,0,0,0,0,8,0,0,0,0,0,0,0,0,1,37,0,0,0,2,0,1,0,0,0,0,0,0,159,
2,705,גבעת זאב,3730,20.3,7,0,634,577,2,575,0,440,0,0,0,0,5,0,0,0,0,0,0,0,0,0,32,0,0,0,1,0,0,0,0,0,0,0,0,97,
10,4516,גבעת חיים איחוד,2018,1,1,0,489,357,1,356,100,1,4,0,0,0,0,0,0,0,0,0,0,0,0,5,5,0,0,0,2,0,239,0,0,0,0,0,0,0,
10,4517,גבעת חיים איחוד,2018,2,1,0,483,375,0,375,108,0,2,1,0,0,0,0,0,0,0,0,0,0,0,3,13,0,0,0,1,0,247,0,0,0,0,0,0,0,
5,1489,גזית,457,1,1,0,633,450,0,450,176,0,5,1,0,0,3,0,0,0,0,0,0,0,0,15,21,0,0,0,0,0,229,0,0,0,0,0,0,0,
17,9146,גלאון,393,1,1,0,470,327,1,326,104,0,4,0,0,0,4,0,0,0,0,0,0,0,0,4,9,0,0,0,0,0,200,0,0,0,0,0,0,1,
5,2017,גלעד אבן יצחק,369,1,1,0,369,284,0,284,66,0,1,0,0,0,6,0,0,0,0,0,0,0,0,8,7,0,0,0,0,0,196,0,0,0,0,0,0,0,
13,6506,גן הדרום,1072,1,1,0,356,291,0,291,25,3,1,0,0,0,14,0,0,0,0,0,0,0,0,8,105,0,0,0,0,0,132,0,0,0,0,0,0,3,
5,1579,גן נר,1274,1,1,0,674,480,0,480,17,7,0,0,0,0,25,0,0,0,0,0,0,0,0,22,248,0,0,0,3,0,146,0,0,0,0,0,0,12,
5,1580,גן נר,1274,2,1,0,728,514,2,512,46,0,0,1,0,0,15,0,0,0,0,0,0,0,0,21,180,1,0,0,0,0,240,0,0,0,0,0,0,8,
5,1581,גן נר,1274,3,1,0,699,498,1,497,37,0,2,1,0,0,26,0,0,0,0,0,0,0,0,12,200,0,0,0,0,0,213,0,0,0,0,0,0,6,
4,1377,גשר,305,1,1,0,413,261,2,259,78,0,5,0,0,0,2,0,0,0,0,0,0,0,0,0,27,1,0,0,1,0,145,0,0,0,0,0,0,0,
5,1583,דבוריה,489,1,1,0,657,439,0,439,1,0,431,0,0,0,0,0,0,0,0,0,0,0,0,0,1,0,0,0,0,1,3,1,0,1,0,0,0,0,
5,1584,דבוריה,489,2,1,0,709,486,1,485,2,0,480,0,0,0,0,0,0,1,0,0,0,0,0,0,1,0,0,0,0,0,1,0,0,0,0,0,0,0,
5,1585,דבוריה,489,3,2,0,707,488,2,486,5,0,478,0,0,0,0,0,0,1,0,0,0,0,0,0,0,0,1,0,0,0,1,0,0,0,0,0,0,0,
5,1586,דבוריה,489,4,6,0,767,555,2,553,0,0,552,0,0,0,0,0,0,0,0,0,0,0,0,0,1,0,0,0,0,0,0,0,0,0,0,0,0,0,
5,1587,דבוריה,489,5,9,0,675,471,0,471,4,0,461,0,0,0,0,0,0,0,0,0,0,0,0,0,3,0,0,0,0,0,2,0,0,0,0,0,1,0,
5,1588,דבוריה,489,6,4,0,746,487,1,486,3,0,478,0,0,0,0,0,0,0,0,0,0,0,0,0,1,1,0,0,0,0,2,0,0,0,0,0,0,1,
5,1589,דבוריה,489,7,10,0,698,501,2,499,1,0,497,0,0,0,0,0,0,0,0,0,0,0,0,0,0,0,0,0,0,0,0,0,0,0,1,0,0,0,
5,1590,דבוריה,489,8,3,0,738,528,4,524,12,0,507,0,0,0,0,0,0,2,0,0,0,0,0,0,1,0,0,0,0,0,2,0,0,0,0,0,0,0,
5,1591,דבוריה,489,9,11,0,708,532,1,531,8,0,516,0,0,0,0,0,0,0,0,0,0,0,0,3,0,0,0,0,0,0,4,0,0,0,0,0,0,0,
5,1592,דבוריה,489,10,6,0,634,435,3,432,0,0,426,0,0,0,1,0,0,0,0,0,0,0,0,0,1,0,0,0,0,0,1,0,1,1,0,0,0,1,
18,9915,הוואשלה שבט,1169,1,1,0,552,303,0,303,1,0,280,0,0,0,0,0,0,0,1,0,0,0,0,0,0,0,0,0,0,0,16,1,0,1,1,1,1,0,
18,9916,הוואשלה שבט,1169,2,1,0,522,278,3,275,0,0,259,1,0,0,0,0,0,0,0,0,0,1,0,0,0,0,0,1,0,0,10,0,0,1,0,0,1,1,
5,2019,הזורע,250,1,1,0,500,346,1,345,135,0,4,0,0,0,5,0,0,0,0,0,0,0,0,2,8,0,1,0,0,0,186,0,0,0,0,0,0,4,
5,2020,הזורע,250,2,1,0,406,265,0,265,106,0,0,0,0,0,5,0,0,0,0,0,0,0,0,6,7,0,0,0,1,0,139,0,0,0,0,0,1,0,
5,2021,היוגב,684,1,1,0,565,436,1,435,46,0,4,1,0,0,8,0,0,0,0,0,0,0,0,14,23,0,0,0,2,0,333,0,0,0,0,0,0,4,
2,754,הר אדר,3769,1.1,1,0,608,451,0,451,57,1,4,0,0,0,20,0,0,0,0,1,0,0,0,12,98,0,0,0,1,0,249,2,0,0,0,0,0,6,
2,755,הר אדר,3769,1.2,1,0,608,455,1,454,51,0,2,0,0,0,24,0,0,0,0,0,0,0,0,16,134,0,0,0,2,0,217,0,0,0,0,0,1,7,
2,756,הר אדר,3769,1.3,1,0,608,468,1,467,51,1,3,0,0,0,18,0,0,0,0,1,0,0,0,15,122,0,0,0,0,0,251,0,0,0,0,0,0,5,
2,757,הר אדר,3769,1.4,1,0,608,468,1,467,37,3,0,0,0,0,19,0,0,0,0,0,0,1,0,9,122,0,0,0,2,0,274,0,0,0,0,0,0,0,
2,758,הר אדר,3769,1.5,1,0,605,469,0,469,67,0,3,0,0,0,15,0,0,0,0,1,0,0,0,20,108,1,0,0,2,0,247,0,0,0,0,0,0,5,
17,9151,זבדיאל,815,1,1,0,415,353,0,353,1,18,0,0,0,0,11,0,0,0,0,0,0,0,0,0,218,0,0,0,0,0,10,0,0,0,0,0,0,95,
5,2088,זרזיר,975,1,1,0,786,367,2,365,11,2,248,0,1,0,0,0,0,2,0,1,0,0,1,8,23,0,0,0,0,0,63,1,0,1,1,0,1,1,
5,2089,זרזיר,975,2,3,0,780,381,3,378,39,0,288,0,0,0,0,0,1,0,1,1,0,0,0,1,8,1,0,0,0,0,35,0,1,1,0,0,1,0,
5,2090,זרזיר,975,3,2,0,769,440,2,438,57,1,247,0,0,0,3,0,0,1,0,0,1,0,1,2,9,0,1,0,0,1,113,0,0,0,0,1,0,0,
5,2091,זרזיר,975,4,3,0,770,398,4,394,42,0,300,0,0,0,0,0,1,0,0,1,0,0,1,1,2,0,0,0,0,2,43,0,0,0,1,0,0,0,
5,2092,זרזיר,975,5,7,0,717,386,4,382,36,0,281,0,0,0,0,0,0,0,0,1,0,1,1,0,25,0,0,1,0,0,28,0,3,1,0,2,1,1,
5,2093,זרזיר,975,6,4,0,803,435,4,431,13,0,309,0,0,0,0,0,0,1,0,0,0,0,0,0,44,0,0,0,0,1,62,0,0,0,0,1,0,0,
5,2094,זרזיר,975,7,2,0,740,456,2,454,66,0,229,0,0,0,1,0,0,3,2,0,0,0,0,1,3,0,1,0,1,2,142,0,0,1,0,0,1,1,
8,3390,חואלד,1321,1,2,0,500,273,3,270,6,0,252,0,0,0,0,0,0,0,0,0,0,0,0,0,0,0,0,1,1,0,7,0,0,1,1,0,0,1,
4,1405,חוקוק,374,1,1,0,464,302,0,302,100,0,5,0,1,0,5,0,0,0,0,0,0,0,0,12,22,0,0,0,1,0,153,1,0,1,0,0,0,1,
17,9155,חלץ,820,1,1,0,354,259,1,258,8,1,1,0,0,0,18,0,0,0,0,0,0,0,0,3,167,0,0,0,4,0,26,0,0,0,0,0,0,30,
4,1452,חמאם,993,1,1,0,603,320,4,316,10,1,269,0,0,0,0,1,0,1,0,0,0,0,0,0,2,0,0,1,1,0,27,0,0,1,0,0,0,2,
4,1453,חמאם,993,2,1,0,562,335,3,332,26,0,286,0,0,0,1,0,0,0,0,0,0,0,0,1,1,0,0,0,0,1,15,1,0,0,0,0,0,0,
18,10076,חצרים,397,1,2,0,393,278,2,276,83,0,2,0,0,0,0,0,0,0,0,0,0,0,0,2,6,1,0,0,0,0,181,0,0,0,0,0,0,1,
18,10077,חצרים,397,2,2,0,427,324,1,323,69,0,3,1,0,0,1,0,0,0,0,0,0,0,0,8,16,0,0,0,0,0,223,2,0,0,0,0,0,0,
12,5744,חשמונאים,3770,1,1,0,700,518,2,516,2,16,0,0,0,0,262,0,0,0,0,0,0,0,0,2,184,2,0,0,11,0,20,0,0,0,0,0,0,17,
12,5745,חשמונאים,3770,2,1,0,511,370,0,370,1,8,0,1,0,0,181,0,0,0,0,0,0,0,0,4,123,3,0,0,7,0,7,0,0,0,0,0,0,35,
12,5746,חשמונאים,3770,3,1,0,559,434,0,434,3,9,0,0,0,0,209,0,0,0,0,0,0,0,0,1,160,1,0,0,11,0,15,0,0,0,0,0,0,25,
12,5747,חשמונאים,3770,4,1,0,531,401,2,399,2,17,0,1,0,0,169,0,0,0,0,0,0,1,0,1,152,0,0,0,9,0,14,0,0,0,0,0,0,33,
5,1594,טייבה בעמק,497,1,1,0,646,348,1,347,24,0,313,0,0,0,2,0,0,1,0,0,0,0,0,0,3,0,0,0,0,0,3,0,0,1,0,0,0,0,
5,1595,טייבה בעמק,497,2,1,0,584,355,0,355,9,0,343,0,0,0,0,0,0,1,0,0,0,0,0,0,1,0,0,0,0,0,1,0,0,0,0,0,0,0,
6,2375,טלאל,1181,1,1,0,440,321,0,321,26,3,1,0,0,0,21,0,0,0,0,0,0,0,0,21,86,0,0,0,1,0,160,0,0,0,0,0,0,2,
6,2376,טלאל,1181,2,1,0,494,375,1,374,29,0,1,1,0,0,11,0,0,0,0,0,0,0,1,23,80,1,0,0,5,0,219,0,0,0,0,0,0,3,
5,1596,טמרה יזרעאל,547,1,1,0,536,378,1,377,4,0,356,0,0,0,1,0,0,1,0,0,0,0,0,0,1,0,0,0,0,0,13,0,0,1,0,0,0,0,
5,1597,טמרה יזרעאל,547,2,1,0,506,345,3,342,0,0,336,0,0,0,0,0,0,0,0,0,0,0,0,0,1,0,0,0,0,0,4,0,1,0,0,0,0,0,
17,9160,יד נתן,775,1,1,0,423,323,0,323,21,1,1,0,0,0,7,0,0,0,0,0,0,0,0,8,57,1,0,0,1,0,220,0,0,0,0,0,0,6,
5,1598,יזרעאל,452,1,1,0,562,340,1,339,104,0,2,0,0,0,1,0,0,0,0,0,0,0,0,11,10,2,0,0,0,0,209,0,0,0,0,0,0,0,
3,1214,יסוד המעלה,29,1,1,0,724,514,2,512,65,3,0,2,0,0,40,0,0,0,0,0,0,0,0,14,151,1,0,0,0,0,228,0,0,0,0,0,0,8,
3,1215,יסוד המעלה,29,2,1,0,528,379,2,377,27,0,1,1,0,0,21,0,0,0,0,0,0,0,0,7,67,0,0,0,0,0,251,0,0,0,0,0,0,2,
6,2377,יסעור,575,1,1,0,533,391,0,391,82,1,1,0,0,0,4,0,1,0,0,0,0,0,0,13,42,0,0,0,1,0,246,0,0,0,0,0,0,0,
12,5702,יציץ,759,1,1,0,578,444,0,444,17,3,0,1,0,0,16,0,0,0,0,0,0,0,0,4,307,0,0,0,3,0,56,0,0,0,0,0,0,37,
19,10275,כוכב יאיר,1224,1.1,104,0,691,525,2,523,55,0,1,1,0,0,44,0,0,0,0,0,0,0,0,10,97,1,0,0,0,0,312,0,0,0,0,0,0,2,
19,10276,כוכב יאיר,1224,1.2,104,0,691,520,0,520,50,4,3,0,0,0,56,0,0,0,0,0,0,0,0,12,109,0,0,0,1,0,284,0,0,0,0,0,0,1,
19,10277,כוכב יאיר,1224,1.3,104,0,691,506,1,505,54,1,0,2,0,0,41,0,0,0,0,0,0,0,0,17,94,0,0,0,0,0,296,0,0,0,0,0,0,0,
19,10278,כוכב יאיר,1224,1.4,104,0,691,507,0,507,41,1,1,0,0,0,43,0,0,0,0,0,0,0,0,19,109,0,0,0,0,0,293,0,0,0,0,0,0,0,
19,10279,כוכב יאיר,1224,1.5,104,0,691,513,1,512,71,0,1,0,0,0,63,0,0,0,0,0,0,0,0,11,83,0,0,0,0,0,283,0,0,0,0,0,0,0,
19,10280,כוכב יאיר,1224,101.1,105,0,607,466,3,463,64,4,0,0,0,0,38,0,0,0,0,0,0,0,0,21,97,0,0,0,0,0,233,0,0,0,0,0,0,6,
19,10281,כוכב יאיר,1224,101.2,105,0,607,468,1,467,67,2,1,1,0,0,25,0,0,0,0,0,0,0,0,18,70,0,0,0,0,0,278,0,0,0,0,0,0,5,
19,10282,כוכב יאיר,1224,101.3,105,0,607,454,0,454,50,0,0,0,0,0,30,0,0,0,0,0,0,0,0,16,87,1,0,0,1,0,267,0,0,0,0,0,0,2,
19,10283,כוכב יאיר,1224,101.4,105,0,607,446,0,446,40,1,1,0,0,0,45,0,1,0,0,0,0,0,0,22,94,3,0,0,0,0,234,0,0,0,0,0,0,5,
19,10284,כוכב יאיר,1224,101.5,105,0,607,446,1,445,53,1,1,0,0,0,31,0,0,0,0,0,0,0,0,24,87,0,0,0,0,0,244,0,0,0,0,0,0,4,
19,10285,כוכב יאיר,1224,101.6,105,0,607,462,0,462,49,1,0,2,0,0,30,0,0,0,0,0,0,0,0,31,86,1,0,0,0,0,262,0,0,0,0,0,0,0,
19,10286,כוכב יאיר,1224,101.7,105,0,606,462,1,461,59,2,2,0,0,0,40,0,0,0,0,0,0,0,0,17,83,0,0,0,1,0,255,0,0,0,0,0,0,2,
17,9164,כוכב מיכאל,824,1,1,0,701,519,5,514,70,0,0,0,1,0,14,0,0,0,0,0,0,0,0,7,100,0,0,0,1,0,318,0,0,0,0,0,0,3,
8,3433,כפר ביאליק,220,1,1,0,465,343,7,336,23,0,0,0,0,0,14,0,0,0,0,0,0,0,0,5,82,1,0,0,1,0,207,0,0,0,0,0,0,3,
5,1882,כפר החורש,192,1,3,0,476,353,2,351,87,1,3,0,0,0,8,0,0,0,0,0,0,0,0,17,34,0,0,0,0,0,201,0,0,0,0,0,0,0,
17,9167,כפר ורבורג,320,1,1,0,462,352,0,352,42,1,0,0,0,0,5,0,0,0,0,0,1,0,0,6,48,0,0,0,1,0,244,0,0,0,0,0,0,4,
17,9168,כפר ורבורג,320,2,1,0,353,276,0,276,24,0,1,1,0,0,9,0,0,0,0,0,0,0,0,5,46,1,0,0,0,0,183,0,0,0,0,0,0,6,
12,5706,כפר חבד,696,1,4,0,556,348,0,348,4,151,0,0,0,0,21,0,0,0,0,0,0,0,0,0,76,0,0,0,15,0,0,0,0,0,0,0,1,80,
12,5708,כפר חבד,696,3,4,0,534,348,0,348,1,133,0,1,0,0,27,0,0,0,0,0,0,0,0,1,98,1,0,0,10,0,0,0,0,0,0,0,0,76,
12,5709,כפר חבד,696,4,4,0,647,473,2,471,2,165,0,2,0,0,33,0,0,0,0,0,0,0,0,0,129,0,0,0,27,0,3,0,0,0,0,0,0,110,
12,5710,כפר חבד,696,5,4,0,743,497,2,495,1,206,0,0,0,0,25,0,0,0,0,0,0,0,0,3,125,0,0,0,30,0,1,0,0,0,0,0,0,104,
12,5711,כפר חבד,696,6,2,0,567,387,0,387,0,155,1,0,0,0,40,0,0,0,0,0,0,0,0,1,93,0,0,0,16,0,2,0,0,0,0,0,0,79,
12,5712,כפר חבד,696,7,2,0,490,317,0,317,1,132,0,0,0,0,24,0,0,0,0,0,0,0,0,0,100,0,0,0,15,0,2,0,0,0,0,0,0,43,
3,1135,כפר חושן,609,1,1,0,577,427,1,426,12,6,0,0,0,0,14,0,0,0,0,0,0,0,0,5,247,0,0,0,4,0,57,0,0,0,0,1,0,80,
3,1136,כפר חנניה,1297,1,1,0,525,384,1,383,33,5,2,0,0,0,35,0,0,0,0,0,0,0,0,13,176,1,0,0,0,0,105,0,0,0,0,0,0,13,
6,2393,כפר יאסיף,507,1,2,0,732,497,6,491,3,0,462,0,0,0,0,0,0,0,0,0,0,0,0,6,9,0,0,0,1,0,10,0,0,0,0,0,0,0,
6,2394,כפר יאסיף,507,2,2,0,709,460,1,459,11,0,414,1,0,0,0,0,0,0,0,0,0,0,0,9,5,0,0,0,0,0,19,0,0,0,0,0,0,0,
6,2395,כפר יאסיף,507,3,1,0,770,562,2,560,5,0,515,0,0,0,0,0,0,0,0,0,0,0,0,3,3,0,0,0,0,0,22,0,0,0,0,0,0,12,
6,2396,כפר יאסיף,507,4,1,0,717,528,5,523,3,0,480,0,0,0,0,0,0,1,0,0,0,0,0,1,8,1,0,0,0,0,26,0,0,0,0,0,0,3,
6,2397,כפר יאסיף,507,5,1,0,726,485,2,483,5,0,457,0,0,0,0,0,0,0,0,0,0,0,0,2,6,0,0,0,0,0,11,0,0,0,0,0,0,2,
6,2398,כפר יאסיף,507,6,3,0,709,519,5,514,8,0,439,0,0,0,0,0,0,1,0,0,0,0,0,9,46,0,0,0,0,0,10,0,0,0,0,0,0,1,
6,2399,כפר יאסיף,507,7,3,0,660,471,2,469,9,0,443,0,0,0,0,0,0,0,0,0,0,0,0,8,5,0,0,0,0,0,3,0,0,0,0,0,1,0,
6,2400,כפר יאסיף,507,8,4,0,712,505,2,503,9,0,481,0,0,0,0,0,0,1,0,0,0,0,0,4,5,0,0,0,0,0,3,0,0,0,0,0,0,0,
6,2401,כפר יאסיף,507,9,4,0,758,533,1,532,12,0,504,0,0,0,0,0,0,1,0,0,0,0,0,8,3,0,0,0,0,0,3,0,0,0,0,0,0,1,
6,2402,כפר יאסיף,507,10,2,0,721,494,4,490,41,0,435,0,0,0,0,0,0,0,0,0,0,1,0,3,2,1,0,0,0,1,6,0,0,0,0,0,0,0,
6,2403,כפר יאסיף,507,11,4,0,713,508,2,506,10,0,461,0,0,0,0,0,0,1,0,0,0,0,0,4,5,0,0,0,0,1,21,0,0,2,0,0,0,1,
5,1883,כפר יהושע,140,1,1,0,408,337,0,337,47,0,0,0,0,0,20,0,0,0,1,0,0,0,0,7,30,0,0,0,0,0,232,0,0,0,0,0,0,0,
5,1884,כפר יהושע,140,2,1,0,422,336,4,332,63,0,1,0,0,0,8,0,0,0,0,0,0,0,0,9,26,0,0,0,0,0,225,0,0,0,0,0,0,0,
11,5221,כפר סירקין,249,1,1,0,511,410,0,410,41,0,1,0,0,0,16,0,0,0,0,0,0,0,0,13,57,0,0,0,0,0,278,0,0,0,0,0,0,4,
11,5222,כפר סירקין,249,2,1,0,461,367,0,367,40,0,4,0,0,0,8,0,0,0,0,0,0,0,0,9,54,0,0,0,0,0,251,0,0,0,0,0,0,1,
9,3947,כפר פינס,189,1,1,0,381,315,2,313,1,8,0,0,0,0,193,0,0,0,0,0,0,0,0,1,72,0,0,0,7,0,26,0,0,0,0,1,0,4,
15,7653,כפר שמריהו,267,1,1,0,547,345,0,345,23,0,1,0,0,0,5,0,0,0,0,0,0,0,0,12,54,1,0,0,0,0,248,0,0,0,0,0,0,1,
15,7654,כפר שמריהו,267,2,5,0,708,453,0,453,49,2,2,0,0,0,12,0,0,0,0,0,0,0,0,6,93,1,0,0,0,0,284,0,0,0,0,0,0,4,
15,7655,כפר שמריהו,267,3,1,0,649,440,3,437,41,4,2,2,0,0,5,0,0,0,0,0,0,0,0,15,75,0,0,0,1,0,291,0,0,0,0,0,0,1,
2,1028,כרמי צור,3766,1,1,0,554,443,1,442,1,24,0,1,0,0,297,0,0,0,0,0,0,0,0,1,104,0,0,0,6,0,0,0,0,0,0,0,0,8,
17,9174,כרמיה,768,1,1,0,459,344,0,344,80,0,4,0,0,0,6,0,0,0,0,0,0,0,0,5,75,1,0,0,1,0,171,0,0,0,1,0,0,0,
2,761,מבוא ביתר,771,1,2,0,613,462,0,462,45,4,1,0,0,0,34,0,0,0,0,0,0,0,0,19,189,1,0,0,1,0,164,0,0,0,0,0,0,4,
3,1287,מגדל שמס,4201,1,2,0,432,74,0,74,4,0,5,0,0,0,2,0,0,0,0,0,0,0,0,1,14,0,0,0,0,0,48,0,0,0,0,0,0,0,
3,1288,מגדל שמס,4201,2,2,0,468,90,1,89,4,0,4,0,0,0,0,0,0,1,0,0,0,0,0,4,15,0,0,0,0,0,61,0,0,0,0,0,0,0,
4,1458,מגאר,481,1,1,0,676,364,2,362,22,0,241,0,0,0,0,0,0,0,0,0,0,0,1,13,9,0,0,0,1,0,62,0,0,0,1,1,0,11,
4,1459,מגאר,481,2,6,0,742,417,5,412,15,0,244,0,0,0,1,0,0,1,0,0,0,0,0,18,11,1,0,0,1,0,83,1,0,0,0,1,2,33,
4,1460,מגאר,481,3,7,0,691,344,2,342,13,0,94,0,0,0,7,0,0,0,0,0,0,0,0,63,22,0,0,0,0,1,101,0,0,1,0,0,0,40,
4,1461,מגאר,481,4,5,0,725,332,2,330,10,0,98,0,0,0,9,0,0,1,0,0,0,0,1,58,15,1,0,0,0,0,101,0,0,0,0,0,0,36,
4,1462,מגאר,481,5,5,0,785,373,2,371,45,0,89,0,0,0,1,0,0,0,0,0,0,1,0,10,9,0,0,0,0,0,193,0,0,0,0,0,0,23,
4,1463,מגאר,481,6,3,0,689,350,8,342,13,0,198,0,0,0,0,0,0,1,0,0,0,0,0,12,14,0,0,0,0,0,86,0,0,0,0,0,0,18,
4,1464,מגאר,481,7,3,0,749,400,2,398,11,0,241,0,0,0,0,0,0,0,0,1,0,0,0,16,32,0,0,0,0,0,75,0,0,0,0,1,0,21,
4,1465,מגאר,481,8,14,0,718,467,4,463,24,1,305,0,0,0,0,0,0,1,0,0,0,0,0,25,9,1,0,0,0,0,65,0,0,1,0,0,0,31,
4,1466,מגאר,481,9,7,0,701,360,5,355,12,0,199,0,0,0,1,0,0,0,0,0,0,0,0,22,14,0,0,0,1,0,80,0,0,1,0,0,1,24,
4,1467,מגאר,481,10,4,0,757,417,5,412,14,0,186,0,0,0,1,0,0,0,1,0,0,0,0,28,17,0,0,0,0,0,129,0,0,1,0,0,0,35,
4,1468,מגאר,481,11,4,0,786,415,2,413,15,0,189,0,0,0,2,0,0,0,1,0,0,0,1,32,8,0,0,0,0,1,120,0,0,1,1,0,0,42,
4,1469,מגאר,481,12,6,0,785,433,7,426,12,0,219,0,0,0,1,0,0,0,0,0,0,0,1,31,21,0,0,0,1,0,94,0,0,1,0,0,0,45,
4,1470,מגאר,481,13,1,0,784,437,8,429,8,0,210,0,0,0,1,0,0,0,1,0,0,1,1,23,26,0,0,0,1,0,102,0,0,0,0,1,1,53,
4,1471,מגאר,481,14,2,0,747,400,3,397,12,0,258,0,0,0,0,0,0,0,0,0,0,0,1,22,14,0,0,0,0,0,79,0,0,0,0,0,2,9,
4,1472,מגאר,481,15,2,0,721,408,5,403,13,0,256,0,0,0,0,0,0,1,0,0,0,0,0,14,8,0,0,0,0,0,89,0,0,0,0,0,0,22,
4,1473,מגאר,481,16,13,0,682,463,4,459,10,0,380,0,0,0,0,0,0,0,0,0,1,0,1,6,8,0,0,0,0,0,35,0,0,0,0,0,0,18,
4,1474,מגאר,481,17,12,0,736,418,2,416,12,0,245,0,0,0,0,0,0,0,0,1,0,1,0,10,15,0,0,1,1,0,99,0,0,0,1,0,0,30,
4,1475,מגאר,481,18,14,0,726,415,2,413,17,0,227,0,0,0,1,0,0,0,0,0,0,0,1,20,13,0,0,0,1,0,106,0,0,0,0,0,0,27,
4,1476,מגאר,481,19,13,0,750,397,4,393,10,0,190,0,0,0,0,0,1,0,0,0,0,0,0,31,20,0,0,0,1,0,91,0,1,0,1,0,0,47,
4,1477,מגאר,481,20,12,0,694,387,3,384,14,0,198,0,2,0,0,1,0,0,0,0,0,0,0,14,13,0,0,0,1,0,109,0,0,0,0,0,1,31,
4,1478,מגאר,481,21,1,0,717,367,6,361,6,0,167,0,0,0,0,0,0,0,0,0,0,1,1,18,12,0,0,0,0,1,137,0,1,0,0,0,1,16,
4,1479,מגאר,481,22,3,0,683,342,0,342,8,0,181,0,0,0,4,0,0,0,0,0,0,0,0,19,10,0,0,1,1,0,93,0,0,1,1,0,0,23,
9,3863,מגל,375,1,2,0,398,307,1,306,76,1,2,1,0,0,12,0,0,0,0,0,0,0,0,1,13,1,0,0,0,0,199,0,0,0,0,0,0,0,
9,3864,מגל,375,2,2,0,409,320,0,320,65,0,1,0,0,0,1,0,0,0,0,0,0,0,0,1,11,0,0,0,0,0,241,0,0,0,0,0,0,0,
18,9292,מדרשת בן גוריון,1140,1,2,0,575,400,1,399,138,0,5,1,0,0,11,0,0,0,0,0,0,0,0,7,41,0,0,0,2,0,193,1,0,0,0,0,0,0,
18,9293,מדרשת בן גוריון,1140,2,2,0,565,404,1,403,138,0,9,1,0,0,7,0,0,0,0,0,0,0,0,8,43,0,0,0,0,0,196,0,0,0,0,0,0,1,
2,792,מוצא עילית,208,1,3,0,528,387,1,386,80,1,4,0,0,0,5,0,0,0,0,0,0,0,0,10,71,1,0,0,0,0,208,0,0,0,0,0,0,6,
2,793,מוצא עילית,208,2,2,0,379,275,0,275,54,0,6,0,0,0,7,0,0,0,0,0,0,0,0,5,39,0,0,0,1,0,162,0,0,0,0,0,0,1,
5,1603,מוקייבלה,635,1,1,0,680,404,3,401,0,0,398,0,0,0,0,0,0,0,0,0,0,0,0,0,2,0,0,0,0,0,1,0,0,0,0,0,0,0,
5,1604,מוקייבלה,635,2,1,0,573,346,1,345,0,0,337,0,0,0,0,0,0,1,0,0,0,0,0,0,0,0,0,0,0,0,6,0,0,0,0,1,0,0,
5,1605,מוקייבלה,635,3,2,0,649,396,2,394,1,0,389,0,0,0,0,0,0,1,0,0,0,0,0,0,1,0,0,0,0,0,1,0,1,0,0,0,0,0,
5,1606,מוקייבלה,635,4,2,0,669,412,0,412,4,0,401,0,0,0,0,0,0,0,0,0,0,0,0,0,2,0,0,0,0,0,3,0,1,0,0,0,1,0,
13,6464,מזכרת בתיה,28,1,6,0,608,449,2,447,43,5,2,0,0,0,28,0,0,0,0,0,0,0,0,5,145,0,0,0,0,0,202,0,0,0,0,0,0,17,
13,6465,מזכרת בתיה,28,2,5,0,577,411,2,409,34,2,0,0,0,0,13,0,0,0,0,0,0,0,1,45,138,0,0,0,1,0,168,0,0,0,0,0,0,7,
13,6466,מזכרת בתיה,28,3,3,0,541,432,2,430,23,3,0,0,0,0,36,0,0,0,0,0,0,0,0,16,133,2,0,1,0,0,207,0,0,0,0,0,0,9,
13,6467,מזכרת בתיה,28,4,3,0,625,494,1,493,43,0,2,1,0,0,28,0,0,0,0,0,0,0,0,8,129,0,0,0,0,0,275,0,0,0,0,0,0,7,
13,6468,מזכרת בתיה,28,5,1,0,660,437,1,436,22,1,0,0,0,0,10,0,0,0,0,0,0,0,0,13,250,1,0,0,2,0,105,2,0,0,1,0,0,29,
13,6469,מזכרת בתיה,28,6,6,0,667,527,1,526,82,4,3,1,0,0,23,0,0,0,0,0,0,0,0,25,118,0,0,0,1,0,261,1,0,0,0,0,0,7,
13,6470,מזכרת בתיה,28,7,1,0,651,505,0,505,73,2,2,0,0,0,16,0,0,0,0,0,0,0,0,14,97,0,0,0,0,0,296,0,0,0,0,0,0,5,
13,6471,מזכרת בתיה,28,8,1,0,467,352,4,348,32,1,1,1,0,0,18,0,0,0,0,0,0,0,0,15,97,0,0,0,3,0,176,1,0,0,0,0,0,3,
13,6472,מזכרת בתיה,28,9,6,0,702,561,0,561,45,2,2,0,0,0,22,0,0,0,0,0,0,0,0,22,146,1,0,0,1,0,309,0,0,0,0,0,0,11,
13,6473,מזכרת בתיה,28,10,5,0,669,454,8,446,22,5,1,0,1,0,20,0,0,0,0,3,0,0,0,13,232,1,1,0,2,0,105,0,0,0,0,0,1,39,
13,6474,מזכרת בתיה,28,11,5,0,527,395,1,394,59,2,0,1,0,0,27,0,0,0,0,0,0,0,0,9,90,0,0,0,0,0,200,0,0,0,0,0,0,6,
13,6475,מזכרת בתיה,28,12,6,0,541,418,2,416,29,7,0,0,0,0,36,0,0,0,0,0,0,0,0,5,123,0,0,0,1,0,206,0,0,0,0,0,0,9,
13,6476,מזכרת בתיה,28,13,3,0,640,502,2,500,31,0,0,0,0,0,54,0,0,0,0,0,0,0,0,14,166,0,1,0,3,0,218,0,0,1,0,0,0,12,
13,6477,מזכרת בתיה,28,14,3,0,763,636,1,635,21,3,0,4,0,0,61,0,0,0,0,1,0,0,0,16,233,0,0,0,1,0,285,0,0,1,0,0,0,9,
13,6478,מזכרת בתיה,28,15,3,0,662,541,4,537,33,0,0,1,0,0,29,0,0,0,0,0,0,0,0,13,206,0,0,0,1,1,242,0,0,0,0,0,0,11,
13,6479,מזכרת בתיה,28,16,3,0,644,536,5,531,33,0,1,0,0,0,48,0,0,0,0,0,0,0,1,16,209,0,1,0,2,0,209,0,0,0,0,0,0,11,
13,6480,מזכרת בתיה,28,17,3,0,596,466,1,465,34,3,0,0,0,0,65,0,0,0,0,0,0,0,0,8,134,0,0,0,2,0,214,1,0,0,0,0,0,4,
9,3865,מייסר,649,1,1,0,638,423,1,422,4,0,410,0,0,0,1,0,0,0,0,0,0,0,0,0,4,0,0,0,0,0,3,0,0,0,0,0,0,0,
9,3866,מייסר,649,2,1,0,688,419,4,415,2,0,409,0,0,0,2,0,0,0,0,0,0,0,0,0,1,0,0,0,0,0,1,0,0,0,0,0,0,0,
4,1387,מנחמיה,48,1,1,0,504,339,0,339,17,17,0,0,0,0,10,0,0,0,0,0,0,0,0,8,179,0,0,0,2,0,86,1,0,0,0,0,2,17,
4,1388,מנחמיה,48,2,1,0,423,264,3,261,14,3,0,2,0,0,9,0,0,0,0,0,0,0,0,9,133,0,0,0,5,0,78,0,0,0,0,0,3,5,
5,2114,מנשית זבדה,994,1,1,0,442,309,0,309,16,0,274,0,0,0,0,0,0,0,0,0,0,0,0,0,1,0,0,0,0,0,17,0,1,0,0,0,0,0,
5,2115,מנשית זבדה,994,2,1,0,410,284,1,283,30,0,243,0,0,0,0,0,0,0,0,0,0,0,0,0,1,0,0,0,0,0,6,0,0,0,0,0,3,0,
10,4535,מעברות,197,1,1,0,381,285,0,285,139,0,3,0,0,0,4,0,0,0,0,0,0,0,0,1,8,0,0,0,0,0,130,0,0,0,0,0,0,0,
10,4536,מעברות,197,2,1,0,363,279,0,279,110,2,3,0,0,0,1,0,0,0,0,0,0,0,0,1,13,0,0,0,0,0,148,0,0,0,0,0,0,1,
18,9406,מעגלים,1082,1,1,0,410,342,1,341,1,15,0,1,0,0,67,0,0,0,0,0,0,0,0,2,201,0,0,0,2,0,9,0,0,0,0,0,0,43,
18,9407,מעגלים,1082,2,1,0,648,520,3,517,7,18,0,0,0,0,86,0,0,0,0,0,0,0,0,1,304,0,0,0,4,0,7,0,0,0,0,0,0,90,
9,3868,מצר,648,1,1,0,430,299,0,299,158,0,4,0,0,0,1,0,0,0,0,0,0,0,1,0,6,0,0,0,0,0,129,0,0,0,0,0,0,0,
17,9180,מרכז שפירא,1098,1,2,0,696,573,1,572,4,14,0,1,0,0,319,0,0,0,0,0,0,0,0,0,153,1,1,0,2,0,27,1,0,0,0,0,0,49,
17,9181,מרכז שפירא,1098,3,1,0,733,579,0,579,3,18,0,1,0,0,272,0,0,0,0,0,0,0,0,1,193,0,0,0,3,0,20,1,0,0,0,0,0,67,
12,5722,משמר איילון,670,1,2,0,396,308,0,308,30,0,0,0,0,0,12,0,0,0,0,0,1,0,1,14,86,0,0,0,0,0,157,0,0,0,0,0,0,7,
17,9183,משען,791,1,1,0,709,569,2,567,14,9,0,1,0,0,42,0,0,0,0,0,0,0,0,10,370,0,0,0,2,0,61,0,0,0,0,0,0,58,
5,1612,נאעורה,524,1,1,1,753,558,2,556,35,0,508,0,0,0,0,0,0,0,0,0,0,0,0,1,1,0,1,0,0,0,10,0,0,0,0,0,0,0,
5,1613,נאעורה,524,2,1,0,716,487,4,483,20,0,449,0,0,0,0,0,0,0,0,0,0,0,0,0,2,0,0,0,1,1,10,0,0,0,0,0,0,0,
18,10106,נבטים,396,1,1,0,730,558,0,558,19,5,7,0,0,0,45,0,0,0,0,0,0,1,0,13,193,1,0,0,4,0,257,0,0,0,0,0,0,13,
17,9185,נהורה,309,1,1,0,442,338,1,337,12,3,0,0,0,0,22,0,0,0,0,0,0,0,0,3,188,0,0,0,2,0,56,0,0,0,0,0,0,51,
17,9186,נהורה,309,2,1,0,510,391,1,390,13,6,0,0,0,0,18,0,0,0,0,0,0,0,0,4,202,0,0,0,3,0,106,0,0,0,0,0,0,38,
12,5725,נוף איילון,1333,1,2,0,609,485,0,485,4,22,1,0,0,0,316,0,0,0,0,0,0,0,0,2,97,0,1,0,12,0,8,0,0,0,0,0,0,22,
12,5726,נוף איילון,1333,2,1,0,534,462,0,462,6,30,0,0,0,0,303,0,0,0,0,0,0,0,0,0,78,0,0,0,10,0,13,0,0,0,0,0,0,22,
12,5727,נוף איילון,1333,3,1,0,540,433,1,432,1,21,0,0,0,0,324,0,0,0,0,0,0,0,0,0,54,1,0,0,6,0,5,0,0,0,0,0,0,20,
2,1035,נוקדים,3726,1,1,0,587,446,1,445,6,9,1,0,0,0,202,0,0,0,0,0,0,0,0,18,166,0,0,0,13,1,12,0,0,0,0,0,0,17,
2,1036,נוקדים,3726,2,2,0,604,440,0,440,4,11,0,0,0,0,130,0,0,0,0,0,0,0,0,48,212,0,0,0,5,0,12,0,0,0,0,0,5,13,
17,9190,נחל עוז,844,1,1,0,352,251,1,250,73,0,1,0,0,0,7,0,0,0,0,0,0,0,0,1,22,0,0,0,1,0,144,0,0,0,0,0,0,1,
11,5228,נחלים,449,1,1,0,562,474,1,473,6,12,1,0,0,0,264,0,0,0,0,0,0,1,0,2,134,0,0,0,5,0,40,1,0,0,0,0,0,7,
11,5229,נחלים,449,2,1,0,342,290,0,290,1,4,0,1,0,0,178,0,0,0,0,0,0,0,0,3,67,0,0,0,2,0,28,0,0,0,0,0,0,6,
2,948,נחשון,777,1,1,0,467,347,3,344,145,0,11,1,0,0,2,0,0,0,0,0,0,0,0,4,14,1,0,0,0,0,165,0,0,0,0,0,0,1,
17,9193,ניצן,351,1,1,0,764,615,0,615,8,10,0,0,0,0,245,0,0,0,0,0,0,0,1,1,301,0,0,0,11,0,7,0,0,0,0,0,0,31,
17,9194,ניצן,351,2,1,0,647,515,1,514,5,13,1,1,0,0,208,0,0,0,0,0,0,0,0,1,209,0,0,0,11,0,26,0,0,0,0,0,0,39,
13,6571,ניר גלים,720,1,1,0,643,547,0,547,9,10,1,0,0,0,280,0,0,0,0,0,0,0,0,2,170,0,0,0,4,0,36,0,0,0,0,0,0,35,
17,9200,ניר ישראל,699,1,1,0,592,459,0,459,41,4,1,1,0,0,17,0,0,0,0,0,0,0,0,12,120,1,0,0,0,0,257,0,0,0,0,0,0,5,
19,10432,נירית,1236,1,1,0,424,319,0,319,56,0,1,1,0,0,6,0,0,0,0,0,0,0,0,2,30,0,1,0,0,0,220,1,0,0,0,0,0,1,
19,10433,נירית,1236,2,1,0,412,326,1,325,48,1,1,0,0,0,8,0,0,0,0,0,0,0,0,6,29,0,0,0,0,0,231,0,0,0,0,0,0,1,
10,4205,נתניה,7400,81,48,0,599,311,4,307,5,3,0,1,0,0,2,0,0,0,0,0,0,1,0,10,164,0,0,1,1,0,27,0,0,0,0,0,0,92,
10,4206,נתניה,7400,82,165,0,668,381,2,379,9,5,0,0,0,0,9,0,0,0,0,0,0,0,0,22,218,0,0,0,0,2,31,0,0,0,0,0,3,80,
10,4207,נתניה,7400,83,15,0,655,329,3,326,6,7,0,0,0,0,3,0,0,0,0,1,0,0,0,37,186,0,0,1,0,0,24,0,0,0,0,1,0,60,
10,4208,נתניה,7400,84,15,0,708,452,3,449,13,5,0,0,0,0,16,0,0,0,0,0,0,0,0,8,243,0,0,0,1,0,32,0,0,0,0,1,0,130,
10,4209,נתניה,7400,85,45,0,526,399,3,396,4,3,0,0,0,0,11,0,0,0,0,0,0,0,0,14,221,0,0,0,2,0,13,0,0,0,0,0,1,127,
10,4210,נתניה,7400,86,165,0,689,355,6,349,2,2,0,0,0,0,9,0,0,0,0,0,0,0,1,23,187,1,0,0,0,0,39,0,1,2,0,0,0,82,
10,4211,נתניה,7400,87,48,0,582,298,8,290,5,1,0,0,0,0,3,0,0,0,0,0,0,0,0,50,154,0,0,0,2,0,44,0,0,1,0,0,0,30,
10,4212,נתניה,7400,88,76,0,570,257,3,254,7,9,0,0,0,0,12,0,0,0,0,0,0,0,1,23,95,0,0,0,0,0,88,0,0,0,0,1,0,18,
10,4213,נתניה,7400,89,76,0,708,441,3,438,9,27,1,1,0,0,12,0,0,0,0,0,0,0,0,53,170,1,0,0,11,0,67,0,0,0,0,0,0,86,
10,4214,נתניה,7400,90,76,0,606,340,3,337,8,5,2,1,0,0,11,0,0,0,0,0,0,0,0,44,157,0,0,1,5,0,60,0,0,0,0,0,0,43,
10,4215,נתניה,7400,91.1,16,0,567,315,4,311,13,5,0,0,0,0,10,0,0,0,0,0,0,0,0,18,138,0,0,0,0,0,62,0,0,0,0,1,0,64,
10,4216,נתניה,7400,91.2,16,0,567,317,6,311,6,10,1,1,0,0,8,0,0,0,0,0,0,0,0,37,158,0,0,0,0,1,38,0,0,0,0,0,0,51,
10,4217,נתניה,7400,91.3,16,0,567,299,2,297,11,8,0,0,0,0,7,0,0,0,0,0,0,0,0,31,137,0,0,0,1,0,55,0,0,0,0,0,0,47,
10,4218,נתניה,7400,91.4,16,0,566,303,2,301,13,19,1,0,0,0,3,0,0,0,2,0,0,0,0,41,129,0,0,0,1,0,53,0,0,1,1,0,0,37,
10,4219,נתניה,7400,92,19,0,669,329,4,325,6,7,0,0,0,0,0,0,0,0,0,1,0,0,0,64,145,0,0,0,0,0,66,0,0,0,0,0,0,36,
10,4220,נתניה,7400,94,48,0,427,215,3,212,2,0,0,0,0,0,3,0,0,0,0,0,0,1,0,11,119,0,0,0,1,0,15,0,0,0,0,0,0,60,
10,4221,נתניה,7400,95,24,0,601,292,4,288,8,9,0,0,0,0,11,0,0,0,1,0,0,0,2,56,140,0,1,0,0,0,44,0,0,0,0,1,0,15,
10,4222,נתניה,7400,96,152,0,468,227,1,226,6,0,0,0,1,0,7,0,0,0,0,0,0,0,0,45,103,0,0,0,3,0,35,0,0,1,0,0,0,25,
10,4223,נתניה,7400,97,19,0,565,294,2,292,4,0,0,0,0,0,7,0,0,0,0,0,0,0,0,29,169,0,0,0,0,0,53,0,0,0,0,0,0,30,
10,4224,נתניה,7400,98,19,0,626,334,0,334,6,4,1,0,0,0,5,0,0,0,0,0,0,0,1,36,191,0,0,0,0,0,43,0,0,1,0,0,0,46,
10,4225,נתניה,7400,99,152,0,671,307,8,299,3,3,0,0,0,0,9,0,0,0,1,0,0,0,0,6,172,0,0,0,1,0,50,0,1,0,0,1,0,52,
10,4226,נתניה,7400,101,128,0,576,231,6,225,5,4,0,2,0,0,6,0,0,0,0,0,0,1,0,10,115,0,0,1,0,1,25,0,0,0,1,0,1,53,
10,4227,נתניה,7400,102,30,0,527,279,2,277,5,2,0,0,0,0,6,0,0,0,0,0,0,0,0,33,155,0,0,1,2,0,40,0,0,0,1,0,0,32,
10,4228,נתניה,7400,103,128,1,510,259,3,256,6,1,0,0,0,0,8,0,0,0,0,0,0,0,1,75,98,0,0,0,0,0,48,0,0,0,1,0,0,18,
10,4229,נתניה,7400,104.1,77,0,618,331,2,329,10,2,0,1,0,0,5,0,0,0,0,0,0,1,1,52,152,0,0,0,0,0,81,0,0,0,0,0,0,24,
10,4230,נתניה,7400,104.2,77,0,618,360,5,355,7,1,0,0,0,0,8,0,0,0,0,0,0,0,0,66,165,1,0,0,1,0,69,0,0,0,0,0,0,37,
10,4231,נתניה,7400,104.3,77,0,617,338,3,335,10,5,0,1,0,0,4,0,0,0,0,0,0,0,0,88,129,0,0,0,2,0,77,0,0,0,0,1,0,18,
10,4232,נתניה,7400,105,30,0,554,258,3,255,9,1,0,0,0,0,5,0,0,0,0,0,0,0,0,47,124,0,0,0,1,0,24,0,0,0,0,0,0,44,
10,4233,נתניה,7400,106,30,0,382,230,0,230,9,3,0,0,0,0,13,2,0,0,0,0,0,0,0,31,89,0,0,0,0,0,67,0,0,0,0,0,0,16,
10,4234,נתניה,7400,107,148,0,711,332,1,331,6,5,0,0,0,0,6,0,0,0,0,1,0,0,1,70,159,0,0,0,0,0,65,0,0,0,0,0,0,18,
10,4235,נתניה,7400,108,86,0,671,362,5,357,17,2,0,0,0,0,8,0,0,1,0,0,0,0,0,87,142,0,0,0,2,1,72,0,0,2,0,0,0,23,
10,4236,נתניה,7400,112,86,0,641,391,2,389,13,0,0,1,0,0,9,0,0,0,1,0,0,1,0,70,164,0,0,0,0,0,104,0,0,0,0,0,0,26,
10,4237,נתניה,7400,114,24,0,637,353,0,353,6,3,0,0,0,0,11,0,0,0,0,0,0,0,0,26,206,0,0,0,0,0,48,0,0,0,0,0,1,52,
10,4238,נתניה,7400,152,24,0,605,297,3,294,3,3,0,1,0,0,10,0,0,0,0,0,0,0,0,49,156,2,0,0,2,0,34,0,0,0,0,0,1,33,
10,4239,נתניה,7400,153,24,0,529,298,3,295,9,4,0,0,0,0,7,0,0,0,0,0,0,0,0,36,136,0,0,0,1,0,55,0,0,0,0,0,0,47,
10,4240,נתניה,7400,157.1,17,0,623,321,3,318,4,2,0,0,0,0,5,0,0,0,0,0,0,0,0,24,173,0,0,0,2,0,40,0,0,0,1,1,0,66,
10,4241,נתניה,7400,157.2,17,0,623,313,2,311,2,2,0,0,0,0,11,0,0,0,0,0,0,0,0,56,154,0,0,0,1,0,41,0,0,0,0,0,0,44,
10,4242,נתניה,7400,157.3,17,0,623,320,5,315,11,2,0,0,0,0,9,0,0,0,0,0,0,0,0,37,165,0,0,0,1,0,56,0,0,0,0,1,0,33,
10,4243,נתניה,7400,157.4,17,0,623,354,7,347,5,5,0,0,0,0,14,0,0,0,0,0,0,0,0,44,181,0,0,0,3,0,58,0,0,0,0,0,0,37,
10,4244,נתניה,7400,157.5,17,0,623,343,2,341,5,3,0,0,0,0,8,0,0,0,0,0,0,0,0,43,158,0,0,0,2,1,64,0,0,1,0,0,0,56,
10,4245,נתניה,7400,157.6,17,0,618,277,2,275,5,2,0,0,0,0,14,0,0,0,0,0,0,0,0,55,107,0,0,0,0,0,71,0,0,0,0,0,1,20,
10,4246,נתניה,7400,163,24,0,556,344,0,344,10,2,0,4,0,0,10,0,0,0,3,1,0,0,0,71,143,0,0,0,1,0,68,0,0,0,0,1,0,30,
10,4247,נתניה,7400,164,86,0,605,392,3,389,12,1,0,0,0,0,9,0,0,0,0,0,0,0,0,55,176,0,1,0,4,0,111,0,0,0,0,1,0,19,
10,4248,נתניה,7400,171,152,0,609,285,3,282,7,4,0,0,0,0,6,0,0,0,0,0,0,0,0,17,172,0,0,0,0,0,46,0,0,0,0,2,0,28,
10,4249,נתניה,7400,181,45,0,704,484,1,483,5,8,0,0,0,0,18,0,0,0,0,0,0,0,0,20,232,0,0,0,1,0,38,0,0,0,0,0,0,161,
10,4250,נתניה,7400,183,48,0,504,316,5,311,7,4,1,0,0,0,4,0,0,0,0,0,0,0,0,79,128,1,0,0,1,0,56,0,1,0,0,0,1,28,
10,4251,נתניה,7400,209,86,0,723,399,4,395,9,1,0,0,0,0,10,0,0,0,0,0,0,0,0,76,155,1,1,0,1,0,117,0,0,0,0,0,0,24,
10,4252,נתניה,7400,215,149,0,661,468,1,467,20,12,1,0,0,0,13,1,0,0,0,0,0,0,0,43,198,2,0,0,3,0,134,0,0,0,0,0,0,40,
10,4253,נתניה,7400,219,76,0,698,461,2,459,17,14,0,1,0,0,20,0,0,0,0,0,0,0,0,42,194,0,0,0,5,0,79,0,2,1,0,0,0,84,
10,4254,נתניה,7400,230,101,0,529,326,3,323,18,0,0,0,0,0,12,0,0,0,0,0,0,0,0,36,146,0,0,0,2,0,98,0,0,0,0,0,0,11,
10,4255,נתניה,7400,231,148,0,650,417,3,414,15,3,0,1,0,0,10,0,0,0,0,0,0,0,0,70,196,0,0,0,1,0,94,0,0,0,0,0,0,24,
10,4256,נתניה,7400,236,19,0,558,280,3,277,4,4,0,0,1,0,6,0,0,0,0,0,0,0,0,85,108,0,0,0,1,0,43,0,0,0,0,0,0,25,
10,4257,נתניה,7400,264,148,0,726,434,5,429,11,6,1,2,0,0,24,0,0,0,0,0,0,0,0,97,148,0,0,0,0,0,115,1,0,0,0,0,0,24,
10,4258,נתניה,7400,267,149,0,567,416,0,416,20,2,0,0,0,0,19,0,0,0,0,0,0,0,0,40,164,1,0,0,1,0,140,0,0,0,0,0,0,29,
10,4259,נתניה,7400,270,149,0,624,455,0,455,9,5,1,1,0,0,14,0,0,0,0,0,0,0,0,35,177,0,0,0,1,0,180,0,1,0,0,0,0,31,
10,4260,נתניה,7400,274,101,0,527,323,0,323,20,1,1,0,0,0,6,0,0,0,0,0,0,0,0,22,127,0,0,0,1,0,129,0,0,0,0,0,0,16,
10,4261,נתניה,7400,276,149,0,579,434,1,433,15,2,0,0,0,0,19,0,0,0,0,0,0,0,0,43,181,0,0,0,0,0,160,0,0,0,0,0,0,13,
10,4262,נתניה,7400,280,149,0,679,498,1,497,9,2,0,0,0,0,10,0,0,0,0,0,0,0,0,65,214,0,0,0,0,0,167,0,0,0,0,0,0,30,
10,4263,נתניה,7400,282,149,0,572,442,0,442,22,3,0,0,0,0,11,0,0,0,0,0,0,0,0,29,192,0,0,0,1,0,139,0,0,0,0,0,0,45,
10,4264,נתניה,7400,283,148,0,673,285,0,285,7,3,0,0,0,0,7,0,0,0,0,0,0,0,0,20,143,1,0,0,1,0,83,0,0,0,0,0,0,20,
10,4265,נתניה,7400,286,149,0,632,471,1,470,14,5,1,0,0,0,16,0,0,0,0,0,0,0,0,50,205,0,0,0,1,0,151,0,0,0,0,0,0,27,
10,4266,נתניה,7400,287,101,0,536,363,2,361,5,5,0,0,1,0,8,0,0,0,0,0,0,0,0,46,176,0,0,0,1,0,94,0,0,2,0,0,0,23,
10,4267,נתניה,7400,952,101,0,566,352,0,352,16,1,0,0,0,0,11,0,0,0,0,0,0,0,0,14,162,0,0,0,0,0,123,0,0,0,0,0,0,25,
10,4268,נתניה,7400,955,149,0,549,422,2,420,15,6,1,0,0,0,23,0,0,0,0,0,0,0,0,42,147,0,0,0,1,0,163,0,0,0,0,0,0,22,
10,4269,נתניה,7400,956,101,0,654,423,6,417,11,3,0,3,0,0,8,0,0,0,0,0,0,0,0,92,166,0,0,0,0,0,114,0,1,0,0,0,0,19,
10,4270,נתניה,7400,957,101,0,601,415,3,412,9,3,0,0,0,0,19,0,0,0,0,0,0,0,0,62,175,0,0,0,0,0,98,0,0,0,0,0,0,46,
10,4271,נתניה,7400,959,19,0,631,385,2,383,7,4,0,0,0,0,10,0,0,0,0,0,0,0,0,83,150,0,0,0,0,0,104,1,1,0,0,0,0,23,
10,4272,נתניה,7400,2,163,0,788,534,2,532,32,20,1,0,0,0,25,0,0,0,0,0,0,0,0,11,241,0,0,0,2,0,104,0,0,0,0,1,0,95,
10,4273,נתניה,7400,3.1,9,1,607,364,1,363,3,5,0,0,0,0,10,0,0,0,0,0,0,0,0,21,200,0,0,0,2,0,44,0,0,0,0,0,0,78,
10,4274,נתניה,7400,3.2,9,0,607,370,1,369,14,6,0,0,0,0,15,0,0,0,0,0,0,0,1,35,191,0,0,0,0,0,50,0,0,0,0,0,0,57,
10,4275,נתניה,7400,3.3,9,0,607,354,5,349,9,6,0,0,0,0,9,0,0,0,0,0,1,0,0,36,161,0,1,0,1,0,54,0,0,0,0,0,1,70,
10,4276,נתניה,7400,3.4,9,0,607,381,3,378,8,5,0,0,0,0,15,0,0,0,0,0,0,0,1,29,174,1,0,0,0,0,50,0,0,1,0,0,1,93,
10,4277,נתניה,7400,3.5,9,0,607,332,3,329,6,6,0,0,0,0,8,0,0,0,0,0,0,0,0,39,152,1,0,0,2,1,51,0,0,0,0,0,0,63,
10,4278,נתניה,7400,3.6,9,0,606,328,0,328,6,1,0,0,0,0,13,0,0,0,0,0,0,0,0,41,152,0,0,0,2,0,64,0,0,0,0,0,0,49,
10,4279,נתניה,7400,4,14,0,548,368,3,365,7,2,0,1,0,0,28,0,0,0,0,1,0,0,0,15,195,0,0,0,5,0,40,0,0,0,0,0,0,71,
10,4280,נתניה,7400,5,14,0,615,405,0,405,5,8,0,0,0,0,12,1,0,0,0,0,0,0,0,15,238,1,1,0,3,1,29,0,0,0,0,0,0,91,
10,4281,נתניה,7400,6,99,0,704,448,1,447,3,3,0,1,0,0,9,0,0,0,0,0,0,0,0,30,244,0,0,0,2,0,75,0,0,0,0,0,0,80,
10,4282,נתניה,7400,7,35,0,774,539,0,539,19,2,0,0,0,0,28,0,1,0,0,0,0,0,0,63,208,0,0,0,8,1,132,0,0,0,0,0,0,77,
10,4283,נתניה,7400,8,7,0,660,349,6,343,9,2,0,0,0,0,2,0,0,0,0,0,0,0,0,44,142,0,0,0,2,0,40,0,0,0,0,0,0,102,
10,4284,נתניה,7400,9,36,0,497,239,7,232,2,1,0,0,0,0,11,0,0,0,0,0,0,0,0,15,133,0,0,0,5,0,24,0,0,0,0,0,0,41,
10,4285,נתניה,7400,11,7,0,553,288,3,285,7,5,0,0,0,0,3,0,0,0,0,0,0,0,0,21,149,0,0,0,3,0,18,0,0,0,0,0,0,79,
10,4286,נתניה,7400,12,12,0,669,368,2,366,10,5,0,0,0,0,11,0,0,0,0,0,0,0,1,51,188,0,0,0,0,0,77,0,0,0,0,0,0,23,
10,4287,נתניה,7400,13,163,0,643,421,2,419,19,4,0,0,0,0,12,0,0,0,0,0,0,0,0,12,215,0,0,0,1,0,119,0,0,0,0,0,0,37,
10,4288,נתניה,7400,14,163,0,741,473,11,462,10,7,0,0,0,0,23,0,0,0,0,0,0,0,0,52,234,0,0,0,3,1,81,0,0,0,0,0,0,51,
10,4289,נתניה,7400,15,32,0,569,344,2,342,15,7,1,1,0,0,16,0,0,0,0,0,0,0,0,30,140,0,0,0,2,0,92,0,0,0,0,0,0,38,
10,4290,נתניה,7400,16,123,0,741,575,2,573,2,347,0,0,0,0,21,0,0,0,0,0,0,0,0,10,77,0,0,0,5,0,56,0,0,0,0,0,0,55,
10,4291,נתניה,7400,17,124,0,586,334,2,332,11,9,0,0,0,0,26,0,0,0,0,0,0,0,0,25,147,0,1,0,1,0,88,0,0,0,0,0,0,24,
10,4292,נתניה,7400,18,6,0,623,373,2,371,12,6,1,0,0,0,16,0,0,0,0,0,0,0,0,46,171,0,0,0,2,0,68,0,0,0,0,0,0,49,
10,4293,נתניה,7400,19,6,0,693,367,3,364,14,42,0,0,0,0,5,0,1,0,0,0,0,0,0,64,108,0,4,0,0,0,52,0,2,0,0,0,0,72,
10,4294,נתניה,7400,20,26,0,446,240,1,239,11,1,0,0,0,0,8,0,0,0,0,0,0,0,0,45,94,0,0,0,2,0,64,0,0,0,0,0,0,14,
10,4295,נתניה,7400,24,4,0,656,424,3,421,14,16,0,0,0,0,25,0,0,0,0,0,0,0,0,30,173,0,0,0,4,0,106,1,0,0,0,1,0,51,
10,4296,נתניה,7400,25,26,0,675,431,3,428,15,14,0,1,0,0,32,0,0,0,0,0,0,0,0,36,197,0,0,0,2,0,87,0,0,0,0,0,0,44,
10,4297,נתניה,7400,26,41,0,616,334,4,330,12,7,0,0,0,0,16,0,0,0,0,0,0,0,0,43,158,0,0,0,1,0,63,0,0,0,0,0,0,30,
10,4298,נתניה,7400,27,12,0,756,421,4,417,13,8,0,0,0,0,9,0,0,0,0,0,1,0,0,70,182,0,0,0,1,0,100,0,0,0,0,0,1,32,
10,4299,נתניה,7400,28,4,0,705,468,1,467,12,13,1,2,0,0,54,0,0,0,0,0,0,0,0,10,239,1,0,0,1,0,58,0,0,0,0,0,0,76,
10,4300,נתניה,7400,29,12,0,699,372,2,370,13,8,0,1,0,0,20,1,0,0,0,0,0,1,0,56,163,0,0,0,1,0,80,0,0,0,0,0,0,26,
10,4301,נתניה,7400,30,4,0,523,273,0,273,11,4,1,1,0,0,4,0,0,0,0,0,0,0,1,36,119,0,0,1,2,0,65,0,0,0,0,0,0,28,
10,4302,נתניה,7400,31,12,0,628,333,3,330,15,3,1,0,0,0,15,0,0,0,0,0,0,0,0,47,147,0,0,0,2,0,76,0,0,0,0,0,1,23,
10,4303,נתניה,7400,32,168,0,703,292,2,290,7,3,0,0,0,0,8,0,0,0,0,0,0,0,0,24,171,0,0,0,1,0,60,0,0,0,0,0,0,16,
10,4304,נתניה,7400,33,23,0,628,228,0,228,7,2,0,0,0,0,10,0,0,0,0,0,0,0,0,41,117,0,0,0,2,0,35,0,0,0,0,0,0,14,
10,4305,נתניה,7400,34,12,0,535,229,1,228,8,8,0,1,0,0,2,0,0,0,0,0,0,0,0,33,120,0,0,0,2,1,36,0,0,0,0,0,0,17,
10,4306,נתניה,7400,35,39,0,549,248,2,246,8,6,1,1,0,0,8,0,0,0,0,0,0,0,0,46,87,1,0,0,0,0,51,0,0,0,0,0,0,37,
10,4307,נתניה,7400,36,37,0,614,249,2,247,10,7,0,0,0,0,9,0,0,0,0,0,0,0,0,46,110,2,0,1,0,0,39,0,0,0,0,0,0,23,
10,4308,נתניה,7400,37,37,0,466,182,0,182,9,3,0,0,0,0,9,0,0,0,0,0,0,0,0,25,98,0,0,0,0,0,29,0,0,0,0,0,0,9,
10,4309,נתניה,7400,38,26,0,606,283,1,282,14,12,0,0,0,0,13,0,0,0,0,0,0,0,0,42,135,0,0,0,4,0,48,0,0,0,0,0,0,14,
10,4310,נתניה,7400,40,168,0,545,260,3,257,9,4,0,0,0,0,10,0,0,0,0,0,0,0,0,49,112,1,0,0,0,0,58,0,0,0,0,0,0,14,
10,4311,נתניה,7400,45,39,0,490,161,3,158,0,1,1,0,0,0,1,0,0,0,0,0,0,0,0,32,73,0,0,0,1,0,24,0,0,1,0,0,0,24,
10,4312,נתניה,7400,56.1,167,1,616,299,3,296,6,1,1,0,0,0,7,0,0,0,0,0,0,0,0,33,163,0,0,0,3,0,55,0,0,0,0,0,0,27,
10,4313,נתניה,7400,56.2,167,0,616,291,3,288,3,5,1,0,0,0,14,0,0,0,0,0,0,0,0,23,174,0,0,0,0,0,52,1,0,0,0,0,1,14,
10,4314,נתניה,7400,56.3,167,0,615,286,4,282,14,1,0,0,0,0,7,0,0,0,0,0,0,0,0,58,138,0,0,0,2,0,47,0,1,0,0,0,0,14,
10,4315,נתניה,7400,61,154,0,548,287,3,284,19,3,2,0,0,0,18,0,0,0,0,0,0,0,0,15,133,1,0,0,0,0,72,0,0,0,0,1,1,19,
10,4316,נתניה,7400,71,99,0,655,442,1,441,8,12,0,0,0,0,32,0,0,0,0,0,0,0,0,10,189,0,0,0,1,0,76,0,0,0,0,0,0,113,
10,4317,נתניה,7400,72,32,0,689,429,2,427,7,23,0,1,0,0,24,0,0,0,0,0,0,0,0,22,181,0,0,0,4,0,106,0,0,0,0,0,0,59,
10,4318,נתניה,7400,126,4,0,594,345,2,343,6,2,0,1,0,0,12,0,0,0,0,0,0,0,0,53,169,0,0,0,0,0,57,1,0,0,0,0,1,41,
10,4319,נתניה,7400,128,124,0,604,366,1,365,6,6,1,1,0,0,10,0,0,0,0,0,0,0,0,64,169,0,0,0,1,0,78,0,0,0,0,0,0,29,
10,4320,נתניה,7400,129,4,0,501,288,0,288,3,10,0,0,0,0,17,0,0,0,0,0,0,0,0,17,155,0,0,0,3,0,59,0,0,0,0,0,0,24,
10,4321,נתניה,7400,133,124,0,577,355,0,355,5,8,0,0,0,0,14,0,0,0,0,0,0,0,0,55,161,0,0,0,0,0,67,0,0,0,0,0,0,45,
10,4322,נתניה,7400,134,26,0,572,318,2,316,14,4,0,0,0,0,11,0,0,0,0,0,0,0,0,48,130,0,0,0,2,0,57,0,0,0,0,0,0,50,
10,4323,נתניה,7400,135.1,29,0,622,366,2,364,12,9,1,0,0,0,13,0,0,0,0,0,0,0,0,39,170,0,0,0,1,0,65,0,0,0,0,0,0,54,
10,4324,נתניה,7400,135.2,29,0,622,404,1,403,10,14,0,0,0,0,17,0,0,0,0,0,0,0,0,37,179,2,0,0,1,0,90,0,0,0,0,0,0,53,
10,4325,נתניה,7400,135.3,29,0,622,380,0,380,12,7,1,0,0,0,10,0,0,0,1,0,0,0,0,45,163,0,0,0,3,0,99,1,1,0,0,0,0,37,
10,4326,נתניה,7400,135.4,29,0,622,404,3,401,11,15,0,0,0,0,17,0,0,0,0,0,0,0,0,36,180,0,0,0,1,0,89,0,0,0,0,0,0,52,
10,4327,נתניה,7400,135.5,29,0,622,367,0,367,9,3,1,2,0,0,17,0,0,0,0,0,0,0,0,46,164,0,0,0,1,0,87,1,0,0,0,0,0,36,
10,4328,נתניה,7400,135.6,29,0,622,367,1,366,10,5,1,1,0,0,17,0,0,0,0,0,0,0,0,49,159,0,0,0,0,0,92,0,0,0,0,0,0,32,
10,4329,נתניה,7400,135.7,29,0,616,365,2,363,15,6,0,1,0,0,17,0,0,0,0,0,0,0,0,47,132,0,0,0,0,0,101,0,0,1,0,0,0,43,
10,4330,נתניה,7400,136,4,0,588,362,3,359,9,6,0,0,0,0,12,0,0,0,0,0,0,0,0,26,167,0,0,0,4,0,85,0,0,0,0,0,0,50,
10,4331,נתניה,7400,137.1,145,0,643,237,3,234,7,4,0,0,0,0,10,0,1,0,0,0,0,0,2,19,135,0,1,0,0,0,36,0,0,0,0,0,1,18,
10,4332,נתניה,7400,137.2,145,0,643,259,2,257,8,1,0,0,0,0,14,0,0,0,0,0,0,1,0,30,134,1,0,0,2,0,40,0,0,0,0,0,0,26,
10,4333,נתניה,7400,137.3,145,0,643,252,1,251,3,2,1,0,0,0,9,0,0,0,0,0,0,0,0,13,139,2,0,0,0,0,52,0,0,0,1,0,0,29,
10,4334,נתניה,7400,137.4,145,0,643,222,2,220,10,2,0,0,0,0,9,0,0,0,0,0,0,0,0,26,110,4,0,1,2,0,50,0,0,0,0,0,0,6,
10,4335,נתניה,7400,138,37,0,571,250,1,249,10,1,1,2,0,0,6,0,0,0,0,0,0,0,0,36,124,0,0,0,0,0,55,0,0,0,0,0,0,14,
10,4336,נתניה,7400,139,23,0,610,163,1,162,3,2,0,0,0,0,6,0,0,0,0,0,0,0,0,15,86,0,0,0,0,0,35,0,0,0,0,0,0,15,
10,4337,נתניה,7400,141,41,0,768,269,1,268,2,3,0,1,0,0,5,0,0,0,0,0,0,0,0,40,144,0,0,0,1,0,55,0,0,0,0,0,1,16,
10,4338,נתניה,7400,143,41,0,645,360,0,360,11,4,1,0,0,0,18,0,0,0,0,0,0,0,0,59,147,2,0,0,0,0,96,0,0,0,0,0,0,22,
10,4339,נתניה,7400,145,39,0,683,199,1,198,6,2,2,1,0,0,4,0,0,0,0,0,0,0,0,53,85,0,0,0,3,1,32,0,0,0,0,0,0,9,
10,4340,נתניה,7400,147,6,0,605,485,5,480,0,445,0,0,0,0,0,0,0,0,0,0,0,0,0,0,6,0,0,0,0,0,1,0,0,0,0,0,0,28,
10,4341,נתניה,7400,148,4,0,585,331,3,328,8,2,0,0,1,0,10,0,0,0,0,0,0,0,0,41,161,1,0,0,2,0,75,0,0,0,0,0,0,27,
10,4342,נתניה,7400,149,26,1,479,203,1,202,5,4,1,0,0,0,10,0,0,0,0,0,0,0,0,30,84,0,0,0,1,0,26,0,0,0,0,1,0,40,
10,4343,נתניה,7400,165.1,144,0,639,248,3,245,11,6,1,0,0,0,10,0,0,0,0,0,0,0,0,19,129,0,0,0,2,0,45,0,0,0,0,0,0,22,
10,4344,נתניה,7400,165.2,144,0,639,203,1,202,10,3,0,1,0,0,14,0,0,0,0,0,0,0,0,28,79,0,0,0,4,0,57,0,0,0,0,0,0,6,
10,4345,נתניה,7400,165.3,144,0,639,233,4,229,4,6,0,1,0,0,19,0,0,0,0,0,0,0,0,23,122,0,0,0,1,0,37,0,0,0,0,0,0,16,
10,4346,נתניה,7400,165.4,144,0,639,196,0,196,8,3,0,0,1,0,15,0,0,0,0,0,0,0,0,9,118,0,0,0,0,0,30,0,0,1,0,0,0,11,
10,4347,נתניה,7400,165.5,144,0,638,226,1,225,6,8,0,0,0,0,12,0,0,0,0,0,0,0,0,17,106,1,0,0,1,0,73,0,0,0,0,0,0,1,
10,4348,נתניה,7400,178,133,0,553,335,3,332,11,3,0,1,0,0,16,0,0,0,0,0,0,0,0,26,170,0,0,0,2,0,69,0,0,0,0,0,0,34,
10,4349,נתניה,7400,191,6,1,596,362,7,355,8,8,0,0,0,0,10,0,0,0,0,0,0,0,0,32,161,1,0,0,3,0,103,0,0,0,0,0,0,29,
10,4350,נתניה,7400,192,6,0,648,424,2,422,6,42,0,0,0,0,9,0,0,0,0,0,0,0,0,42,160,0,0,0,3,0,80,0,0,0,0,0,0,80,
10,4351,נתניה,7400,193,123,0,678,548,0,548,4,366,0,0,0,0,11,0,0,0,0,0,0,0,0,10,91,0,0,0,1,0,44,0,0,0,0,0,0,21,
10,4352,נתניה,7400,195,36,0,388,214,2,212,1,1,0,1,0,0,2,0,0,0,0,0,0,0,0,18,107,1,0,0,1,0,17,0,0,0,0,0,0,63,
10,4353,נתניה,7400,198,14,0,623,385,3,382,5,13,0,0,0,0,39,0,0,0,0,0,0,0,0,24,168,0,0,0,3,0,53,0,0,0,0,0,0,77,
10,4354,נתניה,7400,199,163,0,588,371,2,369,9,14,0,0,0,0,22,0,1,0,0,0,0,0,0,54,132,2,0,0,1,0,74,0,0,0,0,0,0,60,
10,4355,נתניה,7400,223,39,0,650,321,2,319,11,3,0,1,0,0,3,0,0,0,0,0,0,0,0,67,137,0,0,0,3,0,63,0,0,2,0,0,0,29,
10,4356,נתניה,7400,224,37,0,491,160,1,159,4,1,0,0,0,0,3,0,0,0,0,0,0,0,0,45,70,1,0,0,1,0,28,0,0,0,0,0,0,6,
10,4357,נתניה,7400,233,14,0,732,509,2,507,9,13,0,0,0,0,86,0,0,0,0,0,0,0,0,14,238,3,0,0,0,0,64,1,0,0,0,0,0,79,
10,4358,נתניה,7400,239,133,0,711,491,2,489,14,19,0,0,0,0,71,0,0,0,0,1,0,0,0,27,206,0,0,0,2,0,98,0,0,0,0,0,0,51,
10,4359,נתניה,7400,240,161,0,695,511,3,508,0,409,0,0,0,0,6,0,0,0,0,0,0,0,0,10,23,0,0,0,0,0,7,0,0,0,0,0,0,53,
10,4360,נתניה,7400,242,32,0,521,328,5,323,14,2,0,0,0,0,10,0,0,0,0,0,0,0,0,44,143,0,0,0,2,0,70,0,0,0,0,0,0,38,
10,4361,נתניה,7400,250,32,1,527,307,6,301,21,10,0,0,0,0,22,0,0,0,0,0,0,0,0,10,141,1,0,0,3,0,66,0,0,0,0,0,0,27,
10,4362,נתניה,7400,958,26,0,565,221,0,221,8,5,0,0,0,0,20,0,0,0,0,0,0,0,0,25,101,0,0,0,0,0,50,0,1,1,0,0,1,9,
10,4363,נתניה,7400,1,33,0,637,425,2,423,24,2,3,1,0,0,20,0,0,0,0,0,0,0,1,23,168,1,0,0,0,0,167,0,0,0,0,0,1,12,
10,4364,נתניה,7400,73,156,0,764,615,1,614,27,2,0,0,0,0,37,0,0,0,0,0,0,0,0,40,212,0,0,0,1,0,274,0,0,1,0,0,0,20,
10,4365,נתניה,7400,74,3,0,683,449,1,448,15,2,3,0,0,0,20,0,0,0,0,0,0,0,0,12,254,0,0,0,3,0,94,0,0,0,0,1,0,44,
10,4366,נתניה,7400,75,43,0,577,389,2,387,8,0,1,0,0,0,9,0,0,0,0,0,0,0,0,23,205,0,0,0,3,0,75,0,0,0,0,0,0,63,
10,4367,נתניה,7400,76,3,0,626,414,1,413,14,3,0,0,0,0,29,0,0,0,0,0,0,0,0,5,244,0,0,0,3,2,57,0,0,0,0,0,0,56,
10,4368,נתניה,7400,77,31,0,669,427,1,426,12,2,0,0,0,0,20,0,0,0,0,0,0,0,0,8,224,0,0,0,1,0,40,0,0,0,0,0,0,119,
10,4369,נתניה,7400,78,31,0,645,458,3,455,3,3,0,0,0,0,22,0,0,0,0,0,0,0,0,6,261,0,0,0,2,0,37,0,0,0,0,0,0,121,
10,4370,נתניה,7400,79,31,0,737,499,0,499,13,6,0,0,0,0,23,0,0,0,0,0,0,0,0,8,266,0,0,0,8,0,52,0,0,0,0,0,0,123,
10,4371,נתניה,7400,115,100,0,653,465,0,465,25,0,0,0,0,0,18,0,0,0,0,0,0,0,0,13,186,0,0,0,0,0,210,0,0,0,0,0,0,13,
10,4372,נתניה,7400,151,98,0,557,274,4,270,5,4,1,2,0,0,12,0,0,0,0,0,0,1,0,34,132,1,0,0,1,0,29,0,0,1,0,0,1,46,
10,4373,נתניה,7400,155,98,0,689,479,0,479,21,4,1,0,0,0,10,0,0,0,0,0,0,0,1,34,198,0,0,0,0,0,141,0,0,0,0,0,0,69,
10,4374,נתניה,7400,156,98,0,704,499,1,498,31,10,2,0,0,0,17,0,0,0,0,0,0,0,0,41,207,0,0,0,2,0,146,1,0,0,0,0,0,41,
10,4375,נתניה,7400,160,98,0,727,518,3,515,15,3,0,0,0,0,13,0,0,0,0,0,0,0,0,76,214,0,1,0,0,0,149,0,0,0,0,0,1,43,
10,4376,נתניה,7400,161,51,0,543,391,0,391,20,0,0,0,0,0,16,0,0,0,0,0,0,0,0,26,109,0,0,0,0,0,204,0,0,0,0,0,0,16,
10,4377,נתניה,7400,162,100,0,734,429,6,423,36,1,1,0,0,0,11,0,0,0,0,0,0,0,0,14,112,0,0,0,1,0,230,0,0,0,0,0,0,17,
10,4378,נתניה,7400,166,31,0,707,437,4,433,10,4,2,0,0,0,18,0,0,0,0,0,0,0,0,62,201,0,0,0,1,0,75,0,0,0,0,0,0,60,
10,4379,נתניה,7400,185,43,0,552,408,0,408,2,2,0,0,0,0,27,0,0,0,0,0,0,0,0,10,233,0,0,0,1,0,44,0,0,0,0,0,0,89,
10,4380,נתניה,7400,200,31,0,520,292,3,289,9,1,0,0,0,0,7,0,0,0,0,0,0,0,1,1,178,2,1,0,1,0,37,2,0,0,0,0,0,49,
10,4381,נתניה,7400,201,31,0,576,324,9,315,7,0,2,2,0,0,12,0,0,0,0,2,0,0,0,3,186,0,0,0,2,0,44,0,0,0,1,1,0,53,
10,4382,נתניה,7400,202,28,0,641,464,0,464,9,8,1,1,0,0,43,0,0,0,0,0,0,0,0,25,229,0,0,0,8,0,83,0,0,0,0,0,0,57,
10,4383,נתניה,7400,203,28,0,714,489,1,488,20,4,1,1,0,0,32,0,0,0,0,0,0,0,1,76,185,0,0,0,2,0,130,0,0,0,0,0,0,36,
10,4384,נתניה,7400,204,28,0,666,503,1,502,10,8,1,0,0,0,60,0,0,0,0,0,0,0,0,27,206,0,0,0,5,0,108,0,0,0,0,0,0,77,
10,4385,נתניה,7400,205,126,0,671,515,0,515,7,19,0,1,0,0,123,0,0,0,0,0,0,0,0,17,180,0,0,0,5,0,63,0,0,0,0,0,1,99,
10,4386,נתניה,7400,206,132,0,600,444,0,444,13,2,0,0,0,0,42,0,0,0,0,0,0,1,0,33,167,0,0,0,2,0,154,0,0,0,0,0,0,30,
10,4387,נתניה,7400,207,126,0,523,358,4,354,3,6,1,0,0,0,48,0,0,0,0,1,0,0,2,100,125,0,0,0,4,0,17,0,0,0,0,0,0,47,
10,4388,נתניה,7400,208,51,0,717,483,1,482,34,1,2,0,0,0,12,0,0,0,0,0,0,0,0,40,163,1,0,0,2,0,213,0,0,0,0,0,0,14,
10,4389,נתניה,7400,211,100,0,630,414,1,413,20,5,1,0,0,0,22,0,0,0,0,0,0,0,0,27,119,0,0,0,0,0,206,0,0,0,0,0,0,13,
10,4390,נתניה,7400,212,100,0,711,494,0,494,27,3,0,0,0,0,15,0,0,0,0,0,0,0,0,41,180,0,0,0,0,0,219,0,0,0,0,0,1,8,
10,4391,נתניה,7400,213,51,0,615,410,4,406,13,5,1,1,0,0,11,0,0,0,0,0,0,0,0,42,148,0,0,0,0,0,159,0,0,0,0,0,0,26,
10,4392,נתניה,7400,214,51,0,701,478,2,476,20,2,0,0,0,0,11,0,0,0,0,0,0,0,0,16,224,0,0,0,0,0,191,0,0,0,0,0,0,12,
10,4393,נתניה,7400,216,100,0,628,425,3,422,17,1,0,0,0,0,17,0,0,0,0,0,0,0,0,25,158,0,0,0,0,0,187,0,0,0,0,0,0,17,
10,4394,נתניה,7400,217,98,0,611,439,1,438,10,13,0,0,0,0,19,0,0,0,0,0,0,0,0,63,142,0,0,0,4,0,147,0,0,0,0,0,0,40,
10,4395,נתניה,7400,218,51,0,580,422,1,421,29,0,1,0,0,0,12,0,0,0,0,0,0,0,0,25,122,0,0,0,0,0,231,0,0,0,0,0,0,1,
10,4396,נתניה,7400,221,51,0,565,389,0,389,34,0,3,1,0,0,16,0,0,0,0,0,0,0,0,31,118,0,0,0,1,0,170,0,0,0,0,0,0,15,
10,4397,נתניה,7400,222,51,0,574,431,2,429,34,3,2,0,0,0,12,0,0,0,0,0,0,0,0,24,129,0,0,0,0,0,219,0,0,0,0,0,0,6,
10,4398,נתניה,7400,226,132,0,534,394,2,392,5,15,0,0,0,0,67,0,0,0,0,0,0,0,1,23,187,0,0,0,2,0,58,1,0,1,0,0,0,32,
10,4399,נתניה,7400,227,131,0,645,522,1,521,27,2,0,0,0,0,23,0,0,0,0,0,0,0,0,37,202,1,0,0,2,0,203,0,0,0,0,0,0,24,
10,4400,נתניה,7400,229,147,0,611,483,2,481,20,2,0,0,0,0,59,0,0,0,0,0,0,0,0,15,221,0,0,0,0,0,130,0,0,0,0,0,0,34,
10,4401,נתניה,7400,232,131,0,646,501,8,493,11,3,0,0,0,0,23,0,0,0,0,0,0,0,0,40,167,0,0,0,2,0,225,0,0,0,0,0,0,22,
10,4402,נתניה,7400,234,147,0,553,431,3,428,5,7,1,0,0,0,137,0,0,0,0,0,0,0,0,5,148,0,0,0,9,0,18,0,0,0,0,0,0,98,
10,4403,נתניה,7400,243.1,164,0,505,375,1,374,14,3,0,0,0,0,20,0,0,0,0,0,0,0,0,38,130,0,0,0,1,0,150,0,0,0,0,0,0,18,
10,4404,נתניה,7400,243.2,164,0,505,395,2,393,14,0,0,0,0,0,19,0,0,0,0,0,0,0,0,35,148,0,0,0,0,0,165,0,0,0,0,0,0,12,
10,4405,נתניה,7400,243.3,164,0,505,364,2,362,21,0,0,0,0,0,10,0,0,0,0,0,0,0,0,31,121,0,0,0,0,0,164,0,0,1,0,0,0,14,
10,4406,נתניה,7400,247,150,1,496,411,0,411,16,0,1,0,0,0,11,0,0,0,0,0,0,0,0,27,150,0,0,0,3,0,189,0,0,0,0,2,0,12,
10,4407,נתניה,7400,248,162,0,660,550,1,549,14,3,0,0,0,0,39,0,0,0,0,0,0,0,0,19,218,0,0,0,3,0,212,0,0,0,0,0,0,41,
10,4408,נתניה,7400,249,150,0,579,456,1,455,16,1,1,1,0,0,27,0,0,0,0,0,0,0,0,40,140,1,0,0,0,0,211,0,0,0,0,0,0,17,
10,4409,נתניה,7400,251,147,0,672,519,2,517,13,10,0,0,0,0,47,0,0,0,0,1,0,0,0,49,229,0,0,0,4,0,128,0,0,0,0,0,0,36,
10,4410,נתניה,7400,252,156,0,780,626,0,626,22,1,1,0,0,0,21,0,0,0,0,0,0,0,0,35,206,1,0,0,0,0,318,0,0,0,0,0,0,21,
10,4411,נתניה,7400,253,126,0,607,476,4,472,4,15,0,0,0,0,149,0,0,0,0,0,0,0,0,8,184,0,0,0,9,0,37,0,0,0,0,0,0,66,
10,4412,נתניה,7400,254,142,0,570,422,2,420,11,0,0,1,0,0,9,0,0,0,0,0,0,0,0,19,177,0,0,0,1,0,192,0,0,0,0,0,0,10,
10,4413,נתניה,7400,255,131,0,725,595,0,595,29,1,0,1,0,0,29,0,0,0,0,0,0,0,0,39,194,1,0,0,1,0,278,1,0,0,0,0,0,21,
10,4414,נתניה,7400,258,162,0,733,594,1,593,22,4,0,1,0,0,30,0,0,0,0,0,0,0,0,20,212,0,0,0,1,0,283,0,0,0,0,0,0,20,
10,4415,נתניה,7400,259,142,0,612,446,0,446,25,2,2,0,0,0,13,0,0,0,0,0,0,0,0,20,119,1,0,0,0,0,254,0,0,0,0,1,0,9,
10,4416,נתניה,7400,260,51,0,495,354,1,353,26,3,0,0,0,0,19,0,1,0,0,0,0,0,0,10,118,1,0,0,2,0,168,0,0,0,0,0,0,5,
10,4417,נתניה,7400,261,28,0,558,393,1,392,3,3,0,2,0,0,11,0,0,0,0,0,0,0,0,123,160,0,0,0,3,0,58,0,0,0,0,0,0,29,
10,4418,נתניה,7400,262,132,0,563,415,0,415,13,3,1,0,0,0,53,0,0,0,0,0,0,0,0,27,164,0,0,0,0,0,125,0,0,0,0,0,0,29,
10,4419,נתניה,7400,265,157,0,737,597,2,595,25,4,0,1,0,0,29,0,0,0,0,0,0,0,0,46,245,2,0,0,2,0,210,0,0,0,0,0,0,31,
10,4420,נתניה,7400,266,157,0,605,474,0,474,11,0,0,1,0,0,15,0,0,0,0,0,0,1,0,39,190,1,0,0,0,0,200,0,0,0,0,0,0,16,
10,4421,נתניה,7400,269,142,0,738,567,0,567,24,7,2,0,0,0,28,0,0,0,0,0,0,0,0,43,193,1,0,0,1,0,253,0,0,0,0,0,0,15,
10,4422,נתניה,7400,271,142,0,647,442,0,442,21,3,1,0,0,0,17,0,0,0,0,0,0,0,0,18,192,0,0,0,2,0,173,0,0,0,0,0,0,15,
10,4423,נתניה,7400,273,142,0,634,468,0,468,15,7,3,0,0,0,12,0,0,1,0,0,0,0,0,27,188,0,0,0,0,0,197,0,0,0,0,0,0,18,
10,4424,נתניה,7400,278,142,0,765,535,1,534,20,1,1,1,0,0,18,0,0,0,0,0,0,1,0,17,237,0,0,0,1,0,206,0,0,0,0,0,0,31,
10,4425,נתניה,7400,279,157,0,671,524,4,520,25,0,3,1,0,0,24,0,0,0,0,0,0,0,0,15,176,0,0,0,0,0,260,0,0,0,0,0,0,16,
10,4426,נתניה,7400,281,142,0,693,493,1,492,37,1,1,0,0,0,15,0,0,0,0,0,0,0,0,21,171,0,0,0,0,0,226,0,0,0,0,0,0,20,
10,4427,נתניה,7400,288,132,0,723,555,4,551,8,9,0,0,0,0,107,0,0,0,0,0,0,0,0,36,238,0,1,0,1,0,115,0,0,0,0,0,0,36,
10,4428,נתניה,7400,293,142,0,571,428,0,428,20,1,0,0,0,0,18,0,0,0,0,0,0,0,0,27,153,0,0,0,0,0,194,0,0,0,0,0,0,15,
10,4429,נתניה,7400,294,150,0,500,400,2,398,15,0,2,2,0,0,8,0,0,0,0,0,0,0,0,27,133,0,0,0,0,0,202,0,0,0,0,0,0,9,
10,4430,נתניה,7400,954,142,0,595,419,1,418,16,2,0,0,0,0,8,0,0,0,0,0,0,0,0,27,168,0,0,0,0,0,182,0,0,0,0,0,0,15,
10,4431,נתניה,7400,39,166,0,678,241,0,241,6,5,0,0,0,0,6,0,0,0,0,0,0,0,0,20,144,0,0,0,3,0,44,0,0,0,0,0,0,13,
10,4432,נתניה,7400,41,122,0,726,271,4,267,6,3,0,0,0,0,5,0,0,0,0,0,0,0,0,45,137,1,1,0,0,0,41,0,0,0,0,0,0,28,
10,4433,נתניה,7400,42,11,0,546,322,2,320,10,14,0,1,0,0,10,0,0,0,3,0,0,0,0,35,150,0,0,0,1,0,46,0,0,0,0,0,0,50,
10,4434,נתניה,7400,43,138,1,515,209,4,205,1,3,1,0,0,0,2,0,0,0,0,0,0,0,0,42,101,0,0,0,1,0,42,0,0,0,0,0,1,11,
10,4435,נתניה,7400,44,122,0,736,317,6,311,9,11,1,0,0,0,8,0,0,0,0,0,0,0,0,48,146,0,0,0,1,0,51,0,1,0,0,0,0,35,
10,4436,נתניה,7400,47,11,0,682,483,5,478,10,78,1,0,0,0,45,0,0,0,0,0,0,0,0,26,151,0,0,0,2,0,30,0,0,0,0,0,0,135,
10,4437,נתניה,7400,49,125,0,735,397,0,397,17,5,0,1,0,0,12,1,0,0,0,0,0,1,0,62,149,0,0,0,2,0,137,0,0,0,0,0,0,10,
10,4438,נתניה,7400,51,125,0,729,299,3,296,15,4,1,0,0,0,10,0,0,0,0,0,0,0,0,35,145,0,0,0,1,0,64,0,0,0,0,0,0,21,
10,4439,נתניה,7400,55,2,0,643,286,1,285,9,5,0,0,0,0,24,0,0,0,0,0,0,0,0,31,99,0,0,0,1,0,84,0,0,0,0,0,1,31,
10,4440,נתניה,7400,63,18,0,683,444,2,442,5,18,2,0,1,0,5,0,0,1,0,0,0,0,0,29,143,0,0,0,1,0,41,0,0,1,0,0,0,195,
10,4441,נתניה,7400,64,18,0,753,522,6,516,9,25,0,0,0,0,29,0,0,0,0,0,0,0,0,14,201,3,0,0,2,0,61,0,0,0,0,0,0,172,
10,4442,נתניה,7400,65,11,0,708,435,3,432,9,17,0,0,0,0,20,0,0,0,0,0,0,0,0,20,200,0,0,0,2,0,54,0,0,0,0,0,0,110,
10,4443,נתניה,7400,68.1,158,0,581,397,2,395,13,8,0,1,0,0,14,0,0,0,0,0,0,0,0,12,154,0,0,0,3,0,49,0,0,0,0,0,0,141,
10,4444,נתניה,7400,68.2,158,0,581,379,0,379,2,17,0,0,0,0,16,0,0,0,0,0,0,0,0,5,175,0,0,0,1,0,39,0,0,0,0,0,0,124,
10,4446,נתניה,7400,68.4,158,0,581,378,1,377,3,4,0,0,0,0,14,0,0,0,0,0,0,0,0,18,145,1,1,0,1,0,43,0,1,0,0,0,0,146,
10,4447,נתניה,7400,68.5,158,0,579,385,5,380,6,12,1,0,0,0,24,0,0,0,0,0,0,1,0,19,160,1,0,0,4,0,51,0,0,0,0,0,0,101,
10,4448,נתניה,7400,69,18,0,693,439,3,436,9,25,0,0,0,0,30,0,0,0,0,0,0,0,0,24,175,0,0,0,5,0,64,1,0,0,0,0,0,103,
10,4449,נתניה,7400,118,11,0,648,389,1,388,6,47,0,0,0,0,25,0,0,0,0,0,0,0,0,16,177,0,0,0,5,0,37,0,0,0,0,0,0,75,
10,4450,נתניה,7400,119.1,20,0,632,436,2,434,4,33,0,0,0,0,23,0,0,0,0,0,0,0,0,23,172,1,0,0,3,0,44,0,0,0,0,0,0,131,
10,4451,נתניה,7400,119.2,20,0,632,405,1,404,10,38,0,0,0,0,24,0,0,0,0,0,0,0,0,39,135,0,0,0,1,0,64,0,0,0,0,0,0,93,
10,4452,נתניה,7400,119.3,20,0,632,424,4,420,15,39,0,0,0,0,21,0,0,0,0,0,0,0,0,30,145,0,0,0,1,0,70,0,0,0,0,0,0,99,
10,4453,נתניה,7400,119.4,20,0,632,410,0,410,10,28,0,0,0,0,16,0,0,0,0,0,0,0,0,30,164,1,0,0,3,0,59,0,0,0,0,0,0,99,
10,4454,נתניה,7400,119.5,20,0,632,443,4,439,5,28,0,1,0,0,25,0,0,0,0,0,0,0,0,26,166,0,0,0,4,0,67,0,0,0,0,0,0,117,
10,4455,נתניה,7400,119.6,20,0,632,429,3,426,7,22,0,0,0,0,20,0,0,0,0,0,0,0,0,27,167,0,0,0,3,0,63,0,0,0,0,0,0,117,
10,4456,נתניה,7400,119.7,20,0,632,398,4,394,15,30,1,0,0,0,29,0,0,0,0,0,0,0,0,38,126,0,0,0,5,0,57,0,0,0,0,0,0,93,
10,4457,נתניה,7400,119.8,20,0,629,399,0,399,8,42,0,0,0,0,41,0,0,0,0,0,0,0,0,28,129,0,0,0,4,0,69,1,0,0,0,0,0,77,
10,4458,נתניה,7400,120,2,0,632,347,0,347,7,6,0,0,0,0,18,0,0,0,0,1,0,0,0,36,150,0,0,0,2,0,105,2,0,1,0,0,0,19,
10,4459,נתניה,7400,121,2,0,721,314,3,311,9,3,1,0,0,0,19,0,0,0,0,0,0,0,0,22,159,0,0,0,1,0,76,0,0,0,0,0,0,21,
10,4460,נתניה,7400,125,125,0,494,331,3,328,20,0,0,1,0,0,14,0,0,0,0,0,0,0,0,47,104,0,0,0,1,0,110,0,0,0,0,0,0,31,
10,4461,נתניה,7400,144,125,1,669,267,0,267,10,1,0,0,0,0,13,1,0,0,0,0,0,0,0,23,143,0,0,0,3,1,53,0,1,0,0,0,0,18,
10,4462,נתניה,7400,146,125,0,605,335,4,331,6,3,0,2,0,0,15,0,0,0,0,0,0,0,0,61,113,0,0,0,1,0,115,0,0,0,0,0,0,15,
10,4463,נתניה,7400,167.1,141,0,660,431,2,429,3,24,0,0,0,0,29,0,0,0,0,0,0,0,0,14,185,0,0,1,4,0,51,0,1,0,0,0,0,117,
10,4464,נתניה,7400,167.2,141,0,660,414,1,413,8,18,0,0,0,0,30,0,0,0,0,0,0,1,0,21,173,0,0,0,2,0,54,0,1,0,0,0,0,105,
10,4465,נתניה,7400,167.3,141,0,660,442,2,440,8,24,0,0,0,0,4,0,0,0,0,0,0,0,0,29,183,0,0,0,2,0,53,1,0,0,0,0,0,136,
10,4466,נתניה,7400,167.4,141,0,659,452,1,451,7,21,0,0,0,0,29,0,0,0,0,0,0,0,0,26,187,0,0,0,4,0,61,0,0,0,0,0,0,116,
10,4467,נתניה,7400,168,18,0,738,525,3,522,12,54,1,0,0,0,52,0,0,0,0,0,0,0,0,8,167,0,0,0,3,0,64,1,0,0,0,0,1,159,
10,4468,נתניה,7400,170,2,0,702,348,3,345,19,3,0,0,0,0,16,0,0,0,0,0,0,0,0,30,174,0,0,0,1,0,92,0,0,0,0,0,0,10,
10,4469,נתניה,7400,172,2,0,639,372,0,372,14,5,1,0,0,0,18,0,0,0,0,0,0,0,0,51,146,2,0,0,1,0,102,0,0,0,0,0,0,32,
10,4470,נתניה,7400,174,11,0,615,214,2,212,6,6,1,0,0,0,4,0,0,0,0,0,0,0,0,42,109,1,0,0,0,0,18,0,0,0,0,1,0,24,
10,4471,נתניה,7400,176,11,0,612,359,0,359,13,40,0,0,0,0,15,0,0,0,0,1,0,0,0,17,125,0,0,0,9,0,68,0,0,0,0,0,0,71,
10,4472,נתניה,7400,184,122,0,599,272,3,269,10,1,0,0,0,0,7,0,0,0,0,0,1,0,0,31,134,0,0,0,0,0,64,0,0,0,0,1,1,19,
10,4473,נתניה,7400,186.1,8,0,676,300,0,300,8,4,0,0,0,0,8,0,0,0,0,0,0,0,0,31,140,1,0,0,0,0,81,0,0,0,0,0,0,27,
10,4474,נתניה,7400,186.2,8,0,676,330,3,327,10,2,0,0,0,0,9,0,0,0,0,0,0,0,0,34,184,0,0,0,1,0,55,1,0,0,0,0,1,30,
10,4475,נתניה,7400,186.3,8,0,676,317,3,314,10,4,0,1,0,0,10,0,0,0,1,0,0,0,0,52,123,0,0,0,2,0,89,0,0,0,0,0,0,22,
10,4476,נתניה,7400,186.4,8,0,676,319,2,317,7,4,0,0,0,0,12,0,0,0,0,0,0,0,1,43,146,1,1,0,2,0,69,0,0,0,0,0,0,31,
10,4477,נתניה,7400,186.5,8,0,676,331,4,327,7,3,0,0,0,0,15,0,0,0,0,0,0,0,0,47,153,0,0,0,1,0,78,0,0,0,0,0,0,23,
10,4478,נתניה,7400,186.6,8,0,676,299,3,296,5,4,0,0,0,0,16,0,0,0,0,0,0,0,0,29,137,0,0,0,1,0,69,0,0,0,0,0,0,35,
10,4479,נתניה,7400,186.7,8,0,676,291,6,285,8,4,2,0,0,0,10,0,0,0,0,1,0,0,0,66,101,0,2,0,0,0,84,0,0,0,0,0,0,7,
10,4480,נתניה,7400,186.8,8,0,671,313,3,310,13,3,1,0,0,0,14,0,0,0,0,0,0,0,0,50,135,0,0,0,2,0,74,0,0,0,0,0,0,18,
10,4481,נתניה,7400,190.1,22,0,588,374,1,373,4,6,0,0,0,0,23,0,0,0,0,0,0,0,0,22,192,0,0,0,1,0,51,0,0,0,0,1,0,73,
10,4482,נתניה,7400,190.2,22,0,588,385,4,381,12,8,0,0,0,0,16,0,0,0,0,0,0,0,0,20,178,0,0,0,2,0,61,0,0,0,0,0,0,84,
10,4483,נתניה,7400,190.3,22,0,588,405,0,405,6,9,0,0,0,0,16,0,0,0,0,0,0,0,0,13,193,0,0,0,1,0,67,0,0,0,0,0,0,100,
10,4484,נתניה,7400,190.4,22,0,585,384,2,382,7,3,0,0,0,0,15,0,1,0,0,0,0,0,0,43,179,1,0,0,0,0,54,0,0,0,0,0,0,79,
10,4485,נתניה,7400,220,2,0,640,320,3,317,26,8,0,0,0,0,5,0,0,0,0,0,0,0,0,54,116,3,0,0,2,0,80,1,0,0,0,0,1,21,
10,4487,נתניה,7400,238.2,79,0,653,420,0,420,18,2,0,2,0,0,14,0,0,0,0,0,0,0,0,42,161,1,0,0,6,0,140,0,0,1,0,0,0,33,
10,4488,נתניה,7400,238.3,79,0,653,385,1,384,8,2,1,2,0,0,24,0,0,0,0,0,0,0,0,35,181,0,0,0,0,0,102,0,0,0,0,0,0,29,
10,4489,נתניה,7400,238.4,79,0,653,392,0,392,9,4,0,0,0,0,23,0,0,0,0,0,0,0,0,49,166,0,0,1,2,0,93,0,0,0,0,0,0,45,
10,4490,נתניה,7400,238.5,79,0,653,375,1,374,15,3,0,1,0,0,20,0,0,0,0,0,0,0,0,65,146,0,0,0,2,0,96,0,0,0,0,0,1,25,
10,4491,נתניה,7400,241,159,0,528,351,1,350,12,3,0,0,0,0,20,0,0,0,0,0,0,0,0,20,164,0,0,0,1,0,87,0,0,0,0,0,1,42,
10,4492,נתניה,7400,263.1,10,0,663,346,3,343,11,8,0,0,0,0,17,0,0,0,0,0,0,0,1,15,194,1,0,0,4,0,54,0,0,0,0,0,0,38,
10,4493,נתניה,7400,263.2,10,0,663,346,0,346,12,5,0,1,0,0,23,0,0,0,0,0,0,0,0,23,196,1,0,0,2,0,56,0,0,0,0,0,0,27,
10,4494,נתניה,7400,263.3,10,0,663,311,0,311,14,4,0,0,0,0,18,0,0,0,0,0,0,0,0,24,147,0,0,0,2,0,80,0,0,0,0,0,0,22,
10,4495,נתניה,7400,263.4,10,0,663,349,1,348,10,1,2,0,0,0,14,1,0,0,0,0,0,0,1,25,181,0,0,0,4,0,68,0,0,0,0,0,0,41,
10,4496,נתניה,7400,263.5,10,0,663,342,2,340,11,6,0,0,0,0,14,0,0,0,0,0,0,0,0,26,178,0,0,0,1,0,72,0,0,0,0,0,0,32,
10,4497,נתניה,7400,263.6,10,0,663,336,1,335,8,9,1,0,0,0,12,0,0,0,0,0,1,0,0,24,184,0,0,0,3,0,48,0,0,0,0,0,0,45,
10,4498,נתניה,7400,263.7,10,0,663,277,0,277,5,4,1,2,0,0,11,0,0,0,0,0,0,1,0,32,138,1,0,0,1,0,77,0,0,0,0,0,0,4,
10,4499,נתניה,7400,263.8,10,0,658,331,0,331,10,3,2,0,0,0,12,0,0,0,0,0,0,0,0,30,148,0,0,0,2,0,110,1,0,0,0,0,0,13,
10,4500,נתניה,7400,272,159,0,620,451,1,450,6,4,0,0,0,0,17,0,0,0,0,0,0,0,1,41,213,0,0,0,2,0,61,0,0,0,0,0,0,105,
5,1616,סולם,526,1,1,0,662,432,1,431,3,2,415,0,0,0,0,0,0,0,0,0,0,0,0,0,0,0,0,0,0,0,9,0,0,0,0,0,1,1,
5,1617,סולם,526,2,1,0,680,450,1,449,4,0,435,0,0,0,0,0,0,0,0,0,0,0,0,0,0,0,0,0,0,0,8,0,1,0,0,0,1,0,
5,1618,סולם,526,3,1,0,670,456,1,455,20,0,418,0,0,0,0,0,0,0,0,0,0,0,1,0,0,0,0,0,0,0,15,0,1,0,0,0,0,0,
5,2116,עוזייר,528,1,2,0,666,380,1,379,13,0,358,0,0,0,0,0,0,1,0,0,0,0,0,0,1,0,0,0,0,0,0,0,0,0,0,0,0,6,
5,2117,עוזייר,528,2,1,0,619,413,2,411,7,0,396,0,0,0,0,0,0,0,0,0,0,0,0,0,1,0,0,0,0,0,5,0,0,1,0,0,0,1,
5,2118,עוזייר,528,3,1,0,729,490,1,489,16,0,469,0,0,0,0,0,0,0,0,1,0,0,0,0,0,0,0,0,0,0,3,0,0,0,0,0,0,0,
4,1448,עין גב,273,1,1,0,482,322,0,322,79,0,1,2,0,0,4,0,2,0,0,0,0,0,0,4,41,0,0,0,1,0,188,0,0,0,0,0,0,0,
5,1497,עין דור,436,1,1,0,433,270,1,269,95,0,3,0,0,0,3,0,0,0,0,0,0,0,0,8,16,1,0,0,0,0,143,0,0,0,0,0,0,0,
5,1498,עין דור,436,2,1,0,474,297,0,297,85,0,1,0,0,0,4,0,0,0,0,0,0,0,0,9,16,0,0,0,1,0,181,0,0,0,0,0,0,0,
5,2058,עין השופט,270,1,1,0,466,257,0,257,121,0,0,0,0,0,1,0,0,0,0,0,0,0,0,2,12,0,0,0,0,0,118,0,0,0,0,0,0,3,
5,2059,עין השופט,270,2,1,0,419,270,0,270,111,1,2,0,0,0,3,0,0,0,0,0,0,0,0,10,9,0,0,0,0,0,134,0,0,0,0,0,0,0,
9,3869,עין שמר,139,1,1,0,588,427,0,427,163,0,2,0,0,0,1,0,1,0,0,0,0,0,0,10,19,0,1,0,2,0,226,0,0,0,0,0,0,2,
10,4657,עין שריד,880,1,1,0,565,413,1,412,42,10,1,0,0,0,15,0,0,0,0,0,0,0,0,10,163,0,0,0,2,0,147,0,0,0,0,0,0,22,
10,4658,עין שריד,880,2,1,0,537,405,3,402,40,0,0,1,0,0,7,0,0,0,0,0,0,0,0,4,115,0,0,0,0,0,224,0,0,0,0,0,0,11,
3,1143,עלמה,688,1,1,0,584,452,0,452,2,3,0,0,0,0,45,0,0,0,0,0,0,0,0,0,328,0,0,0,5,0,12,0,0,0,0,0,0,57,
8,3337,עספיא,534,1,7,0,738,394,1,393,27,2,29,0,0,0,1,0,0,0,0,0,0,0,0,55,13,0,0,0,1,0,263,1,0,1,0,0,0,0,
8,3338,עספיא,534,2,7,0,737,421,3,418,39,0,94,0,0,0,0,0,0,2,0,0,0,0,0,33,6,0,0,0,0,0,241,0,0,1,0,0,2,0,
8,3339,עספיא,534,3,4,0,687,420,4,416,24,0,188,0,0,0,0,0,0,1,0,0,0,0,0,17,11,0,0,0,0,0,174,0,0,0,0,0,1,0,
8,3340,עספיא,534,4,2,0,659,368,0,368,31,0,146,0,0,0,0,0,0,0,1,2,0,0,0,26,15,0,0,0,0,0,147,0,0,0,0,0,0,0,
8,3341,עספיא,534,5,1,0,688,366,2,364,56,3,50,0,0,0,0,0,0,1,0,1,0,1,0,27,12,0,0,0,0,1,208,0,0,0,0,0,4,0,
8,3342,עספיא,534,6,6,0,655,378,1,377,25,0,98,0,0,0,0,0,0,0,0,0,0,0,0,35,9,0,0,0,0,0,205,1,0,2,0,1,1,0,
8,3343,עספיא,534,7,3,0,720,393,0,393,28,1,118,0,0,0,3,0,0,0,0,0,0,0,0,26,10,0,0,0,0,0,206,0,0,0,0,1,0,0,
8,3344,עספיא,534,8,5,0,711,412,4,408,37,0,147,0,0,0,0,0,0,0,0,0,0,0,0,35,18,0,0,0,0,0,169,1,0,0,0,1,0,0,
8,3345,עספיא,534,9,3,0,714,385,11,374,20,1,68,0,0,0,4,0,0,1,0,0,0,1,0,59,12,0,0,0,0,0,206,0,0,0,0,0,1,1,
8,3346,עספיא,534,10,5,0,713,401,6,395,17,0,195,0,0,0,0,0,0,0,0,0,0,0,1,22,15,0,0,0,0,0,144,0,0,0,0,0,0,1,
8,3347,עספיא,534,11,1,0,700,341,4,337,24,2,106,0,0,0,1,0,0,0,0,0,0,0,0,25,15,0,0,0,0,0,160,0,0,0,0,0,1,3,
8,3348,עספיא,534,12,7,0,743,452,0,452,43,0,130,0,0,0,0,0,0,0,0,1,0,0,0,27,7,1,0,0,0,0,239,0,1,0,0,0,1,2,
8,3349,עספיא,534,13,5,0,705,405,4,401,19,0,188,0,0,0,5,0,1,0,0,0,0,0,0,12,6,0,0,0,0,0,168,0,0,1,0,0,0,1,
9,3723,ערערה,637,1,5,0,749,537,1,536,1,1,528,0,0,0,0,0,0,1,1,0,0,0,0,0,2,0,0,0,0,0,1,0,0,0,0,0,0,1,
9,3724,ערערה,637,2,1,0,760,552,0,552,2,0,542,0,0,0,0,0,0,0,0,0,0,0,0,0,1,0,1,0,1,1,1,0,1,0,0,0,1,1,
9,3725,ערערה,637,3,1,0,780,563,3,560,5,0,551,0,0,0,0,0,0,1,0,0,0,0,0,0,0,0,0,0,0,1,1,0,0,0,0,0,1,0,
9,3726,ערערה,637,4,1,0,757,511,2,509,2,0,505,0,0,0,0,0,0,0,0,0,0,0,0,0,0,0,0,0,0,0,2,0,0,0,0,0,0,0,
9,3727,ערערה,637,5,5,0,757,507,1,506,2,1,500,0,0,0,0,0,0,0,0,0,0,0,0,0,0,0,0,0,0,0,1,0,0,0,0,0,0,2,
9,3728,ערערה,637,6,10,0,769,503,3,500,3,0,490,0,0,0,1,0,0,0,0,0,0,0,0,0,2,0,0,0,0,0,0,0,0,1,1,0,1,1,
9,3729,ערערה,637,7,4,0,691,481,2,479,2,0,469,0,0,0,1,0,0,0,0,0,0,0,0,1,0,0,0,0,0,2,4,0,0,0,0,0,0,0,
9,3730,ערערה,637,8,4,0,759,500,2,498,5,0,488,0,0,0,0,0,0,0,0,0,0,0,0,0,3,0,0,0,0,0,2,0,0,0,0,0,0,0,
9,3731,ערערה,637,9,9,0,785,556,4,552,1,1,548,0,0,0,0,0,0,0,0,0,0,0,0,0,1,0,0,0,0,0,1,0,0,0,0,0,0,0,
9,3732,ערערה,637,10,7,0,683,442,3,439,2,0,431,0,0,0,1,0,0,0,0,0,0,0,0,0,1,0,0,0,1,0,1,0,0,1,0,0,0,1,
9,3733,ערערה,637,11,2,0,702,482,0,482,0,0,477,0,0,0,0,0,0,1,0,0,0,0,0,0,0,1,0,0,0,0,1,0,0,0,0,0,0,2,
9,3734,ערערה,637,12,7,0,688,498,0,498,1,0,495,0,0,0,0,0,0,0,0,0,0,0,0,0,1,0,0,0,0,1,0,0,0,0,0,0,0,0,
9,3735,ערערה,637,13,7,0,753,556,5,551,2,0,542,0,0,0,0,0,0,1,0,0,0,0,0,0,3,0,0,0,1,0,0,0,0,0,0,1,1,0,
9,3736,ערערה,637,14,10,0,716,448,3,445,0,0,443,0,0,0,0,0,0,0,0,0,0,0,0,0,1,0,0,0,0,0,1,0,0,0,0,0,0,0,
9,3737,ערערה,637,15,5,0,768,539,2,537,1,0,532,0,0,0,1,0,0,0,0,0,0,0,0,0,2,0,0,0,0,0,0,0,0,0,1,0,0,0,
9,3738,ערערה,637,16,4,0,699,438,2,436,2,0,433,0,0,0,0,0,0,0,0,0,0,0,0,0,0,0,0,0,0,0,1,0,0,0,0,0,0,0,
9,3739,ערערה,637,17,5,0,730,514,3,511,1,0,504,0,0,0,0,0,0,0,0,0,0,0,0,0,2,0,0,0,0,1,1,1,0,0,0,1,0,0,
9,3740,ערערה,637,18,5,0,740,492,2,490,0,0,482,0,0,0,0,0,0,0,0,0,0,0,0,0,0,0,0,0,0,2,4,0,0,0,0,0,0,2,
13,6572,עשרת,591,1,1,0,500,396,1,395,39,1,0,0,0,0,11,0,0,0,0,0,0,0,0,6,60,0,0,0,0,0,277,0,0,0,0,0,0,1,
13,6573,עשרת,591,2,1,0,397,305,1,304,42,2,1,1,0,0,6,0,0,0,0,0,0,0,0,5,43,0,0,0,0,0,202,0,0,0,0,0,0,2,
12,5736,פדיה,838,1,1,0,598,465,1,464,13,0,0,1,0,0,19,0,0,0,0,0,0,0,0,6,290,0,0,0,3,0,99,0,0,0,0,0,0,33,
4,1391,פוריה  נווה עובד,1105,1,1,0,472,323,1,322,9,1,0,0,0,0,12,0,0,0,0,1,0,0,0,8,244,0,0,0,2,0,30,0,1,0,0,0,0,14,
4,1392,פוריה  נווה עובד,1105,2,1,0,547,385,2,383,17,3,0,0,0,0,19,0,0,0,0,0,0,0,0,13,233,0,0,0,4,0,59,0,0,0,0,0,0,35,
18,9451,פטיש,749,1,1,0,665,538,2,536,7,4,0,0,0,0,25,0,0,0,0,0,0,0,0,2,287,0,0,0,2,0,55,0,0,0,0,0,0,154,
13,6388,פלמחים,597,1,1,0,591,442,0,442,147,0,0,0,0,0,6,0,0,0,0,0,0,0,0,5,45,0,0,0,0,0,234,1,0,0,0,0,0,4,
9,3950,פרדס חנהכרכור,7800,1.1,7,0,607,447,2,445,26,25,7,2,0,0,13,0,0,0,0,0,0,0,0,8,208,0,0,0,2,0,109,0,0,0,0,0,0,45,
9,3951,פרדס חנהכרכור,7800,1.2,7,0,607,432,1,431,37,11,2,1,0,0,27,0,0,0,0,0,0,0,0,5,220,1,0,0,1,0,90,0,0,0,0,0,0,36,
9,3952,פרדס חנהכרכור,7800,1.3,7,0,605,407,1,406,32,11,3,2,0,0,22,0,0,0,0,0,0,0,0,10,172,0,0,0,2,0,117,0,0,0,0,0,0,35,
9,3953,פרדס חנהכרכור,7800,5,18,0,635,485,0,485,48,4,3,0,0,0,21,0,0,0,0,0,0,0,0,6,173,0,0,0,0,0,213,0,0,0,0,0,0,17,
9,3954,פרדס חנהכרכור,7800,6,18,0,533,315,2,313,15,1,0,2,0,0,11,0,0,0,0,0,0,0,0,38,175,0,0,0,1,0,38,0,0,0,0,0,0,32,
9,3955,פרדס חנהכרכור,7800,8,8,0,766,579,1,578,63,3,0,1,0,0,17,0,2,0,0,0,0,0,0,19,230,0,0,0,0,0,161,0,0,0,0,0,0,82,
9,3956,פרדס חנהכרכור,7800,10,2,0,619,401,1,400,61,1,4,0,0,0,31,0,0,0,0,0,0,0,0,11,98,0,0,0,0,0,185,0,0,0,0,0,0,9,
9,3957,פרדס חנהכרכור,7800,11,16,0,686,483,6,477,53,6,3,0,0,0,18,0,0,0,0,0,0,1,0,18,161,0,0,0,0,0,184,0,0,0,0,0,0,33,
9,3958,פרדס חנהכרכור,7800,12,10,0,676,454,2,452,77,9,8,0,0,0,18,0,0,0,0,0,0,0,0,4,132,1,0,0,2,0,189,0,0,0,0,0,0,12,
9,3959,פרדס חנהכרכור,7800,13,2,0,616,426,1,425,63,5,7,0,0,0,37,0,0,0,0,0,0,0,0,2,108,0,0,0,0,0,185,0,0,0,0,0,0,18,
9,3960,פרדס חנהכרכור,7800,15,4,0,632,331,4,327,11,0,4,0,0,0,5,0,0,0,0,0,0,0,0,51,179,1,0,0,1,0,52,0,0,1,0,0,0,22,
9,3961,פרדס חנהכרכור,7800,16,2,0,680,485,1,484,56,4,5,0,0,0,35,0,0,0,0,0,0,0,0,10,181,0,0,0,0,0,161,0,0,0,1,0,0,31,
9,3962,פרדס חנהכרכור,7800,17,4,0,707,416,4,412,14,1,2,0,0,0,8,0,0,0,0,0,0,0,0,31,259,0,0,0,0,0,47,0,0,0,1,0,1,48,
9,3963,פרדס חנהכרכור,7800,18,10,0,713,411,2,409,78,0,7,0,0,0,9,0,0,0,0,0,0,0,0,34,74,1,0,0,1,0,202,0,0,0,0,0,0,3,
9,3964,פרדס חנהכרכור,7800,19,8,0,759,545,0,545,48,3,5,0,0,0,44,0,0,0,0,0,0,0,0,27,174,1,0,0,1,0,227,0,0,0,0,0,0,15,
9,3965,פרדס חנהכרכור,7800,20,21,0,759,637,0,637,86,2,2,0,0,0,25,0,1,0,0,0,0,0,0,13,90,0,0,0,0,0,416,0,0,0,0,0,0,2,
9,3966,פרדס חנהכרכור,7800,21,10,0,681,503,0,503,71,2,2,0,0,0,13,0,0,0,0,0,0,0,0,9,178,0,0,0,1,0,189,0,1,0,0,0,0,37,
9,3967,פרדס חנהכרכור,7800,22,21,1,712,548,0,548,91,0,6,0,0,0,16,0,0,0,0,0,0,0,0,10,80,0,0,0,1,0,344,0,0,0,0,0,0,0,
9,3968,פרדס חנהכרכור,7800,23,11,0,431,273,7,266,19,2,0,0,0,0,5,0,0,0,0,0,0,0,0,15,144,0,0,0,3,0,60,0,0,0,0,0,0,18,
9,3969,פרדס חנהכרכור,7800,24,11,0,591,422,3,419,48,4,2,0,0,0,20,0,0,0,0,0,0,0,0,4,154,0,0,0,1,0,172,0,0,0,0,0,0,14,
9,3970,פרדס חנהכרכור,7800,25,13,0,656,519,1,518,76,0,12,0,0,0,11,0,0,0,0,0,0,0,0,5,77,0,0,0,1,0,329,0,0,0,0,0,0,7,
9,3971,פרדס חנהכרכור,7800,26,23,0,727,581,1,580,87,0,5,1,0,0,25,0,0,0,0,0,0,0,0,15,108,1,0,0,0,0,330,0,0,0,0,0,0,8,
9,3972,פרדס חנהכרכור,7800,27,23,0,760,589,0,589,86,2,3,0,0,0,10,0,0,0,0,0,0,0,0,18,131,0,0,0,0,0,312,0,0,0,0,0,0,27,
9,3973,פרדס חנהכרכור,7800,28,11,0,620,444,3,441,53,0,3,0,0,0,16,0,0,0,0,0,0,0,0,7,162,0,0,0,1,0,176,0,0,0,0,0,0,23,
9,3974,פרדס חנהכרכור,7800,29,23,0,697,541,0,541,102,2,5,1,0,0,14,0,0,0,0,0,0,0,0,5,101,0,0,0,0,0,304,0,0,0,1,0,0,6,
9,3975,פרדס חנהכרכור,7800,30,16,0,525,403,0,403,48,2,2,0,0,0,14,0,0,0,0,0,0,0,0,7,93,0,0,0,0,0,231,0,0,0,0,0,0,6,
9,3976,פרדס חנהכרכור,7800,31,13,0,676,491,1,490,69,1,8,0,0,0,9,0,0,0,0,0,0,0,0,22,136,0,0,0,0,0,231,0,0,0,0,0,0,14,
9,3977,פרדס חנהכרכור,7800,32,8,0,596,454,0,454,25,2,5,0,0,0,13,0,0,0,0,0,1,0,0,3,263,1,0,0,3,0,60,0,0,0,0,0,0,78,
9,3978,פרדס חנהכרכור,7800,33,4,0,671,404,1,403,9,1,1,0,0,0,13,0,1,1,0,0,0,0,0,98,169,2,0,0,1,0,75,0,0,0,0,0,0,32,
9,3979,פרדס חנהכרכור,7800,34,18,0,581,389,0,389,15,1,1,1,0,0,27,0,0,0,0,0,0,0,0,20,189,0,0,0,3,0,80,0,0,0,0,0,0,52,
9,3980,פרדס חנהכרכור,7800,36,8,0,695,541,2,539,47,2,3,0,0,0,37,0,0,0,0,0,0,0,0,22,163,0,0,0,1,0,244,0,1,0,1,0,0,18,
9,3981,פרדס חנהכרכור,7800,37,16,0,492,377,2,375,58,1,6,1,0,0,16,0,0,0,0,0,0,0,0,7,84,0,0,0,1,0,176,0,0,0,0,0,0,25,
9,3982,פרדס חנהכרכור,7800,38,2,0,626,446,4,442,60,3,5,0,0,0,21,0,0,0,0,0,0,0,0,11,172,0,0,0,2,0,151,0,0,0,0,0,0,17,
9,3983,פרדס חנהכרכור,7800,39,8,0,703,567,5,562,50,1,3,2,0,0,32,0,0,0,0,0,0,0,0,32,197,2,0,0,0,1,218,0,0,0,0,0,0,24,
9,3984,פרדס חנהכרכור,7800,41.1,17,0,583,400,2,398,45,4,1,0,0,0,30,0,0,0,0,0,0,0,0,8,155,2,0,0,1,1,127,0,0,0,0,1,0,23,
9,3985,פרדס חנהכרכור,7800,41.2,17,0,583,436,2,434,55,6,2,0,0,0,24,0,0,0,0,0,0,0,0,6,156,0,1,0,1,0,161,1,0,0,0,0,0,21,
9,3986,פרדס חנהכרכור,7800,41.3,17,0,583,444,0,444,44,4,0,0,0,0,49,0,0,0,0,0,0,0,0,5,140,1,0,0,0,0,177,0,0,0,0,0,0,24,
9,3987,פרדס חנהכרכור,7800,41.4,17,0,582,406,1,405,70,6,5,0,0,0,33,0,0,0,0,0,0,0,0,7,105,0,0,0,1,0,167,0,0,0,0,0,0,11,
9,3988,פרדס חנהכרכור,7800,42,18,0,596,477,0,477,44,1,0,0,0,0,26,0,0,0,0,0,0,0,0,7,171,1,1,0,2,0,194,0,0,0,0,0,0,30,
9,3989,פרדס חנהכרכור,7800,43.1,5,0,593,361,1,360,10,3,0,0,0,0,18,0,0,0,0,2,0,0,1,18,239,0,0,0,0,0,36,0,1,0,1,0,0,31,
9,3990,פרדס חנהכרכור,7800,43.2,5,0,593,345,6,339,6,3,1,0,0,0,25,0,0,0,0,0,0,0,0,51,180,0,0,0,1,0,58,0,0,0,0,0,1,13,
9,3991,פרדס חנהכרכור,7800,43.3,5,0,593,347,1,346,16,0,3,0,0,0,31,0,0,0,0,0,0,0,0,37,179,0,0,0,3,0,55,0,0,1,0,0,0,21,
9,3992,פרדס חנהכרכור,7800,43.4,5,0,590,363,4,359,17,7,1,0,0,0,31,0,0,0,0,0,0,0,0,69,152,0,0,0,2,0,63,1,0,0,0,0,0,16,
9,3993,פרדס חנהכרכור,7800,44,21,0,672,542,1,541,61,2,7,0,0,0,15,0,0,0,0,0,0,0,0,13,84,0,0,0,0,0,345,0,0,0,0,0,0,14,
9,3994,פרדס חנהכרכור,7800,45,13,0,440,336,1,335,52,0,4,0,0,0,12,0,0,0,1,0,0,0,0,5,79,0,0,0,0,0,174,0,0,0,0,0,0,8,
9,3995,פרדס חנהכרכור,7800,46,21,0,777,623,0,623,78,3,2,0,0,0,11,0,0,0,0,0,0,0,0,17,86,1,0,0,1,0,420,0,0,0,0,0,0,4,
9,3996,פרדס חנהכרכור,7800,47,21,0,673,558,2,556,68,0,1,0,0,0,11,0,0,0,0,0,0,0,0,15,75,0,0,0,0,0,384,0,0,0,0,0,0,2,
9,3997,פרדס חנהכרכור,7800,48,8,0,669,457,4,453,32,3,2,1,0,0,30,0,0,0,0,0,0,0,0,28,191,0,0,0,0,0,119,0,0,0,0,0,0,47,
2,804,צובה,465,1,1,0,618,390,0,390,172,1,2,1,0,0,4,0,0,0,0,0,0,0,0,8,22,0,0,0,0,0,179,1,0,0,0,0,0,0,
2,805,צור הדסה,1113,1,2,0,579,388,1,387,73,7,4,2,0,0,19,0,0,0,0,0,0,0,0,20,125,0,0,0,0,0,134,0,0,0,0,1,0,2,
2,806,צור הדסה,1113,2,2,0,670,486,0,486,51,2,4,0,0,0,31,0,0,0,0,1,0,1,0,43,179,1,0,0,1,0,166,0,0,0,0,0,1,5,
2,807,צור הדסה,1113,3,2,0,658,486,5,481,66,1,6,1,0,0,18,0,0,0,0,0,0,0,0,22,164,0,0,0,0,0,197,0,0,0,0,0,0,6,
2,808,צור הדסה,1113,4,3,0,642,533,0,533,37,1,0,0,0,0,79,0,0,0,0,0,0,0,0,22,211,2,0,0,1,0,174,0,0,0,0,0,0,6,
2,809,צור הדסה,1113,5,2,0,527,356,1,355,66,2,5,1,0,0,19,0,0,0,0,0,0,0,0,5,95,0,0,0,2,0,157,0,0,1,0,0,0,2,
2,810,צור הדסה,1113,6,3,0,526,406,0,406,58,0,0,2,0,0,28,0,0,0,0,0,0,0,0,20,121,1,0,0,1,0,167,0,0,0,0,1,0,7,
2,811,צור הדסה,1113,7,2,0,583,411,3,408,60,0,4,0,0,0,16,0,0,0,0,0,0,0,0,32,134,0,0,0,0,0,158,0,0,0,0,0,0,4,
2,812,צור הדסה,1113,8,3,0,597,464,0,464,33,2,1,0,0,0,70,0,0,0,0,1,0,2,0,23,189,2,0,0,1,1,121,0,0,0,0,0,0,18,
2,813,צור הדסה,1113,9,3,0,611,462,2,460,48,2,8,0,0,0,51,0,0,0,0,0,0,0,0,32,148,1,0,0,2,0,155,0,0,0,1,0,1,11,
2,814,צור הדסה,1113,10,3,0,658,537,2,535,32,2,1,0,0,0,94,0,0,0,0,0,0,3,0,20,222,3,0,0,0,0,148,2,0,0,0,0,0,8,
5,1621,צנדלה,636,1,1,0,627,383,1,382,1,0,380,0,0,0,0,0,0,0,0,0,0,0,0,0,0,0,0,0,0,0,1,0,0,0,0,0,0,0,
5,1622,צנדלה,636,2,1,0,611,359,2,357,0,0,354,0,0,0,0,0,0,0,0,0,0,0,0,0,1,0,0,0,0,0,0,0,1,1,0,0,0,0,
10,4593,קדימהצורן,195,1,5,0,589,436,0,436,36,2,1,1,0,0,12,0,0,0,0,0,0,0,0,16,101,0,0,0,0,0,258,0,0,0,0,0,0,9,
10,4594,קדימהצורן,195,2,2,0,505,333,0,333,4,1,0,0,0,0,8,0,0,0,0,0,0,0,0,24,157,0,0,0,1,0,60,0,0,0,0,0,0,78,
10,4595,קדימהצורן,195,3,112,0,615,485,1,484,48,3,1,1,0,0,16,0,0,0,0,0,0,0,0,8,91,1,0,0,0,0,308,0,0,0,0,0,0,7,
10,4596,קדימהצורן,195,4,1,0,742,548,3,545,29,4,0,0,0,0,26,0,0,0,0,0,0,0,0,13,236,0,0,0,3,0,164,0,0,0,0,0,0,70,
10,4597,קדימהצורן,195,5,2,0,645,452,1,451,27,3,0,0,0,0,10,0,0,0,0,0,0,0,0,23,216,0,1,0,4,0,88,0,0,0,0,0,2,77,
10,4598,קדימהצורן,195,6,110,0,651,519,1,518,32,1,2,0,0,0,15,0,0,0,0,0,0,0,0,13,145,0,0,0,3,0,288,1,0,0,0,0,0,18,
10,4599,קדימהצורן,195,7,1,0,579,398,2,396,20,4,0,0,0,0,9,0,0,0,0,0,1,0,0,45,146,0,0,0,0,0,79,0,0,0,0,0,0,92,
10,4600,קדימהצורן,195,8,5,0,587,433,2,431,17,0,0,0,0,0,15,0,0,0,0,0,0,0,0,11,163,0,0,0,4,0,153,0,0,0,0,0,0,68,
10,4601,קדימהצורן,195,9,5,1,588,463,0,463,59,1,2,0,0,0,11,0,0,0,0,0,0,0,0,16,85,0,0,0,1,0,277,0,0,0,0,0,0,11,
10,4602,קדימהצורן,195,10,102,0,737,550,0,550,35,1,3,1,0,0,18,0,0,0,0,0,0,0,0,26,116,0,0,0,1,0,338,0,0,0,0,0,0,11,
10,4603,קדימהצורן,195,11,6,0,698,494,2,492,28,1,1,0,0,0,18,0,0,0,0,0,0,0,0,9,141,1,0,0,2,0,265,0,0,0,0,0,0,26,
10,4604,קדימהצורן,195,12,110,0,609,482,0,482,51,3,1,1,0,0,19,0,0,0,0,0,0,0,0,15,88,1,0,0,3,0,290,0,0,0,0,0,0,10,
10,4605,קדימהצורן,195,13,107,0,707,596,2,594,32,1,0,0,0,0,16,0,0,0,0,0,0,0,0,17,86,0,0,0,1,0,437,0,0,0,0,0,0,4,
10,4606,קדימהצורן,195,14,112,0,641,501,1,500,60,6,3,0,0,0,17,0,0,0,0,0,0,0,0,10,93,0,0,0,0,0,305,0,0,0,0,0,0,6,
10,4607,קדימהצורן,195,15,1,0,536,402,0,402,34,3,2,0,0,0,25,0,0,0,0,0,0,0,0,11,114,0,2,0,0,0,181,0,0,0,0,0,0,30,
10,4608,קדימהצורן,195,16,110,0,565,393,0,393,32,1,1,0,0,0,8,0,0,0,0,0,0,0,0,13,126,0,0,0,4,0,177,0,0,0,0,0,0,31,
10,4609,קדימהצורן,195,101,109,0,711,519,2,517,52,0,1,1,0,0,9,0,0,0,0,0,0,0,0,32,128,1,0,0,0,0,281,0,1,0,0,1,0,10,
10,4610,קדימהצורן,195,102,109,0,727,554,3,551,46,2,2,0,0,0,10,0,0,0,0,0,0,0,0,23,145,0,1,0,3,0,312,1,0,0,0,0,0,6,
10,4611,קדימהצורן,195,103,109,0,687,512,2,510,38,2,4,0,0,0,13,0,0,0,0,0,0,0,0,77,108,0,0,0,0,0,258,0,0,0,0,0,0,10,
10,4612,קדימהצורן,195,104,109,0,743,532,2,530,50,0,2,0,0,0,13,0,0,0,0,0,0,0,0,25,108,1,0,0,1,0,318,0,0,0,0,0,0,12,
10,4613,קדימהצורן,195,105,106,0,688,516,0,516,53,1,0,2,0,0,25,0,0,0,0,0,0,0,0,15,76,0,0,0,2,0,334,0,0,0,0,0,0,8,
10,4614,קדימהצורן,195,106,113,0,648,563,2,561,41,1,1,0,0,0,17,0,0,0,0,0,0,0,0,18,116,1,0,0,1,0,361,0,0,0,0,0,0,4,
10,4615,קדימהצורן,195,107,106,0,715,538,1,537,54,1,1,0,0,0,24,0,0,0,0,0,0,0,0,11,142,1,0,0,3,0,277,0,0,0,0,0,0,23,
10,4616,קדימהצורן,195,108,113,0,613,500,1,499,36,1,1,0,0,0,14,0,0,0,0,0,0,0,0,17,88,2,0,0,1,0,337,0,0,0,0,0,0,2,
2,1114,קדר,3781,2.1,1,0,501,365,0,365,2,1,0,0,0,0,24,0,0,0,0,0,0,0,0,10,263,0,0,0,0,0,50,0,0,0,0,0,0,15,
2,1115,קדר,3781,2.2,1,0,501,360,1,359,5,1,0,0,0,0,13,0,0,0,0,1,0,0,0,9,247,0,0,0,2,0,61,0,0,0,0,0,0,20,
9,3741,קציר,1243,1,1,0,536,389,0,389,58,1,16,1,0,0,17,0,0,0,0,0,0,0,0,14,71,0,0,0,1,0,205,1,0,0,0,0,0,4,
9,3742,קציר,1243,2,3,0,472,274,0,274,47,0,7,1,0,0,5,0,0,0,0,0,0,0,0,37,49,0,0,0,0,0,125,0,0,0,0,0,1,2,
9,3743,קציר,1243,3,2,0,548,351,2,349,53,0,7,0,0,0,10,0,0,0,0,0,0,0,0,36,79,1,0,0,1,1,157,0,0,0,0,0,0,4,
9,3744,קציר,1243,4,1,0,655,482,0,482,84,0,11,3,0,0,19,0,0,0,0,0,0,0,0,27,81,0,0,0,1,0,253,0,0,0,0,0,1,2,
16,8454,קרית אונו,2620,1,10,0,538,388,1,387,38,1,1,0,0,0,19,0,0,0,0,0,0,0,0,13,110,0,0,0,0,0,188,0,0,0,0,0,0,17,
16,8455,קרית אונו,2620,2,10,0,684,506,2,504,37,1,5,0,0,0,34,0,0,0,0,0,0,0,0,7,176,0,0,0,2,0,224,0,0,0,0,0,0,18,
16,8456,קרית אונו,2620,3,12,0,580,421,0,421,59,2,3,0,0,0,25,0,0,0,0,0,0,0,0,3,121,0,0,0,4,0,191,0,0,0,0,0,0,13,
16,8457,קרית אונו,2620,4,12,0,719,518,1,517,61,7,3,0,0,0,46,0,0,0,0,0,0,0,0,10,152,0,0,0,2,0,206,1,0,0,0,0,0,29,
16,8458,קרית אונו,2620,5,1,0,678,523,0,523,53,4,1,1,0,0,38,0,0,0,0,0,0,0,0,7,117,0,0,0,1,0,285,1,0,0,0,0,0,15,
16,8459,קרית אונו,2620,6,18,0,558,437,2,435,40,7,2,0,0,0,33,0,0,0,0,0,0,0,0,10,154,0,0,0,5,0,165,0,0,0,0,0,0,19,
16,8460,קרית אונו,2620,7,26,0,621,406,2,404,17,1,0,0,0,0,8,0,0,0,0,0,0,0,0,18,153,0,0,0,2,0,154,0,0,0,0,0,0,51,
16,8461,קרית אונו,2620,8,1,0,688,527,2,525,47,0,3,1,0,0,30,0,0,0,0,0,0,0,1,5,86,0,0,0,1,0,343,0,0,0,0,0,0,8,
16,8462,קרית אונו,2620,14,1,0,752,543,0,543,72,0,3,1,0,0,11,0,0,0,0,0,0,0,0,13,97,1,0,0,2,0,338,0,0,0,0,0,0,5,
16,8463,קרית אונו,2620,15,28,0,588,482,0,482,39,2,2,0,0,0,8,0,0,0,0,0,0,0,0,27,124,1,0,0,0,0,271,0,0,1,0,0,1,6,
16,8464,קרית אונו,2620,24,18,0,632,464,1,463,59,1,3,1,0,0,17,0,0,0,0,0,0,0,1,14,79,0,0,0,0,0,284,0,0,0,0,1,0,3,
16,8465,קרית אונו,2620,25,26,0,725,485,2,483,37,6,0,0,0,0,27,0,0,0,0,0,0,0,0,9,196,0,0,0,4,0,155,1,0,0,0,0,0,48,
16,8466,קרית אונו,2620,28,9,0,619,457,1,456,52,4,3,0,0,0,24,0,0,1,0,0,0,0,0,12,110,0,0,0,5,0,234,0,0,0,0,0,0,11,
16,8467,קרית אונו,2620,29,9,0,444,321,1,320,30,4,2,0,0,0,39,0,0,0,1,0,0,0,0,3,116,0,0,0,2,0,104,0,0,0,0,0,0,19,
16,8468,קרית אונו,2620,33,26,0,734,537,3,534,31,2,0,1,0,0,17,0,0,0,0,0,0,0,0,15,197,0,0,0,0,0,235,0,0,0,0,0,0,36,
16,8469,קרית אונו,2620,34,28,0,754,624,0,624,69,1,1,1,0,0,13,0,0,0,0,0,0,0,0,12,134,0,0,0,0,1,386,0,0,0,0,0,0,6,
16,8470,קרית אונו,2620,35,19,0,514,408,0,408,58,1,1,0,0,0,15,0,0,0,0,0,0,0,0,7,77,0,0,0,0,0,243,1,0,0,0,0,0,5,
16,8471,קרית אונו,2620,37,19,0,363,285,0,285,43,0,0,0,0,0,10,0,0,0,0,0,0,0,0,7,58,0,0,0,0,0,164,0,0,0,0,0,0,3,
16,8472,קרית אונו,2620,38,28,0,520,431,0,431,34,1,1,0,0,0,6,0,0,0,0,0,0,0,0,11,104,0,0,0,0,0,271,0,0,0,0,0,0,3,
16,8473,קרית אונו,2620,39,28,0,746,623,0,623,41,1,0,0,0,0,10,0,0,0,0,0,0,0,0,26,148,1,0,0,0,0,391,0,0,0,0,1,0,4,
16,8474,קרית אונו,2620,42,28,0,724,613,0,613,63,3,2,0,0,0,13,0,0,0,0,0,0,0,0,15,140,0,0,0,0,0,369,0,0,0,0,0,0,8,
16,8475,קרית אונו,2620,9,13,0,631,443,1,442,62,0,1,2,0,0,15,0,0,0,0,0,0,0,0,14,77,0,0,0,0,0,268,0,0,0,0,0,0,3,
16,8476,קרית אונו,2620,10,8,0,579,394,0,394,71,2,4,1,0,0,5,0,0,0,0,0,0,0,0,12,83,0,0,0,0,0,204,0,0,0,0,1,2,9,
16,8477,קרית אונו,2620,11,8,0,662,417,1,416,29,5,3,0,0,0,14,0,0,0,0,0,0,0,0,16,186,0,4,0,0,0,128,0,0,0,0,0,0,31,
16,8478,קרית אונו,2620,12,8,0,706,474,0,474,76,1,5,1,0,0,12,0,0,0,0,0,0,0,0,15,90,1,0,0,0,0,262,0,0,0,0,1,0,10,
16,8479,קרית אונו,2620,13,8,0,635,407,2,405,33,2,4,0,0,0,17,0,0,0,0,1,0,0,0,20,115,0,0,0,2,0,188,0,0,0,0,0,0,23,
16,8480,קרית אונו,2620,16,2,0,691,479,1,478,33,1,3,0,0,0,13,0,0,0,0,0,0,0,0,26,172,0,0,0,0,0,205,0,0,0,0,0,0,25,
16,8481,קרית אונו,2620,17.1,5,0,529,338,2,336,27,3,0,0,0,0,9,0,0,0,0,0,0,0,0,12,105,0,0,0,1,0,154,0,0,0,0,0,0,25,
16,8482,קרית אונו,2620,17.2,5,0,529,352,2,350,33,2,1,0,0,0,12,0,0,0,0,0,0,0,0,12,104,0,0,0,4,0,160,1,0,0,0,1,0,20,
16,8483,קרית אונו,2620,17.3,5,0,529,349,2,347,35,0,1,1,0,0,10,0,0,0,0,0,0,0,0,5,98,2,0,0,0,0,179,1,0,0,0,0,0,15,
16,8484,קרית אונו,2620,17.4,5,0,528,326,1,325,39,1,2,0,0,0,10,0,0,0,0,0,0,0,0,14,99,0,0,0,1,0,153,0,0,0,0,0,0,6,
16,8485,קרית אונו,2620,20,27,0,594,400,3,397,42,2,2,2,0,0,13,0,0,0,0,0,0,0,0,40,92,0,0,0,0,0,199,0,0,0,0,0,0,5,
16,8486,קרית אונו,2620,21,8,0,478,264,2,262,16,0,0,1,0,0,15,0,0,0,0,0,0,0,0,23,92,0,0,0,1,0,96,1,0,0,0,0,0,17,
16,8487,קרית אונו,2620,22,3,0,704,529,3,526,48,2,2,0,0,0,23,0,0,0,0,0,0,1,0,19,148,1,0,0,1,0,253,1,0,0,0,0,2,25,
16,8488,קרית אונו,2620,23,3,0,735,490,1,489,39,6,1,2,0,0,18,0,0,0,0,0,0,0,0,35,174,1,0,0,1,0,175,0,0,0,0,0,0,37,
16,8489,קרית אונו,2620,27,2,0,711,493,4,489,48,6,3,0,0,0,26,0,0,0,0,0,0,1,0,72,138,0,1,0,2,0,177,0,0,0,0,0,0,15,
16,8490,קרית אונו,2620,31,8,0,519,329,4,325,24,0,2,0,0,0,9,0,0,0,0,0,0,0,0,57,101,0,0,0,1,0,113,0,0,0,0,2,0,16,
16,8491,קרית אונו,2620,32,20,0,735,588,4,584,79,0,3,0,0,0,15,0,0,0,0,0,0,0,0,9,106,0,0,0,0,0,366,1,0,0,0,0,1,4,
16,8492,קרית אונו,2620,36,17,0,693,538,4,534,33,3,2,0,0,0,8,0,0,0,0,0,0,0,0,26,211,0,0,0,4,0,210,0,0,0,0,0,0,37,
16,8493,קרית אונו,2620,40,24,0,686,581,0,581,54,1,2,0,0,0,17,0,0,0,0,0,0,0,0,13,121,0,0,0,1,0,368,0,0,0,0,0,0,4,
16,8494,קרית אונו,2620,41,22,0,657,528,0,528,51,0,0,1,0,0,9,0,0,0,0,0,0,0,0,15,80,0,0,0,0,1,366,0,0,0,0,0,0,5,
16,8495,קרית אונו,2620,43,27,0,730,627,1,626,61,2,3,1,0,0,16,0,0,0,0,0,0,0,0,21,120,0,0,0,1,0,394,0,0,2,0,0,0,5,
16,8496,קרית אונו,2620,44,24,0,509,423,2,421,35,0,1,0,0,0,9,0,0,0,0,0,0,0,0,14,84,1,0,0,1,0,267,0,0,0,0,0,0,9,
16,8497,קרית אונו,2620,950,27,0,650,548,0,548,53,1,1,0,0,0,6,0,0,0,0,0,0,0,0,25,126,0,0,0,0,0,333,0,0,0,0,0,0,3,
16,8498,קרית אונו,2620,951,22,0,687,575,0,575,56,1,0,0,0,0,10,0,0,0,0,0,0,0,0,6,108,1,0,0,0,0,390,0,0,0,0,0,0,3,
16,8499,קרית אונו,2620,952,27,0,733,615,1,614,59,2,0,1,0,0,14,0,0,0,0,0,0,0,0,9,157,1,0,0,0,0,358,0,0,0,0,0,0,13,
17,9213,רווחה,2051,1,1,0,419,350,2,348,2,5,0,0,0,0,17,0,0,0,0,0,0,0,0,1,235,0,0,0,3,0,14,0,0,0,0,0,0,71,
8,3420,רכסים,922,1,5,0,649,529,0,529,0,212,0,0,0,0,2,0,0,0,0,0,0,0,0,2,26,0,0,0,0,0,3,0,0,0,0,0,0,284,
8,3421,רכסים,922,2,6,0,577,462,4,458,6,151,0,0,0,0,5,0,0,0,0,0,0,0,0,1,65,0,0,0,2,0,18,0,0,0,0,0,0,210,
8,3422,רכסים,922,3,4,0,619,520,4,516,0,249,1,0,0,0,11,0,0,0,0,0,0,0,0,1,37,0,0,0,1,0,2,0,0,0,0,0,0,214,
8,3423,רכסים,922,4,9,0,648,528,0,528,2,166,0,0,0,0,10,0,0,0,0,0,0,0,0,1,94,0,0,0,3,0,20,0,0,0,0,0,0,232,
8,3424,רכסים,922,5,11,0,485,434,0,434,0,217,0,0,0,0,0,0,0,0,0,0,0,0,0,0,6,0,0,0,0,0,0,0,0,0,0,0,0,211,
8,3425,רכסים,922,6,3,0,714,610,1,609,1,293,0,0,0,0,1,0,0,0,0,0,0,0,0,6,39,0,0,0,3,0,6,0,0,0,0,0,1,259,
8,3426,רכסים,922,7,10,1,631,523,0,523,2,257,0,0,0,0,1,0,0,0,0,0,0,0,0,17,60,0,0,0,0,0,13,0,0,0,0,0,0,173,
8,3427,רכסים,922,8,7,0,531,467,6,461,1,262,0,1,0,0,2,0,0,0,0,0,0,0,0,1,20,0,0,0,3,0,6,0,0,0,0,0,0,165,
8,3428,רכסים,922,9,8,0,538,467,4,463,2,205,0,0,0,0,2,0,0,0,0,0,0,0,0,0,36,0,0,0,0,0,2,0,0,0,0,0,0,216,
8,3429,רכסים,922,10,12,0,507,424,6,418,2,187,0,0,0,0,3,0,0,0,0,0,0,0,0,0,31,0,0,0,3,0,13,0,0,0,0,0,0,179,
8,3430,רכסים,922,11,11,0,435,393,2,391,0,108,0,0,0,0,0,0,0,0,0,0,0,0,0,0,9,0,0,0,2,0,0,0,0,0,0,0,0,272,
12,5739,רמות מאיר,735,1,1,0,550,383,2,381,39,3,0,0,0,0,25,0,0,0,0,0,0,0,0,6,85,0,0,0,1,0,217,0,0,0,0,0,0,5,
1,672,רמת רחל,127,1,1,0,354,290,0,290,52,0,4,0,0,0,6,0,0,0,0,0,0,0,0,3,35,0,0,0,0,0,186,0,0,0,0,0,0,4,
5,1566,שבלי  אום אלגנם,913,1,1,0,731,416,2,414,17,0,355,0,0,0,2,0,0,3,0,0,0,0,0,7,0,0,0,1,0,0,29,0,0,0,0,0,0,0,
5,1567,שבלי  אום אלגנם,913,2,2,0,748,437,1,436,36,0,355,0,0,0,3,0,0,1,1,0,0,0,0,6,2,0,0,0,0,1,29,0,0,0,1,0,0,1,
5,1568,שבלי  אום אלגנם,913,3,2,0,756,425,5,420,33,0,346,0,0,0,0,0,0,0,0,0,0,0,0,2,2,1,0,0,0,1,33,0,0,0,0,0,0,2,
5,1569,שבלי  אום אלגנם,913,4,1,0,753,445,2,443,50,0,345,0,0,0,0,0,0,1,0,0,0,0,1,0,6,0,1,0,0,0,38,0,0,0,0,0,1,0,
5,1570,שבלי  אום אלגנם,913,5,3,0,607,427,2,425,14,0,400,0,0,0,1,0,0,0,0,0,0,0,1,0,1,1,0,0,0,1,6,0,0,0,0,0,0,0,
5,1571,שבלי  אום אלגנם,913,6,3,0,579,391,2,389,17,0,363,0,0,0,0,0,0,0,0,0,0,0,0,0,4,0,1,0,0,0,1,0,0,1,0,0,2,0,
4,1423,שדה אילן,721,1,1,0,382,308,1,307,3,6,0,0,0,0,148,0,0,0,0,0,0,0,0,0,99,0,0,0,3,0,39,0,0,0,0,0,0,9,
17,9216,שדה יואב,293,1,1,0,387,308,0,308,96,0,4,0,0,0,2,0,0,0,0,0,0,0,0,8,14,0,0,0,0,0,184,0,0,0,0,0,0,0,
12,5516,שוהם,1304,1,1,0,734,564,1,563,36,3,1,0,0,0,42,0,0,0,0,0,0,0,0,10,149,1,0,0,1,0,311,0,0,0,0,0,0,9,
12,5517,שוהם,1304,2,2,0,618,485,2,483,46,3,1,2,0,0,29,0,0,0,0,0,0,0,0,19,94,0,0,0,0,0,284,0,0,0,0,0,0,5,
12,5518,שוהם,1304,3,6,0,428,317,0,317,34,0,0,1,0,0,39,0,0,0,0,0,0,0,0,6,57,0,0,0,0,0,178,0,0,0,0,0,0,2,
12,5519,שוהם,1304,4,3,0,559,419,2,417,41,1,1,0,0,0,31,0,0,0,0,0,0,0,0,12,134,1,0,0,2,0,187,0,0,0,0,0,0,7,
12,5520,שוהם,1304,5,8,0,553,450,3,447,33,0,1,0,0,0,25,0,0,0,0,0,0,0,0,10,149,0,0,0,1,0,218,1,0,0,0,0,0,9,
12,5521,שוהם,1304,6.1,4,0,585,425,2,423,31,2,1,2,0,0,66,0,0,0,0,0,0,0,0,9,128,0,0,0,3,0,167,1,0,0,0,0,0,13,
12,5522,שוהם,1304,6.2,4,0,585,454,0,454,26,2,1,2,0,0,77,0,0,0,0,0,1,0,0,14,114,0,0,0,1,0,205,0,0,0,0,0,0,11,
12,5523,שוהם,1304,6.3,4,0,585,434,3,431,20,1,2,0,0,0,88,0,0,0,0,0,0,0,0,11,115,0,0,0,2,0,176,0,0,0,0,0,0,16,
12,5524,שוהם,1304,6.4,4,0,585,448,1,447,31,2,0,3,0,0,84,0,0,0,0,0,0,0,0,8,134,0,0,0,1,0,173,0,0,0,0,0,0,11,
12,5525,שוהם,1304,6.5,4,0,584,417,1,416,22,1,0,1,0,0,78,0,0,0,0,0,0,0,0,11,89,0,0,0,1,0,210,0,0,0,0,0,0,3,
12,5526,שוהם,1304,7,2,0,486,363,2,361,34,0,0,0,0,0,17,0,0,0,0,0,0,0,0,12,79,1,0,0,1,0,211,0,0,0,0,0,0,6,
12,5527,שוהם,1304,8,3,0,561,422,0,422,34,0,0,0,0,0,31,0,0,0,0,0,0,0,0,13,121,0,0,0,0,0,220,0,0,0,0,0,0,3,
12,5528,שוהם,1304,9,7,0,751,607,2,605,37,1,0,0,0,0,25,0,0,0,0,0,0,0,0,20,236,0,0,0,1,0,262,0,0,0,0,0,0,23,
12,5529,שוהם,1304,12,1,0,660,491,4,487,59,4,1,0,0,0,32,0,0,0,0,0,0,0,0,6,94,0,0,0,0,0,286,0,0,0,0,0,0,5,
12,5530,שוהם,1304,13,9,0,530,394,0,394,32,1,0,2,0,0,16,0,0,0,0,0,0,0,0,10,120,0,0,0,1,1,201,0,0,0,0,0,0,10,
12,5531,שוהם,1304,14,1,0,510,390,2,388,27,0,1,0,0,0,65,0,0,0,0,0,0,0,0,6,101,1,0,0,3,0,178,0,0,0,0,0,0,6,
12,5532,שוהם,1304,15,10,0,692,515,1,514,42,0,1,0,0,0,25,0,0,0,0,0,0,0,0,23,121,0,0,0,2,0,287,0,0,0,0,0,0,13,
12,5533,שוהם,1304,16,5,0,602,465,1,464,35,0,1,1,0,0,24,0,0,0,0,0,0,0,0,6,138,0,0,0,1,0,245,1,0,0,0,0,0,12,
12,5534,שוהם,1304,17,5,0,732,549,4,545,52,1,0,2,0,0,29,0,0,0,0,0,0,0,0,15,135,0,0,0,1,0,303,0,0,0,0,0,0,7,
12,5535,שוהם,1304,18,8,0,564,431,1,430,20,1,0,0,0,0,24,0,0,0,0,0,0,0,0,9,126,0,0,0,0,0,243,0,0,0,0,0,0,7,
12,5536,שוהם,1304,19,9,0,632,500,1,499,27,3,1,0,0,0,31,0,0,0,0,0,0,0,0,13,161,0,0,0,1,0,245,0,0,0,0,0,0,17,
12,5537,שוהם,1304,21,2,0,425,309,0,309,29,0,2,0,0,0,19,0,0,0,0,0,0,0,0,7,68,0,0,0,0,0,181,0,0,0,0,0,0,3,
12,5538,שוהם,1304,23,6,0,472,358,0,358,21,1,0,0,0,0,89,0,0,0,0,0,0,0,1,2,89,0,0,0,1,0,146,0,0,0,0,0,0,8,
12,5539,שוהם,1304,24,3,0,558,417,1,416,24,0,0,0,0,0,37,0,0,0,0,0,0,0,0,4,114,0,0,0,1,0,226,0,0,0,0,0,0,10,
12,5540,שוהם,1304,25,7,0,637,481,5,476,43,1,0,0,0,0,34,0,0,0,0,0,0,0,0,9,119,0,0,0,2,0,251,0,0,0,0,0,0,17,
12,5541,שוהם,1304,26,1,0,569,429,0,429,33,2,0,0,0,0,85,0,0,0,0,0,0,0,0,9,102,0,0,0,2,0,191,0,0,0,0,0,0,5,
12,5542,שוהם,1304,27,9,0,513,384,2,382,25,0,0,1,0,0,24,0,0,0,0,0,0,0,0,8,113,0,0,0,1,0,204,0,0,0,0,0,1,5,
2,823,שורש,456,1,2,0,500,411,3,408,45,0,2,0,0,0,64,0,0,0,0,0,0,0,0,4,91,0,0,0,0,0,201,0,0,0,0,0,0,1,
2,824,שורש,456,2,1,0,596,440,0,440,69,2,4,0,0,0,19,0,0,0,0,0,0,0,0,24,92,1,0,0,4,0,223,0,0,0,0,0,0,2,
18,9353,שני,1287,1,1,0,466,319,0,319,26,2,0,0,0,0,62,0,1,0,0,0,0,0,0,38,89,0,0,0,10,9,77,1,0,1,0,0,0,3,
6,2869,שעב,538,1,7,0,651,485,4,481,1,0,472,0,0,0,0,0,0,0,0,0,0,0,0,0,0,0,0,0,0,0,2,0,0,0,0,0,0,6,
6,2870,שעב,538,2,3,0,678,521,1,520,5,4,503,0,0,0,0,0,0,0,0,0,0,0,0,0,3,0,0,0,1,0,4,0,0,0,0,0,0,0,
6,2871,שעב,538,3,7,0,612,490,0,490,0,0,480,0,0,0,0,0,0,0,0,0,0,0,0,0,0,0,0,0,0,2,4,0,0,0,0,1,0,3,
6,2872,שעב,538,4,2,0,599,488,0,488,1,0,481,0,0,0,0,0,0,0,0,0,0,0,0,0,1,0,0,0,0,0,2,0,0,1,0,0,0,2,
6,2873,שעב,538,5,2,0,658,473,2,471,3,0,460,0,0,0,1,0,0,0,0,0,1,0,0,1,2,0,0,0,0,0,3,0,0,0,0,0,0,0,
6,2874,שעב,538,6,5,0,586,475,3,472,0,0,463,0,0,0,1,0,0,2,0,0,0,0,0,0,0,0,0,0,0,0,4,0,0,0,0,0,0,2,
6,2875,שעב,538,7,5,0,526,430,2,428,0,0,420,0,0,0,0,0,0,2,0,0,0,0,0,0,2,0,0,0,0,0,3,0,0,0,0,0,0,1,
6,2876,שעב,538,8,7,0,558,438,1,437,0,0,434,0,0,0,0,0,0,0,0,0,0,0,0,0,1,0,0,0,0,0,2,0,0,0,0,0,0,0,
17,9222,שפיר,692,1,1,0,534,448,2,446,21,4,2,1,0,0,71,0,0,0,0,0,0,0,0,5,206,1,0,0,0,0,104,0,1,0,0,0,0,30,
6,2699,שפרעם,8800,1,8,0,738,474,5,469,2,0,309,0,0,0,1,0,0,1,0,0,0,0,0,100,11,0,0,0,0,0,43,0,0,0,0,0,0,2,
6,2700,שפרעם,8800,2,8,0,774,506,7,499,4,0,326,0,0,0,2,0,0,0,1,0,0,0,0,130,6,0,0,0,0,0,27,0,0,0,0,0,0,3,
6,2701,שפרעם,8800,3,17,0,742,478,4,474,4,0,367,0,0,0,0,0,0,0,0,0,0,0,0,70,4,0,0,0,0,0,27,0,0,0,0,0,0,2,
6,2702,שפרעם,8800,4,20,0,773,507,7,500,11,0,403,0,0,0,2,0,0,1,0,0,0,0,0,39,14,0,0,0,0,0,27,1,2,0,0,0,0,0,
6,2703,שפרעם,8800,5,20,0,769,569,2,567,4,0,529,0,0,0,0,0,0,5,0,0,0,0,0,8,2,0,0,1,0,0,18,0,0,0,0,0,0,0,
6,2704,שפרעם,8800,6,1,0,746,533,1,532,20,0,497,0,0,0,0,1,0,1,0,0,0,0,0,0,4,0,0,0,0,0,8,1,0,0,0,0,0,0,
6,2706,שפרעם,8800,8,2,0,741,484,2,482,4,0,362,0,0,0,1,0,0,1,0,0,0,0,1,56,9,0,0,0,0,1,47,0,0,0,0,0,0,0,
6,2707,שפרעם,8800,9,6,0,723,447,4,443,0,0,397,0,0,0,0,0,1,2,0,0,0,0,0,12,2,0,0,0,0,0,25,0,0,0,1,1,0,2,
6,2708,שפרעם,8800,10,19,0,779,519,9,510,5,0,423,0,0,0,0,0,0,0,0,0,0,0,0,42,6,0,0,0,0,0,34,0,0,0,0,0,0,0,
6,2709,שפרעם,8800,11,17,0,756,513,8,505,11,0,407,0,1,0,0,0,0,0,0,0,0,0,0,60,4,1,0,0,0,0,21,0,0,0,0,0,0,0,
6,2710,שפרעם,8800,12,12,0,756,525,8,517,5,0,428,0,0,0,1,0,0,0,0,0,0,1,0,50,2,0,0,0,0,0,30,0,0,0,0,0,0,0,
6,2711,שפרעם,8800,13,12,0,747,508,9,499,2,0,436,0,0,0,0,0,0,1,0,0,0,0,0,36,4,0,0,0,0,0,20,0,0,0,0,0,0,0,
6,2712,שפרעם,8800,14,12,0,733,551,3,548,3,0,509,0,0,0,1,0,0,0,0,0,0,0,0,18,2,0,1,0,0,0,13,0,0,0,0,0,0,1,
6,2713,שפרעם,8800,15,14,0,717,477,5,472,2,0,457,0,0,0,0,0,0,0,0,0,0,0,0,1,7,0,1,0,0,1,3,0,0,0,0,0,0,0,
6,2714,שפרעם,8800,16,14,0,760,479,0,479,3,0,426,0,0,0,0,0,0,1,0,0,0,0,0,19,5,1,0,0,0,0,23,0,0,0,0,0,0,1,
6,2715,שפרעם,8800,17,14,0,751,475,5,470,2,0,354,0,0,0,1,0,0,1,0,0,0,0,0,62,1,0,0,0,0,0,46,0,0,0,0,0,0,3,
6,2716,שפרעם,8800,18,16,0,773,505,2,503,8,0,284,0,0,0,0,0,0,0,0,0,0,0,0,107,13,0,0,0,0,0,89,0,0,1,0,0,0,1,
6,2717,שפרעם,8800,19,11,0,770,500,8,492,4,1,389,0,0,0,0,0,0,2,0,0,0,0,1,60,16,0,0,0,0,1,17,0,0,0,0,0,0,1,
6,2718,שפרעם,8800,20,18,0,777,531,4,527,7,1,483,0,0,0,0,0,0,0,0,0,0,0,0,7,4,0,0,0,0,0,23,0,0,1,0,0,1,0,
6,2719,שפרעם,8800,21,1,0,748,500,3,497,5,0,436,0,0,0,0,0,1,0,0,0,0,0,1,23,9,1,0,0,0,0,18,0,1,1,0,1,0,0,
6,2721,שפרעם,8800,23,15,0,718,476,6,470,18,0,403,0,0,0,0,0,0,0,0,0,0,1,0,19,8,0,0,0,0,0,20,0,0,0,0,0,0,1,
6,2722,שפרעם,8800,24,9,0,745,532,2,530,3,0,495,0,0,0,1,0,0,0,0,0,0,0,0,10,3,0,0,0,0,0,17,0,0,0,0,0,0,1,
6,2723,שפרעם,8800,25,6,0,741,489,1,488,11,0,461,0,0,0,0,0,0,0,0,0,0,0,1,8,1,0,0,0,0,0,4,0,0,0,0,0,1,1,
6,2724,שפרעם,8800,26,9,0,740,406,1,405,3,0,387,0,0,0,0,0,1,2,0,0,0,0,0,4,2,0,0,0,0,0,5,0,0,1,0,0,0,0,
6,2725,שפרעם,8800,27,18,0,776,443,4,439,5,0,405,0,0,0,0,0,1,1,0,0,1,0,0,9,2,0,0,0,0,2,9,0,0,0,0,0,2,2,
6,2726,שפרעם,8800,28,16,0,745,413,3,410,3,0,375,0,0,0,0,0,0,0,0,0,0,0,0,13,2,0,0,0,0,0,15,0,0,0,0,0,0,2,
6,2727,שפרעם,8800,29,9,0,706,445,1,444,3,0,340,0,0,0,1,0,0,0,0,0,0,0,0,67,0,0,0,0,0,0,31,0,0,1,0,0,1,0,
6,2728,שפרעם,8800,30,11,0,773,477,4,473,5,0,419,0,0,0,0,0,0,2,0,0,0,0,0,15,10,0,0,0,0,0,20,0,0,0,1,0,0,1,
6,2729,שפרעם,8800,31,18,0,716,510,2,508,5,0,475,0,0,0,0,0,0,0,0,1,0,0,1,18,2,0,0,0,0,0,6,0,0,0,0,0,0,0,
6,2730,שפרעם,8800,32,20,0,745,528,5,523,19,0,457,0,0,0,0,0,0,1,0,1,0,0,0,24,2,0,0,0,0,0,19,0,0,0,0,0,0,0,
6,2731,שפרעם,8800,33,11,0,729,454,3,451,5,0,366,0,0,0,0,0,0,0,0,0,0,0,0,46,7,0,0,0,0,0,26,0,0,1,0,0,0,0,
6,2732,שפרעם,8800,34,15,0,752,516,3,513,7,0,326,0,0,0,0,0,0,0,0,0,0,0,0,125,2,0,0,0,0,0,51,0,0,0,1,0,0,1,
6,2733,שפרעם,8800,35,2,0,728,478,7,471,4,0,434,0,0,0,0,0,0,2,0,0,0,0,0,3,8,0,0,0,0,0,19,0,0,0,0,1,0,0,
6,2734,שפרעם,8800,36,20,0,722,518,7,511,5,0,406,0,0,0,0,0,1,4,0,0,0,1,0,54,10,1,0,0,0,0,27,0,0,0,0,0,1,1,
6,2735,שפרעם,8800,37,17,0,754,459,9,450,5,0,200,0,0,0,0,0,0,0,0,0,0,0,0,130,10,0,0,0,0,0,102,0,0,0,0,0,0,3,
6,2736,שפרעם,8800,38,21,0,761,521,2,519,23,2,389,0,0,0,0,0,0,1,0,0,0,0,1,55,6,0,0,0,0,0,41,0,0,0,0,0,0,1,
6,2737,שפרעם,8800,39,21,0,698,493,3,490,1,0,384,0,0,0,2,0,0,0,0,1,0,0,0,79,0,1,0,0,2,0,18,0,0,1,0,1,0,0,
10,4666,תל מונד,154,1,1,0,630,436,0,436,7,3,0,1,0,0,24,0,0,0,0,0,0,0,0,7,271,0,0,0,5,0,90,0,0,0,0,0,0,28,
10,4667,תל מונד,154,2,2,0,679,512,3,509,25,18,0,0,0,0,31,0,0,0,0,0,0,0,1,5,207,0,0,0,6,0,187,0,0,0,0,0,0,29,
10,4668,תל מונד,154,3.1,7,0,619,468,0,468,27,1,0,0,0,0,27,0,0,0,0,0,0,0,0,14,124,1,0,0,1,0,267,0,0,0,0,0,0,6,
10,4669,תל מונד,154,3.2,7,0,619,480,2,478,44,1,1,1,0,0,9,0,0,0,0,0,0,0,0,14,112,0,0,0,1,0,278,0,0,0,0,0,0,17,
10,4670,תל מונד,154,3.3,7,0,619,471,1,470,37,0,1,0,0,0,20,0,0,0,0,0,0,1,0,15,83,1,0,0,0,0,299,0,0,0,0,0,0,13,
10,4671,תל מונד,154,3.4,7,0,617,475,2,473,36,2,1,0,0,0,16,0,0,0,0,0,0,0,0,10,72,2,0,0,2,0,330,0,0,0,0,0,0,2,
10,4672,תל מונד,154,4,8,0,635,437,3,434,10,3,1,0,0,0,26,0,0,0,0,0,0,0,0,7,261,0,0,0,8,0,72,0,0,0,0,0,1,45,
10,4673,תל מונד,154,5,6,0,640,495,0,495,35,0,0,2,0,0,55,0,0,0,0,0,0,0,0,11,77,0,0,0,1,0,311,1,0,0,0,0,1,1,
10,4674,תל מונד,154,6,6,0,631,483,0,483,43,0,0,0,0,0,12,0,0,0,0,0,0,0,0,13,73,1,0,0,0,0,339,0,0,0,0,0,0,2,
10,4675,תל מונד,154,7,1,0,750,570,0,570,38,6,3,0,0,0,31,0,0,0,0,0,0,0,0,23,110,0,0,0,1,0,344,0,0,0,0,1,0,13,
10,4676,תל מונד,154,8,1,0,757,545,2,543,26,4,1,0,0,0,20,0,0,0,0,0,0,0,0,15,193,0,0,0,1,0,262,0,0,0,0,0,0,21,
10,4677,תל מונד,154,9,6,0,662,497,0,497,41,0,2,0,0,0,30,0,0,0,0,0,0,0,0,10,71,0,0,0,0,0,340,0,0,0,0,1,0,2,
10,4678,תל מונד,154,10,6,0,597,481,0,481,20,2,0,0,0,0,22,0,0,0,0,0,0,0,0,15,105,0,0,0,0,0,314,1,0,0,0,0,0,2,
10,4679,תל מונד,154,11,2,0,560,430,1,429,33,0,1,0,0,0,18,0,0,0,0,0,0,0,0,9,106,0,0,0,0,0,256,0,0,0,0,0,0,6,
10,4680,תל מונד,154,15,6,0,483,327,3,324,24,0,1,1,0,0,11,0,0,0,0,0,0,0,0,5,85,0,0,0,0,0,185,0,0,0,0,0,0,12,
18,9464,תפרח,709,1,1,0,491,415,1,414,1,314,0,0,0,0,5,0,0,0,0,0,0,0,0,0,33,0,0,0,0,0,7,0,0,0,0,0,0,54,
18,9465,תפרח,709,2,1,0,520,456,4,452,0,347,0,0,0,0,2,0,0,0,0,0,0,0,0,0,28,0,0,0,0,0,2,0,0,0,0,0,0,73,
17,9113,אביגדור,819,1,1,0,617,488,4,484,62,0,0,0,0,0,31,0,0,0,0,0,0,0,0,4,55,0,0,0,0,0,326,0,0,0,0,0,0,6,
10,4501,אביחיל,175,1,1,0,414,297,1,296,34,0,3,0,0,0,5,0,0,0,0,0,0,0,0,4,52,0,0,0,1,0,197,0,0,0,0,0,0,0,
10,4502,אביחיל,175,2,2,0,569,437,0,437,48,2,4,0,0,0,10,0,0,0,0,0,0,0,0,9,63,0,0,0,0,0,294,0,0,0,0,0,0,7,
10,4617,אבן יהודה,182,1,2,0,715,529,0,529,49,9,0,1,0,0,15,0,0,0,0,0,0,0,0,17,168,0,0,0,0,0,258,0,0,0,0,0,0,12,
10,4618,אבן יהודה,182,2,8,0,575,432,1,431,36,1,0,0,0,0,10,0,0,0,0,0,0,0,1,7,164,0,0,0,3,0,179,0,0,1,0,0,0,29,
10,4619,אבן יהודה,182,3,9,0,691,540,2,538,54,0,5,0,0,0,12,0,0,0,0,0,0,0,0,13,87,0,0,1,0,0,365,0,0,0,0,0,0,1,
10,4620,אבן יהודה,182,5,5,0,644,440,2,438,32,0,2,2,0,0,21,0,1,0,0,0,0,0,1,12,139,2,0,0,1,0,216,0,0,0,0,0,0,9,
10,4621,אבן יהודה,182,6,7,0,629,485,2,483,39,4,2,1,0,0,13,0,0,0,0,0,0,0,0,10,76,0,0,0,0,0,334,0,0,0,0,0,0,4,
10,4622,אבן יהודה,182,8,2,0,482,365,1,364,25,7,0,0,0,0,7,0,0,0,0,0,0,0,0,2,196,0,0,0,3,0,89,0,0,0,0,0,0,35,
10,4623,אבן יהודה,182,9.1,4,0,634,500,1,499,56,3,1,1,0,0,8,0,0,0,0,0,0,0,0,14,106,0,0,0,1,0,306,0,0,0,0,0,0,3,
10,4624,אבן יהודה,182,9.2,4,0,634,487,2,485,60,1,4,0,0,0,8,0,0,0,0,0,0,0,0,13,75,0,0,0,0,0,321,0,0,0,0,0,0,3,
10,4625,אבן יהודה,182,9.3,4,0,634,497,1,496,62,2,2,0,0,0,10,0,0,0,0,0,0,0,0,11,98,0,0,0,0,0,309,0,0,0,0,0,0,2,
10,4626,אבן יהודה,182,9.4,4,0,634,506,5,501,57,0,1,0,0,0,6,0,0,0,0,0,0,0,0,9,86,0,0,0,1,0,340,0,0,0,0,0,0,1,
10,4627,אבן יהודה,182,9.5,4,0,634,470,3,467,45,7,1,0,0,0,8,0,0,0,0,0,0,0,0,9,97,0,0,0,1,0,291,0,0,0,0,0,0,8,
10,4628,אבן יהודה,182,9.6,4,0,634,485,0,485,43,4,1,0,0,0,10,0,0,0,0,0,0,0,0,13,80,0,0,0,0,0,331,0,0,0,0,0,0,3,
10,4629,אבן יהודה,182,9.7,4,0,634,498,2,496,60,0,4,1,0,0,6,0,0,0,0,0,0,0,0,14,78,0,0,0,0,0,330,1,0,0,0,0,0,2,
10,4630,אבן יהודה,182,10,3,0,648,469,2,467,30,3,0,1,0,0,16,0,0,1,0,0,0,0,0,22,134,0,0,0,3,0,246,0,0,0,0,0,0,11,
10,4631,אבן יהודה,182,12,8,0,633,487,2,485,66,1,4,1,0,0,10,0,0,0,0,0,0,0,0,16,69,0,0,0,0,0,312,0,0,0,0,0,0,6,
10,4632,אבן יהודה,182,13,2,0,480,379,1,378,11,9,1,1,0,0,42,0,0,0,0,0,0,0,0,8,209,0,0,0,6,0,71,0,0,0,0,0,0,20,
17,9114,אבן שמואל,400,1,1,0,472,401,0,401,2,13,0,0,0,0,176,0,0,0,0,0,0,0,0,0,160,0,0,0,5,0,9,0,0,0,0,0,0,36,
17,9115,אבן שמואל,400,2,1,0,440,386,2,384,2,14,0,0,0,0,123,0,0,0,0,0,0,0,0,0,188,1,0,0,1,0,4,0,0,0,0,0,0,51,
17,9116,אור הנר,67,1,1,0,616,469,0,469,112,0,3,2,0,0,5,0,0,0,0,0,0,0,0,11,32,0,1,0,0,0,302,0,0,0,0,0,0,1,
17,9119,אחוזם,821,1,1,0,396,277,0,277,4,1,0,0,0,0,4,0,0,0,0,0,0,0,0,2,190,0,0,0,2,0,11,0,0,0,0,0,0,63,
6,2347,אחיהוד,785,1,1,0,659,512,6,506,4,8,0,0,0,0,45,0,0,0,0,0,0,0,1,3,340,0,0,0,5,0,29,0,0,0,0,0,0,71,
10,4504,אחיטוב,850,1,2,0,399,311,1,310,16,1,1,0,0,0,12,0,0,0,0,0,0,0,0,8,102,1,0,0,0,0,142,0,0,0,0,0,0,27,
10,4505,אחיטוב,850,2,2,0,315,235,3,232,12,1,2,0,0,0,2,0,0,0,0,0,0,0,0,6,99,0,0,0,0,0,88,0,0,0,0,0,0,22,
18,9900,אל סייד,1359,1,1,0,585,301,3,298,25,2,230,0,0,0,0,0,0,0,1,0,0,0,0,0,6,0,0,0,0,4,29,0,0,0,0,0,0,1,
18,9901,אל סייד,1359,2,1,0,575,259,3,256,12,0,209,0,0,0,0,0,1,0,1,0,0,0,0,3,0,0,0,1,0,0,27,0,1,0,0,0,1,0,
18,9902,אל סייד,1359,3,1,0,602,329,4,325,16,0,260,0,0,0,1,0,0,0,0,0,0,0,0,1,12,0,1,0,1,0,30,0,0,2,0,1,0,0,
10,4506,אליכין,41,1.1,1,0,645,486,0,486,16,11,0,2,0,0,27,0,0,0,0,0,0,0,0,3,255,0,1,0,5,0,98,0,0,0,0,0,0,68,
10,4507,אליכין,41,1.2,1,0,645,481,0,481,18,7,1,0,0,0,17,0,0,0,0,0,0,0,0,3,290,0,0,0,2,0,63,1,0,0,0,0,0,79,
10,4508,אליכין,41,1.3,1,0,645,496,1,495,24,11,0,0,0,0,28,0,0,0,0,0,0,0,0,11,254,0,0,0,2,0,105,0,0,0,0,0,0,60,
10,4509,אליכין,41,1.4,1,0,644,495,1,494,15,12,0,0,0,0,11,0,0,0,0,0,0,0,0,12,272,0,0,0,4,0,97,0,0,0,0,0,1,70,
17,9124,אמונים,772,1,1,0,713,512,1,511,22,4,1,0,0,0,13,0,0,0,0,0,0,0,0,17,204,0,0,0,2,0,203,0,0,0,0,0,0,45,
4,1428,אניעם,4012,1,1,0,445,272,0,272,18,1,1,0,0,0,11,0,0,0,0,0,0,0,0,4,86,0,0,0,2,0,144,0,0,0,0,0,0,5,
6,2673,אעבלין,529,1,1,0,721,491,0,491,11,1,455,0,0,0,0,0,0,0,0,0,0,0,0,10,3,0,0,0,0,0,9,0,0,1,0,0,1,0,
6,2674,אעבלין,529,2,4,0,632,394,3,391,12,0,346,0,0,0,0,0,0,0,0,0,0,0,0,15,3,0,1,0,0,0,11,0,0,0,0,1,1,1,
6,2675,אעבלין,529,3,10,0,670,432,1,431,30,0,360,0,0,0,0,0,0,0,0,0,0,0,1,11,14,0,0,0,0,1,11,0,0,0,1,0,0,2,
6,2676,אעבלין,529,4,1,0,700,478,5,473,13,1,414,0,0,0,0,0,0,0,0,0,0,0,0,18,10,0,0,1,0,1,15,0,0,0,0,0,0,0,
6,2677,אעבלין,529,5,8,0,731,514,5,509,22,0,444,0,0,0,0,0,0,1,0,0,0,1,0,14,7,0,0,0,0,0,19,0,0,0,1,0,0,0,
6,2678,אעבלין,529,6,2,0,735,484,1,483,13,0,444,0,0,0,0,0,0,0,0,0,0,0,0,14,2,0,0,0,0,0,7,0,0,1,0,0,2,0,
6,2679,אעבלין,529,7,7,0,753,548,7,541,2,0,520,0,0,0,0,0,0,2,0,0,0,0,0,3,2,0,0,0,1,0,10,0,0,0,0,0,0,1,
6,2680,אעבלין,529,8,6,0,765,538,6,532,4,0,509,1,0,0,1,0,0,0,0,0,0,0,0,4,8,0,1,0,0,0,4,0,0,0,0,0,0,0,
6,2681,אעבלין,529,9,6,0,680,445,3,442,11,0,399,0,0,0,1,0,0,0,0,0,0,0,0,1,5,0,0,0,0,0,24,0,1,0,0,0,0,0,
6,2682,אעבלין,529,10,8,0,659,442,7,435,4,0,413,0,0,0,0,0,0,0,0,0,0,0,0,1,4,0,0,0,0,0,12,0,0,0,0,0,1,0,
6,2683,אעבלין,529,11,2,0,692,492,4,488,4,0,456,0,0,0,0,0,0,0,0,0,0,0,2,8,2,0,0,0,0,0,14,0,0,0,1,1,0,0,
6,2684,אעבלין,529,12,9,0,708,536,2,534,3,0,515,0,0,0,0,0,0,0,0,0,0,0,0,4,2,0,0,0,0,0,9,0,1,0,0,0,0,0,
4,1399,ארבל,701,1,1,0,452,335,0,335,31,3,0,0,0,0,8,0,0,0,0,0,0,0,0,12,132,1,0,0,1,0,141,0,0,0,0,0,0,6,
17,9126,ארז,714,1,1,0,441,316,3,313,103,0,1,0,0,0,6,0,0,0,0,0,0,0,0,10,21,0,0,0,0,0,171,0,0,0,0,0,0,1,
17,9127,באר גנים,1376,1,1,1,430,360,1,359,2,7,0,0,0,0,82,0,0,0,0,0,0,0,0,0,193,0,0,0,10,0,15,0,0,0,0,0,0,50,
17,9128,באר גנים,1376,2,1,0,474,399,1,398,6,8,0,0,0,0,91,0,0,0,0,0,0,0,0,3,218,0,0,0,6,0,28,0,0,0,0,0,0,38,
17,9130,ביצרון,234,1,1,0,462,381,3,378,32,2,2,0,0,0,9,0,0,0,0,0,0,0,0,5,56,0,0,0,2,0,268,0,0,0,0,0,0,2,
17,9131,ביצרון,234,2,1,0,427,334,1,333,42,2,0,0,0,0,5,0,0,0,0,0,0,0,0,7,51,0,0,0,0,0,226,0,0,0,0,0,0,0,
6,2686,ביר אלמכסור,998,1,4,0,657,357,4,353,23,0,245,0,0,0,1,0,0,0,0,0,0,0,0,0,24,0,0,0,0,0,58,1,1,0,0,0,0,0,
6,2687,ביר אלמכסור,998,2,4,0,687,395,3,392,18,0,312,0,0,0,0,0,0,0,0,0,0,0,0,1,8,0,0,0,0,1,51,0,0,0,0,0,0,1,
6,2688,ביר אלמכסור,998,3,3,0,760,411,1,410,41,0,271,0,0,0,0,0,0,0,0,0,0,0,0,0,21,0,0,0,2,2,71,0,0,0,0,0,1,1,
6,2689,ביר אלמכסור,998,4,1,0,717,371,4,367,27,0,269,0,0,0,0,0,0,1,0,0,0,0,0,0,19,0,1,0,0,0,49,1,0,0,0,0,0,0,
6,2690,ביר אלמכסור,998,5,1,0,712,406,1,405,12,0,346,0,0,0,2,0,0,1,0,0,0,0,0,0,14,0,0,0,0,0,29,0,0,0,0,0,1,0,
6,2691,ביר אלמכסור,998,6,3,0,716,389,3,386,13,0,334,0,0,0,0,0,0,0,0,0,0,0,0,1,12,0,0,0,0,0,26,0,0,0,0,0,0,0,
6,2692,ביר אלמכסור,998,7,3,0,790,465,0,465,12,0,400,0,0,0,0,0,0,0,0,0,0,0,0,4,17,0,0,0,0,0,30,0,1,0,1,0,0,0,
6,2693,ביר אלמכסור,998,8,3,0,658,382,2,380,11,0,333,0,0,0,0,0,0,0,0,0,0,1,0,1,13,0,0,0,0,0,18,0,1,0,0,0,1,1,
6,2694,ביר אלמכסור,998,9,1,0,790,406,3,403,6,0,366,0,0,0,0,0,0,1,0,0,0,0,0,1,12,0,0,0,0,0,17,0,0,0,0,0,0,0,
4,1376,בית זרע,143,1,1,0,603,372,0,372,117,1,2,0,1,0,4,0,0,0,0,0,0,0,0,5,20,0,0,0,1,0,221,0,0,0,0,0,0,0,
9,3746,בית חנניה,800,1,1,0,612,461,0,461,48,1,3,1,0,0,10,0,0,0,0,0,0,0,0,21,59,0,0,0,1,0,311,1,0,0,0,0,0,5,
12,5682,בית חשמונאי,1050,1,1,0,753,582,0,582,50,1,1,0,0,0,15,0,0,0,0,0,0,0,0,16,224,0,0,0,3,0,261,1,0,0,0,1,0,9,
12,5683,בית חשמונאי,1050,2,1,0,733,540,0,540,33,1,0,1,0,0,20,0,0,0,0,0,0,0,0,10,207,0,0,0,0,0,259,0,0,0,0,0,0,9,
10,4543,בית יצחקשער חפר,326,1,1,0,548,417,0,417,52,0,1,0,0,0,4,0,0,0,0,0,0,0,0,8,38,0,0,0,1,0,312,0,0,0,0,0,0,1,
10,4544,בית יצחקשער חפר,326,2,1,0,524,409,1,408,40,1,1,0,0,0,9,0,0,0,0,0,0,0,0,12,54,0,0,0,0,0,290,0,0,0,0,0,0,1,
12,5686,בית עריף,604,1,1,0,738,585,5,580,17,9,1,0,0,0,32,0,0,0,0,0,0,0,0,2,347,0,0,0,6,0,115,0,0,0,0,0,0,51,
13,6392,בני עיש,1066,1,6,0,743,556,1,555,8,20,0,0,0,0,37,0,0,0,0,0,0,0,0,10,334,0,0,0,6,0,42,0,0,0,0,0,0,98,
13,6393,בני עיש,1066,2,3,0,592,446,5,441,9,9,0,1,0,0,31,0,0,0,0,0,0,0,0,28,232,0,0,0,0,0,30,0,0,0,0,0,0,101,
13,6394,בני עיש,1066,3,3,0,552,319,4,315,5,2,0,2,0,0,10,1,0,0,0,0,0,0,0,115,101,2,0,0,0,0,67,1,0,0,0,0,1,8,
13,6395,בני עיש,1066,4,4,0,624,346,3,343,6,4,0,0,0,0,5,0,0,0,1,0,0,0,1,131,121,0,0,1,1,0,57,0,0,0,0,0,1,14,
13,6396,בני עיש,1066,5,2,0,541,360,2,358,6,2,0,0,0,0,5,0,0,0,0,0,0,0,0,119,140,0,0,0,1,0,66,0,0,0,0,1,0,18,
13,6397,בני עיש,1066,6,7,0,555,329,5,324,8,8,0,1,1,0,4,0,0,0,0,2,0,0,0,128,113,0,0,0,3,0,49,0,0,0,0,0,1,6,
13,6398,בני עיש,1066,7,5,0,423,252,2,250,1,1,0,0,0,0,3,0,0,0,0,0,0,0,0,120,77,0,0,0,1,0,42,0,0,0,0,0,0,5,
13,6399,בני עיש,1066,8,2,0,556,366,2,364,10,2,0,1,0,0,11,0,0,0,1,0,0,0,0,98,145,1,0,0,0,0,70,0,0,0,0,0,0,25,
13,6400,בני עיש,1066,9,5,0,548,338,11,327,1,0,0,1,0,0,2,0,0,0,0,0,2,0,0,164,90,1,0,0,0,2,57,0,0,1,0,1,1,4,
13,6401,בני עיש,1066,10,3,0,634,455,0,455,8,4,0,0,0,0,14,0,0,0,0,1,0,0,0,74,234,1,0,0,7,0,59,2,0,0,0,0,0,51,
9,3696,בסמה,1326,1,1,0,770,530,12,518,5,0,503,0,0,0,0,0,0,4,0,0,0,0,0,0,1,1,0,0,0,0,2,0,0,0,1,0,1,0,
9,3697,בסמה,1326,2,2,0,654,478,4,474,2,0,467,1,0,0,0,0,0,0,0,0,0,0,0,0,0,0,0,0,0,0,2,0,0,2,0,0,0,0,
9,3698,בסמה,1326,5,1,0,751,534,2,532,2,0,524,0,0,0,0,0,0,0,0,0,0,0,0,0,2,0,0,0,0,0,3,0,0,0,0,0,1,0,
9,3699,בסמה,1326,6,1,0,683,467,2,465,1,0,460,0,0,0,0,0,0,1,0,0,0,0,0,0,1,0,1,0,0,0,1,0,0,0,0,0,0,0,
9,3700,בסמה,1326,8,2,0,534,313,1,312,1,0,310,0,0,0,0,0,0,0,0,0,0,1,0,0,0,0,0,0,0,0,0,0,0,0,0,0,0,0,
9,3701,בסמה,1326,9,1,0,783,539,7,532,0,0,525,0,0,0,0,0,0,0,0,1,0,0,0,1,1,0,0,0,0,0,2,0,1,0,0,0,0,1,
9,3702,בסמה,1326,3,3,0,659,423,2,421,27,0,393,0,0,0,0,0,0,0,0,0,0,0,0,0,0,0,0,0,0,0,1,0,0,0,0,0,0,0,
9,3703,בסמה,1326,4,5,0,656,426,2,424,11,0,408,0,0,0,0,0,0,0,0,0,0,0,0,0,0,0,0,0,0,0,4,0,0,1,0,0,0,0,
9,3704,בסמה,1326,7,5,0,586,405,1,404,10,0,392,0,0,0,0,0,0,0,0,0,0,0,0,0,0,0,0,0,1,0,1,0,0,0,0,0,0,0,
9,3705,בסמה,1326,10,3,0,563,352,1,351,20,0,323,0,0,0,0,0,0,1,0,0,0,0,0,0,3,0,0,0,0,0,4,0,0,0,0,0,0,0,
5,2081,בסמת טבעון,944,1,2,0,770,433,3,430,21,0,369,0,0,0,2,0,0,0,0,0,0,0,0,1,4,0,0,0,0,1,19,0,1,0,1,0,1,10,
5,2082,בסמת טבעון,944,2,2,0,766,383,2,381,19,1,334,0,0,0,0,0,0,3,0,0,1,0,0,0,7,0,0,0,0,1,12,0,0,0,1,0,0,2,
5,2083,בסמת טבעון,944,3,3,0,768,431,0,431,14,0,387,0,0,0,1,0,0,0,0,0,0,0,0,1,6,1,1,0,0,1,13,0,1,1,0,0,1,3,
5,2084,בסמת טבעון,944,4,4,0,753,413,3,410,20,6,344,0,1,0,2,0,0,2,0,0,0,0,0,0,4,0,0,0,1,0,17,0,0,0,0,0,0,13,
5,2085,בסמת טבעון,944,5,1,0,773,453,0,453,8,0,428,0,0,0,0,0,0,2,0,0,0,0,0,0,2,0,0,0,0,1,8,0,1,0,0,1,0,2,
5,2086,בסמת טבעון,944,6,1,0,788,398,0,398,32,0,325,0,0,0,2,0,0,4,1,0,0,0,0,1,7,0,0,0,0,1,17,0,0,0,0,1,1,6,
5,2087,בסמת טבעון,944,7,3,0,753,425,2,423,7,0,391,0,0,0,1,0,0,3,0,0,0,0,0,1,3,0,0,2,1,1,7,2,0,0,0,0,1,3,
3,1123,בר יוחאי,1191,1,1,0,626,460,1,459,0,36,0,1,0,0,131,0,0,0,0,0,0,0,0,4,180,9,0,0,4,0,7,0,0,0,0,0,0,87,
3,1124,ברעם,667,1,1,0,505,351,1,350,157,1,4,1,0,0,0,0,0,0,0,0,0,0,0,7,11,0,0,0,1,0,166,0,0,0,0,0,0,2,
3,1125,גש גוש חלב,487,1,1,0,606,369,2,367,18,0,272,0,0,0,0,0,0,0,0,0,0,0,1,50,5,1,1,0,0,0,17,0,1,0,0,0,0,1,
3,1126,גש גוש חלב,487,2,1,0,617,400,2,398,4,0,333,0,0,0,1,0,0,0,0,0,0,0,0,30,0,1,0,0,0,0,26,0,0,0,0,0,0,3,
3,1127,גש גוש חלב,487,3,1,0,684,434,8,426,19,0,275,0,0,0,1,0,0,1,0,0,0,0,0,84,5,0,0,0,0,0,40,0,0,0,0,0,0,1,
3,1128,גש גוש חלב,487,4,1,0,552,324,2,322,13,0,239,0,0,0,0,0,0,0,0,0,0,0,1,42,1,0,0,0,0,0,24,0,1,1,0,0,0,0,
9,3761,גבע כרמל,683,1,1,0,723,526,2,524,45,3,0,0,0,0,14,0,0,0,0,0,0,0,0,10,135,1,0,0,2,0,308,0,0,0,0,0,0,6,
18,10074,גבעות בר,1344,1,2,0,604,490,0,490,36,1,0,0,0,0,57,0,0,0,0,0,0,0,0,19,165,0,0,0,0,0,210,0,0,0,0,0,0,2,
5,1929,גיניגר,92,1,1,0,540,379,2,377,98,1,4,0,0,0,2,0,0,0,0,0,0,0,0,8,38,0,0,0,0,0,224,0,0,0,0,1,0,1,
12,5690,גינתון,863,1,1,0,656,519,2,517,56,0,2,0,0,0,18,0,0,0,0,0,0,0,0,10,123,0,0,0,4,0,290,0,0,0,0,0,0,14,
10,4521,גן יאשיה,734,1,1,0,639,497,0,497,76,1,4,1,0,0,13,0,0,0,0,0,0,0,0,11,51,0,0,0,0,0,336,1,0,0,0,0,0,3,
13,6431,גן יבנה,166,1,3,0,737,563,3,560,10,6,0,1,0,0,26,0,0,0,0,0,0,0,0,33,332,0,0,0,3,0,107,0,0,0,0,0,0,42,
13,6432,גן יבנה,166,2,2,0,493,385,2,383,17,3,0,0,0,0,20,0,0,0,0,0,0,0,0,11,125,1,0,0,0,0,193,0,0,0,0,0,0,13,
13,6433,גן יבנה,166,3,3,0,682,485,3,482,9,0,2,0,0,0,24,0,0,0,1,0,0,0,0,45,227,0,0,0,0,0,129,0,0,0,0,0,0,45,
13,6434,גן יבנה,166,4,2,0,555,413,0,413,25,2,0,0,0,0,12,0,0,0,0,0,0,0,0,20,167,0,0,0,1,0,168,0,0,0,0,0,0,18,
13,6435,גן יבנה,166,5,4,0,645,504,2,502,28,2,0,0,0,0,23,0,0,0,0,0,0,0,0,17,199,0,0,0,2,0,215,0,0,0,0,0,0,16,
13,6436,גן יבנה,166,6,1,0,605,459,1,458,10,5,3,0,0,0,14,0,0,0,0,0,0,0,0,11,254,0,0,0,0,0,76,0,0,0,0,0,0,85,
13,6437,גן יבנה,166,7,5,0,603,452,2,450,15,3,0,2,0,0,30,0,0,0,0,0,0,0,0,27,220,0,1,0,0,0,131,0,0,0,0,0,0,21,
13,6438,גן יבנה,166,8,5,0,610,418,0,418,10,0,1,0,0,0,12,0,0,0,0,1,0,0,0,59,186,0,0,0,1,0,133,0,0,0,0,0,0,15,
13,6439,גן יבנה,166,9,8,0,667,442,6,436,20,3,2,2,0,0,20,0,1,0,0,0,0,0,1,10,220,0,0,0,1,0,112,0,0,0,0,0,0,44,
13,6440,גן יבנה,166,10,7,0,743,574,1,573,12,6,1,1,0,0,22,0,0,0,0,0,0,0,0,33,270,0,0,0,1,0,197,0,0,0,0,0,0,30,
13,6441,גן יבנה,166,11,2,0,692,500,0,500,25,0,1,1,0,0,14,0,0,0,0,0,0,0,0,22,224,1,0,0,2,0,180,0,0,0,0,0,0,30,
13,6442,גן יבנה,166,12,8,0,633,482,1,481,28,3,2,0,0,0,7,0,0,0,0,0,0,0,0,21,205,1,0,0,2,1,187,0,0,0,0,0,0,24,
13,6443,גן יבנה,166,13,4,0,716,526,3,523,31,2,0,0,0,0,26,1,0,0,0,0,0,0,0,9,226,0,0,0,0,0,215,0,0,0,0,0,0,13,
13,6444,גן יבנה,166,14,8,0,725,547,2,545,17,0,0,0,0,0,37,0,0,0,0,0,0,0,0,15,209,0,0,1,1,0,235,0,1,0,0,0,0,29,
13,6445,גן יבנה,166,15,4,0,519,387,5,382,17,1,0,0,0,0,19,0,0,0,0,0,0,0,0,13,149,1,0,0,0,0,172,0,0,0,0,0,0,10,
13,6446,גן יבנה,166,16,2,0,598,432,2,430,30,2,0,0,0,0,25,0,0,0,0,0,1,0,0,16,166,0,0,0,2,0,153,0,0,0,0,0,0,35,
13,6447,גן יבנה,166,17,5,0,579,428,0,428,17,3,0,0,0,0,19,0,0,0,0,0,0,0,0,43,182,0,0,0,1,0,140,0,0,0,0,0,0,23,
13,6448,גן יבנה,166,18,3,0,603,493,0,493,2,2,1,0,0,0,51,0,0,0,0,0,0,0,0,9,273,0,0,0,2,0,104,0,0,0,0,0,0,49,
13,6449,גן יבנה,166,19,8,0,777,584,1,583,24,2,3,0,0,0,25,0,0,0,0,0,0,0,0,11,221,0,0,0,2,0,260,0,0,0,0,0,0,35,
13,6450,גן יבנה,166,20,7,0,704,533,1,532,13,4,0,1,0,0,26,0,0,0,0,0,0,0,1,27,253,0,0,0,2,0,171,0,0,0,0,0,0,34,
13,6451,גן יבנה,166,21,3,0,606,489,1,488,3,11,0,0,0,0,63,0,0,0,0,0,0,0,0,5,293,0,0,0,4,0,59,0,0,0,0,0,0,50,
13,6452,גן יבנה,166,22,7,0,560,404,0,404,5,2,0,0,0,0,21,0,0,0,0,0,1,0,0,20,196,0,0,0,0,0,129,0,0,0,0,0,0,30,
13,6453,גן יבנה,166,23,2,0,711,520,2,518,28,2,2,0,0,0,30,0,0,0,0,0,0,0,0,23,208,1,0,0,3,0,204,0,0,0,0,0,0,17,
13,6454,גן יבנה,166,24,8,0,669,477,3,474,30,1,2,0,0,0,22,0,0,0,0,1,0,0,0,15,165,1,0,0,3,0,201,0,0,0,1,0,0,32,
13,6455,גן יבנה,166,25,3,0,564,451,0,451,9,2,0,1,0,0,25,0,0,0,0,0,0,0,0,34,234,0,0,0,2,0,109,0,0,0,0,0,0,35,
13,6456,גן יבנה,166,26,1,0,535,424,1,423,14,6,0,0,0,0,18,0,0,0,0,0,0,0,0,16,197,3,0,0,2,0,120,1,0,0,0,0,0,46,
13,6151,גן שלמה,144,1,1,0,400,323,0,323,92,0,1,0,0,0,4,0,1,0,0,0,0,0,0,2,12,0,0,0,1,0,208,0,0,0,0,0,1,1,
8,3318,דאלית אלכרמל,494,1,8,0,691,394,3,391,23,0,24,0,0,0,0,0,0,0,0,0,0,0,0,18,20,0,0,0,0,0,304,0,0,0,0,0,0,2,
8,3319,דאלית אלכרמל,494,2,2,0,731,390,2,388,44,0,46,0,0,0,0,0,0,0,0,0,0,0,0,24,7,0,0,0,0,0,265,0,0,0,0,0,1,1,
8,3320,דאלית אלכרמל,494,3,1,0,655,389,3,386,21,0,27,0,0,0,1,0,0,0,0,0,0,0,1,7,20,0,0,0,0,0,309,0,0,0,0,0,0,0,
8,3321,דאלית אלכרמל,494,4,5,0,636,366,5,361,26,1,40,0,0,0,1,0,0,0,0,0,1,0,0,14,14,0,0,0,0,1,263,0,0,0,0,0,0,0,
8,3322,דאלית אלכרמל,494,5,10,0,667,362,1,361,18,0,57,0,0,0,3,0,0,0,0,0,0,0,1,10,10,0,0,0,0,0,262,0,0,0,0,0,0,0,
8,3323,דאלית אלכרמל,494,6,3,0,658,343,3,340,14,0,54,0,0,0,1,1,0,0,0,0,0,0,1,3,30,0,0,0,0,0,233,1,0,0,0,0,1,1,
8,3324,דאלית אלכרמל,494,7,5,0,712,426,2,424,46,0,21,0,0,0,5,0,0,0,0,0,0,0,0,20,25,0,0,0,0,0,305,0,1,0,0,0,0,1,
8,3325,דאלית אלכרמל,494,8,5,0,656,379,3,376,24,0,23,0,0,0,2,0,0,0,0,0,0,0,1,11,33,0,0,1,1,0,278,0,1,0,0,0,1,0,
8,3326,דאלית אלכרמל,494,9,10,0,621,380,1,379,42,0,35,0,0,0,1,0,0,0,0,0,0,1,0,10,7,0,0,0,0,0,282,0,0,0,0,0,0,1,
8,3327,דאלית אלכרמל,494,10,7,0,717,432,2,430,15,0,33,0,0,0,0,0,0,0,0,0,0,0,0,20,20,0,0,0,1,0,340,1,0,0,0,0,0,0,
8,3328,דאלית אלכרמל,494,12,8,0,711,432,2,430,32,0,86,0,0,0,1,0,0,0,0,0,0,0,0,14,21,0,0,0,0,0,274,0,0,0,1,0,1,0,
8,3329,דאלית אלכרמל,494,13,7,0,767,388,3,385,10,0,26,0,0,0,5,0,0,0,0,0,0,0,0,14,43,0,0,0,2,0,285,0,0,0,0,0,0,0,
8,3330,דאלית אלכרמל,494,14,3,1,535,287,2,285,22,0,20,0,0,0,0,0,0,0,0,0,0,0,0,11,29,0,0,0,0,0,203,0,0,0,0,0,0,0,
8,3332,דאלית אלכרמל,494,18,3,0,722,387,2,385,40,0,29,0,0,0,2,0,0,0,0,0,0,0,1,8,24,0,0,0,0,0,280,0,1,0,0,0,0,0,
8,3333,דאלית אלכרמל,494,19,3,0,745,398,6,392,37,0,41,0,0,0,1,0,0,0,0,0,0,0,0,21,21,0,0,0,0,0,266,0,0,0,0,0,1,4,
8,3334,דאלית אלכרמל,494,20,3,0,665,374,2,372,18,0,24,0,0,0,0,0,0,0,0,0,0,1,1,25,10,0,0,0,0,0,291,0,0,0,0,1,1,0,
8,3335,דאלית אלכרמל,494,21,3,0,549,304,3,301,20,0,16,0,0,0,5,0,0,0,0,0,0,0,0,3,15,0,0,0,1,0,238,0,0,1,0,0,1,1,
8,3336,דאלית אלכרמל,494,22,1,0,681,376,2,374,12,0,23,0,0,0,2,0,0,0,0,0,0,1,0,19,37,0,0,1,0,0,272,0,0,0,0,1,0,6,
18,10075,דבירה,849,1,1,0,651,490,0,490,129,4,2,0,0,0,11,0,1,0,0,0,0,0,0,10,45,0,0,0,0,0,288,0,0,0,0,0,0,0,
5,2018,דליה,300,1,1,0,660,498,0,498,184,0,6,0,0,0,3,0,0,0,0,0,0,0,0,1,11,0,0,0,0,0,292,0,0,0,0,0,0,1,
17,9149,הודיה,726,1,1,0,498,322,3,319,21,1,0,1,0,0,9,0,0,0,0,0,0,0,0,3,182,0,1,0,4,0,59,0,0,0,0,0,0,38,
4,1380,הזורעים,307,1,1,0,515,425,1,424,3,12,0,1,0,0,218,0,0,0,0,0,0,0,0,4,141,0,0,0,10,0,17,0,0,0,0,0,0,18,
5,1932,הסוללים,677,1,1,0,718,535,0,535,94,3,1,0,0,0,10,0,0,0,0,0,0,0,0,10,59,0,0,0,4,0,347,0,0,0,0,0,0,7,
10,4523,העוגן,423,1,1,0,619,461,2,459,160,1,8,0,0,0,5,0,1,0,0,0,0,0,0,7,15,0,0,1,0,0,260,0,0,0,0,0,0,1,
17,9153,זיקים,584,1,1,0,717,492,3,489,129,0,3,0,0,0,13,0,0,0,0,0,0,0,0,11,79,0,0,0,2,0,249,0,0,0,0,0,0,3,
2,937,זנוח,816,1,1,0,398,289,1,288,4,2,1,0,0,0,12,0,0,0,0,0,0,0,0,4,196,0,0,0,6,0,14,0,0,0,0,0,0,49,
10,4526,חופית,115,1,1,0,735,522,2,520,70,1,5,0,0,0,12,0,0,0,0,0,0,0,0,8,48,0,0,0,1,0,375,0,0,0,0,0,0,0,
9,4074,חיננית,3643,1,1,0,409,299,1,298,3,2,0,0,0,0,115,0,0,0,0,0,1,0,0,41,111,0,0,0,8,0,8,0,0,0,0,0,0,9,
9,4075,חיננית,3643,2,1,0,401,331,1,330,2,6,0,1,0,0,157,0,0,0,0,0,0,0,0,42,88,0,0,0,3,0,20,0,0,0,0,1,0,10,
10,4644,חירות,162,1,1,0,420,351,0,351,58,0,2,0,0,0,7,0,0,0,0,0,0,0,0,9,15,0,0,0,0,0,259,0,0,0,0,0,0,1,
10,4645,חירות,162,2,1,0,506,400,0,400,83,0,3,0,0,0,8,0,0,0,0,0,0,0,0,9,19,0,0,0,0,0,277,0,0,1,0,0,0,0,
5,1933,חנתון,1257,1,2,0,532,402,0,402,73,2,10,1,0,0,18,0,0,0,0,0,0,0,0,5,73,0,0,0,2,0,217,0,0,0,0,0,0,1,
4,1436,חספין,4005,1,1,0,435,333,1,332,1,11,0,0,0,0,227,0,0,0,0,0,0,0,0,0,70,0,0,0,6,0,6,0,0,0,0,0,0,11,
4,1437,חספין,4005,2,1,0,383,288,0,288,0,15,0,0,0,0,204,0,0,0,0,0,0,0,0,0,55,0,0,0,2,0,5,0,0,0,0,0,0,7,
17,9156,חצב,700,1,1,0,346,246,3,243,11,1,0,0,0,0,7,0,0,0,0,0,0,0,0,9,119,0,0,0,1,0,81,0,0,0,0,0,0,14,
17,9157,חצב,700,2,1,0,511,415,0,415,23,2,0,0,0,0,21,0,0,0,0,0,0,0,0,5,219,0,0,0,4,0,121,0,0,0,0,0,0,20,
17,9158,חצוראשדוד,406,1,1,0,674,484,1,483,173,6,0,0,0,0,2,0,0,0,0,0,0,0,0,10,16,1,0,0,0,0,273,0,0,0,0,0,0,2,
10,4528,חרב לאת,422,1,1,0,547,414,1,413,39,0,0,0,0,0,21,0,0,0,0,0,0,0,0,7,92,1,0,0,0,0,248,0,0,0,0,0,0,5,
6,2826,טמרה,8900,1,4,0,759,624,3,621,0,0,610,0,0,0,1,0,1,0,0,0,0,0,0,0,2,0,0,0,0,2,1,0,0,0,0,1,0,3,
6,2827,טמרה,8900,2,4,0,730,601,0,601,2,3,590,0,0,0,0,0,0,0,0,0,1,0,0,0,1,0,0,0,0,0,2,0,0,0,0,0,0,2,
6,2828,טמרה,8900,3,11,0,706,564,0,564,0,1,555,0,0,0,1,0,0,1,1,0,0,0,0,0,1,0,0,0,0,0,3,0,0,0,0,0,0,1,
6,2829,טמרה,8900,4,14,0,760,622,2,620,0,3,611,0,0,0,0,0,1,0,0,0,0,0,0,0,1,0,0,0,0,0,1,0,0,0,0,0,0,3,
6,2830,טמרה,8900,5,18,0,739,614,0,614,0,3,609,0,0,0,1,0,0,0,0,0,0,0,0,0,0,0,0,0,0,0,0,0,0,0,0,0,0,1,
6,2831,טמרה,8900,6,18,0,743,574,0,574,0,0,560,0,0,0,1,0,0,0,0,1,1,0,0,0,0,0,0,0,0,1,5,0,1,0,0,0,1,3,
6,2832,טמרה,8900,7,18,0,705,575,3,572,1,0,566,0,0,0,0,0,0,0,0,0,0,0,0,0,1,0,1,0,0,0,1,0,0,0,0,0,0,2,
6,2833,טמרה,8900,8,20,0,726,595,1,594,5,0,562,0,0,0,0,0,0,0,0,0,0,0,0,0,8,0,0,0,0,0,3,0,0,1,0,0,0,15,
6,2834,טמרה,8900,9,12,0,706,578,2,576,5,1,554,0,0,0,0,0,0,0,0,0,0,0,0,0,3,0,0,0,0,0,2,0,0,0,0,0,0,11,
6,2835,טמרה,8900,10,5,0,774,633,1,632,19,0,585,0,0,0,0,0,0,0,0,0,0,0,0,0,2,0,0,0,0,0,2,0,1,0,0,0,0,23,
6,2836,טמרה,8900,11,11,0,756,596,2,594,0,2,557,0,0,0,0,0,0,1,0,0,0,0,0,0,16,0,0,0,0,1,3,0,0,0,0,0,0,14,
6,2837,טמרה,8900,12,19,0,741,622,1,621,3,0,616,0,0,0,0,0,0,0,0,0,0,0,0,0,1,0,0,0,0,0,0,0,0,1,0,0,0,0,
6,2838,טמרה,8900,13,19,0,752,576,1,575,1,0,568,0,0,0,1,0,0,1,1,0,0,0,0,0,1,0,0,0,0,0,1,0,0,0,0,0,0,1,
6,2839,טמרה,8900,14,20,0,746,585,1,584,0,0,582,0,0,0,0,0,0,0,0,0,0,0,0,0,1,0,0,0,0,1,0,0,0,0,0,0,0,0,
6,2841,טמרה,8900,16,22,0,751,620,0,620,1,0,618,0,0,0,0,0,0,0,0,0,0,0,0,0,0,0,0,0,0,0,1,0,0,0,0,0,0,0,
6,2842,טמרה,8900,17,22,0,766,621,3,618,0,0,615,0,0,0,0,0,0,0,0,0,0,0,0,0,0,0,0,0,1,0,0,0,0,0,0,0,0,2,
6,2843,טמרה,8900,18,5,0,771,606,1,605,1,0,597,0,0,0,0,0,0,1,0,0,0,0,0,0,2,0,0,0,0,0,2,0,0,0,0,0,0,2,
6,2844,טמרה,8900,19,15,0,738,516,1,515,1,0,512,0,0,0,0,0,0,1,0,0,0,0,0,0,0,0,0,0,0,0,1,0,0,0,0,0,0,0,
6,2845,טמרה,8900,20,15,0,767,611,4,607,2,0,597,0,1,0,0,0,0,0,0,0,0,0,0,0,1,0,0,0,0,0,4,0,0,1,0,0,0,1,
6,2846,טמרה,8900,21,18,0,772,605,1,604,2,1,595,0,0,0,0,0,0,1,0,0,0,0,0,0,0,1,0,0,0,0,0,0,0,0,1,0,0,3,
6,2847,טמרה,8900,22,11,0,756,564,0,564,0,0,549,0,0,0,0,0,0,3,0,0,0,0,0,0,0,0,0,0,0,0,3,0,0,0,0,0,1,8,
6,2848,טמרה,8900,23,19,0,704,556,1,555,1,1,549,0,0,0,0,0,0,1,0,0,0,0,0,0,2,0,0,0,0,0,1,0,0,0,0,0,0,0,
6,2849,טמרה,8900,24,21,0,763,624,1,623,3,0,609,0,0,0,0,0,0,1,0,0,0,0,0,0,9,0,0,0,0,0,1,0,0,0,0,0,0,0,
6,2850,טמרה,8900,25,14,0,748,614,0,614,0,1,609,0,0,0,0,0,0,0,0,0,0,0,0,0,1,0,0,0,0,0,0,0,0,0,0,0,0,3,
6,2851,טמרה,8900,26,11,0,746,632,0,632,1,0,621,0,0,0,0,0,0,2,0,0,0,0,0,0,4,0,0,0,0,0,1,0,0,0,0,0,1,2,
6,2852,טמרה,8900,27,5,0,728,602,0,602,0,0,592,0,0,0,1,0,0,0,0,0,0,0,0,0,2,0,0,1,0,0,1,0,0,0,1,0,0,4,
6,2853,טמרה,8900,28,5,0,679,536,1,535,1,0,531,0,0,0,0,0,0,0,0,0,0,0,0,0,1,0,0,0,0,0,1,0,0,0,0,0,0,1,
6,2854,טמרה,8900,29,21,0,695,562,2,560,1,0,555,0,0,0,0,0,0,0,0,0,0,0,0,0,1,0,0,0,0,0,0,0,0,0,0,1,0,2,
6,2855,טמרה,8900,30,22,0,709,568,2,566,1,0,561,0,0,0,1,0,0,0,0,0,0,0,0,0,0,0,0,0,0,0,2,0,0,0,0,0,0,1,
6,2856,טמרה,8900,31,4,0,722,568,1,567,1,0,556,0,0,0,0,0,1,1,0,0,0,0,0,0,3,0,0,0,0,1,1,0,0,0,0,0,0,3,
18,10079,טנא,3743,1,1,0,512,386,2,384,12,10,0,0,0,0,144,0,0,0,0,0,0,0,0,16,111,2,0,0,8,0,71,0,0,0,0,0,0,10,
17,9159,יד מרדכי,358,1,1,0,678,476,1,475,151,2,3,2,0,0,5,1,0,0,0,0,0,0,0,9,29,0,0,0,0,0,272,0,0,0,0,0,0,1,
17,9161,יכיני,811,1,1,0,473,383,0,383,17,1,0,0,0,0,22,0,0,0,0,0,0,0,0,2,269,0,0,0,5,0,29,0,0,0,0,0,0,38,
17,9162,ינון,2011,1,1,0,443,342,2,340,8,10,61,0,0,0,7,0,0,0,0,0,0,0,0,1,177,0,0,0,9,0,37,0,0,0,0,0,0,30,
17,9163,ינון,2011,2,1,0,461,374,2,372,12,3,0,0,0,0,17,0,0,0,0,0,0,0,0,3,245,0,0,0,1,0,72,0,1,1,0,0,0,17,
18,9280,ירוחם,831,1,2,0,666,499,13,486,2,201,3,0,0,0,55,0,0,0,0,0,0,0,0,8,67,0,0,0,1,0,2,0,0,0,0,0,0,147,
18,9281,ירוחם,831,2,2,0,724,474,3,471,12,40,13,0,0,0,13,0,0,0,0,0,0,0,0,26,237,0,0,0,1,0,41,0,0,0,0,0,0,88,
18,9282,ירוחם,831,3,5,0,732,495,1,494,5,21,4,1,0,0,44,0,0,0,0,0,0,0,0,46,249,0,0,0,3,0,52,0,0,0,0,0,0,69,
18,9283,ירוחם,831,4,3,0,512,302,7,295,7,13,2,0,0,0,11,0,0,0,0,0,0,0,1,39,143,0,0,0,1,0,38,0,0,0,0,0,0,40,
18,9284,ירוחם,831,5,6,0,553,323,6,317,12,5,3,0,0,0,7,0,0,0,0,0,0,0,1,43,182,0,0,0,1,0,32,0,0,0,0,0,0,31,
18,9285,ירוחם,831,6,7,0,656,493,3,490,19,7,28,0,1,0,73,0,0,0,0,0,0,0,1,7,246,0,0,1,1,0,49,0,0,0,0,0,0,57,
18,9286,ירוחם,831,7,1,0,540,312,8,304,6,10,10,2,0,0,4,0,0,0,0,1,0,0,0,50,163,0,0,0,2,1,22,0,0,0,0,0,0,33,
18,9287,ירוחם,831,8,8,0,518,381,1,380,18,2,1,0,0,0,37,0,0,0,0,0,0,0,0,7,212,0,0,0,1,0,71,0,0,0,0,0,0,31,
18,9288,ירוחם,831,9,4,0,696,479,4,475,27,3,5,0,0,0,63,0,0,0,0,0,0,0,0,3,262,0,0,0,0,0,70,0,0,0,0,0,0,42,
18,9289,ירוחם,831,10,1,0,579,313,4,309,8,5,2,2,0,0,7,0,0,0,0,0,0,0,0,35,179,1,0,0,0,0,29,0,1,0,0,0,0,40,
18,9290,ירוחם,831,11,9,0,616,423,2,421,10,4,15,0,0,0,36,0,0,0,0,0,0,0,0,33,226,1,0,0,0,0,60,0,0,0,0,0,0,36,
18,9291,ירוחם,831,12,11,0,643,499,0,499,31,0,2,0,0,0,177,0,0,0,0,0,0,0,0,7,184,0,0,0,1,0,66,0,0,0,0,0,0,31,
6,2378,ירכא,502,1,3,0,751,414,6,408,8,0,62,0,0,0,0,0,0,0,0,0,0,0,0,73,88,0,0,0,0,0,168,0,0,0,0,0,1,8,
6,2379,ירכא,502,2,3,0,678,402,6,396,7,0,57,0,0,0,0,0,0,0,1,0,0,0,0,82,96,0,0,0,1,1,146,0,0,0,0,0,0,5,
6,2380,ירכא,502,3,4,0,769,456,8,448,14,0,79,0,0,0,3,1,0,0,0,1,0,0,0,73,111,1,0,0,0,1,153,0,0,0,0,1,3,7,
6,2381,ירכא,502,4,7,0,775,399,10,389,8,0,48,0,0,0,5,0,0,0,0,0,0,0,1,55,131,1,0,0,1,0,131,0,0,0,0,0,0,8,
6,2382,ירכא,502,5,4,0,772,443,11,432,4,0,59,0,0,0,2,0,0,0,0,0,0,1,0,127,63,0,0,0,0,1,163,0,0,1,0,0,0,11,
6,2383,ירכא,502,6,1,0,686,458,6,452,17,0,83,0,0,0,0,0,0,0,0,0,0,0,0,67,147,0,0,0,0,1,120,0,0,0,0,0,0,17,
6,2384,ירכא,502,7,1,0,681,388,5,383,8,0,55,0,0,0,1,0,0,0,0,2,0,0,0,85,92,0,0,0,0,0,132,0,0,0,0,0,1,7,
6,2385,ירכא,502,8,6,0,630,356,11,345,9,0,59,0,0,0,0,0,0,0,0,0,0,0,0,68,72,0,0,0,0,0,124,0,0,1,0,0,0,12,
6,2386,ירכא,502,9,6,0,737,506,11,495,29,0,36,0,0,0,3,0,0,0,0,0,0,0,0,13,310,0,0,0,0,0,86,0,0,0,0,0,0,18,
6,2387,ירכא,502,10,3,0,740,441,9,432,19,0,29,0,0,0,2,0,0,0,0,0,0,0,0,24,221,1,0,0,0,1,123,0,0,0,0,0,1,11,
6,2388,ירכא,502,11,5,0,648,396,6,390,11,0,73,0,0,0,1,0,0,1,0,0,0,0,1,55,103,0,0,0,0,0,134,0,0,0,0,0,0,11,
6,2389,ירכא,502,12,7,0,749,490,10,480,38,0,80,0,0,0,0,0,0,0,0,0,0,0,1,15,109,0,0,0,0,0,103,0,0,0,0,1,0,133,
6,2390,ירכא,502,13,1,0,693,437,4,433,13,0,146,0,0,0,1,0,0,0,1,0,0,0,1,39,56,0,0,0,0,0,152,0,0,0,0,0,1,23,
6,2391,ירכא,502,14,5,0,742,461,6,455,11,0,79,0,1,0,0,0,1,0,0,0,0,0,0,79,98,0,0,0,0,0,161,1,1,0,0,1,1,21,
6,2392,ירכא,502,15,7,0,668,397,10,387,9,0,52,0,0,0,1,0,0,0,0,0,0,1,0,49,163,0,0,0,0,1,97,0,0,1,0,0,0,13,
12,5703,ישרש,828,1,3,0,727,520,0,520,23,0,0,1,0,0,19,0,0,0,0,1,0,0,0,3,279,1,0,0,1,0,150,0,0,0,0,0,0,42,
6,2857,כאבול,504,1,3,0,694,559,1,558,1,0,551,0,0,0,0,1,0,1,0,1,0,0,0,0,0,0,0,0,0,0,3,0,0,0,0,0,0,0,
6,2858,כאבול,504,2,1,0,743,593,2,591,0,0,582,0,1,0,0,0,0,2,0,0,0,0,0,0,2,1,0,0,0,3,0,0,0,0,0,0,0,0,
6,2859,כאבול,504,3,5,0,678,572,0,572,0,0,572,0,0,0,0,0,0,0,0,0,0,0,0,0,0,0,0,0,0,0,0,0,0,0,0,0,0,0,
6,2860,כאבול,504,4,5,0,710,648,0,648,1,0,645,0,0,0,0,0,0,1,0,0,0,0,0,0,1,0,0,0,0,0,0,0,0,0,0,0,0,0,
6,2861,כאבול,504,5,3,0,734,618,4,614,0,0,609,0,0,0,0,1,0,1,0,0,0,0,0,0,1,0,0,0,0,0,1,0,0,0,1,0,0,0,
6,2862,כאבול,504,6,3,0,743,638,0,638,5,0,625,0,0,0,0,0,0,1,0,0,0,0,0,0,6,0,1,0,0,0,0,0,0,0,0,0,0,0,
6,2863,כאבול,504,7,1,0,733,597,3,594,2,0,586,0,0,0,0,0,0,2,0,0,0,0,0,0,0,0,0,0,1,1,0,0,0,0,0,0,0,2,
6,2864,כאבול,504,8,1,0,757,611,4,607,1,1,602,0,0,0,0,0,0,0,0,0,0,0,0,0,0,0,0,0,0,0,2,0,0,0,1,0,0,0,
6,2865,כאבול,504,9,2,0,783,628,2,626,0,3,619,0,0,0,0,0,0,0,0,0,0,0,0,0,1,0,0,0,0,0,0,0,0,0,0,1,0,2,
6,2866,כאבול,504,10,2,0,775,622,0,622,0,0,617,0,0,0,0,0,0,0,0,1,0,0,0,0,1,0,0,0,1,0,1,0,0,0,0,0,0,1,
6,2867,כאבול,504,11,2,0,723,574,1,573,0,1,569,0,0,0,0,0,0,2,0,0,0,0,0,0,0,0,0,0,0,0,0,0,0,0,0,0,0,1,
2,711,כוכב יעקב,3779,1,4,0,576,473,1,472,0,125,1,0,0,0,5,0,0,0,0,0,0,0,0,0,28,0,0,0,4,0,1,0,0,0,0,0,0,308,
2,712,כוכב יעקב,3779,2,1,0,688,541,2,539,3,61,0,0,0,0,159,0,0,0,0,0,0,0,0,2,228,0,0,0,18,0,2,0,0,0,0,0,0,66,
2,713,כוכב יעקב,3779,3,1,0,640,495,2,493,0,38,0,0,0,0,152,0,0,0,0,0,0,0,0,2,173,0,0,0,22,1,4,0,0,0,0,0,0,101,
2,714,כוכב יעקב,3779,4,4,0,590,478,1,477,0,118,0,0,0,0,29,0,0,0,0,0,0,0,0,0,46,0,0,0,11,0,0,0,0,0,0,0,0,273,
2,715,כוכב יעקב,3779,5,4,0,582,509,5,504,0,228,0,0,0,0,4,0,0,0,0,0,0,0,0,0,15,0,0,0,3,0,1,0,0,0,0,0,0,253,
2,716,כוכב יעקב,3779,6,1,0,684,549,2,547,0,60,0,1,0,0,148,0,0,0,0,0,1,0,0,0,215,0,0,0,27,0,5,0,0,0,0,0,0,90,
2,717,כוכב יעקב,3779,7,4,0,565,487,3,484,0,101,0,0,0,0,6,0,0,0,0,0,0,0,0,0,14,0,0,0,2,0,2,0,0,0,0,0,0,359,
3,1217,כחל,1210,1,1,0,352,256,0,256,41,0,3,0,0,0,5,0,0,0,0,0,0,0,0,4,32,0,0,0,0,0,166,0,0,0,0,0,0,5,
13,6152,כפר בילו,177,1.1,1,0,436,339,0,339,29,6,2,0,0,0,9,0,0,0,0,0,0,0,0,8,55,0,0,0,0,0,226,0,0,0,0,0,0,4,
13,6153,כפר בילו,177,1.2,1,0,436,351,0,351,65,2,0,1,0,0,3,0,0,0,0,0,0,0,0,4,43,0,0,0,0,0,227,0,0,0,0,0,0,6,
5,1936,כפר ברוך,132,1,1,1,370,287,0,287,33,3,0,0,0,0,4,0,0,0,0,0,0,0,0,6,75,0,0,0,0,0,164,0,0,0,0,0,0,2,
13,6565,כפר הנגיד,582,1,1,0,364,279,1,278,22,0,0,0,0,0,5,0,0,0,0,0,0,0,0,5,58,0,0,0,0,0,185,0,0,0,0,0,0,3,
13,6566,כפר הנגיד,582,2,1,0,415,320,0,320,27,2,1,0,0,0,12,0,0,0,0,0,0,0,0,12,68,1,0,0,3,0,192,0,0,0,0,0,0,2,
3,1218,כפר הנשיא,443,1,1,0,712,373,2,371,88,0,7,3,0,0,6,0,0,0,0,0,0,0,0,5,28,0,0,0,0,0,232,0,0,0,0,0,0,2,
10,4649,כפר הס,187,1,2,0,540,398,0,398,67,0,4,0,0,0,3,0,0,0,0,0,0,0,0,10,29,0,0,0,0,0,284,0,0,0,0,1,0,0,
10,4650,כפר הס,187,2,2,0,512,403,0,403,80,0,6,0,0,0,5,0,0,0,0,0,0,0,0,0,31,1,0,0,1,0,279,0,0,0,0,0,0,0,
4,1409,כפר חיטים,255,1,1,0,508,344,0,344,24,0,0,1,0,0,11,0,0,0,0,0,0,0,0,6,144,0,0,0,1,0,151,0,0,0,0,0,0,6,
10,4551,כפר יונה,168,1,2,0,511,328,8,320,6,3,1,0,0,0,19,0,0,0,0,0,0,0,0,3,191,0,0,0,0,0,51,0,0,0,0,0,0,46,
10,4552,כפר יונה,168,2,3,0,526,401,3,398,24,0,1,0,0,0,13,0,0,0,0,0,0,0,0,12,153,0,0,0,2,0,180,0,0,0,0,0,0,13,
10,4553,כפר יונה,168,3,7,0,504,305,1,304,18,0,2,1,0,0,15,0,0,0,0,0,0,0,0,5,153,1,0,0,3,0,93,0,0,0,0,0,0,13,
10,4554,כפר יונה,168,4,9,0,538,367,4,363,11,13,0,0,0,0,12,0,0,0,0,0,0,0,0,26,174,1,0,0,1,0,74,0,0,1,0,0,0,50,
10,4555,כפר יונה,168,5,8,0,765,595,2,593,33,3,3,3,0,0,21,0,0,0,0,0,0,1,0,24,167,1,0,0,1,0,326,0,0,0,0,0,0,10,
10,4556,כפר יונה,168,6,19,0,621,489,0,489,19,6,0,0,0,0,22,0,0,0,0,0,0,0,0,17,193,1,0,0,2,0,201,0,0,0,1,0,0,27,
10,4557,כפר יונה,168,7,15,0,674,507,3,504,15,6,0,2,0,0,27,0,0,0,0,0,0,0,0,18,227,0,0,0,1,0,195,0,0,0,0,0,0,13,
10,4558,כפר יונה,168,8,14,0,559,371,6,365,12,10,0,0,0,0,12,0,0,0,0,0,0,0,0,11,221,0,1,0,2,0,61,0,0,0,0,2,0,33,
10,4559,כפר יונה,168,9,11,0,765,570,3,567,21,3,0,1,0,0,24,0,0,0,0,0,1,0,0,13,227,0,0,0,1,0,252,0,0,0,0,0,0,24,
10,4560,כפר יונה,168,10,12,0,526,375,1,374,23,8,1,1,0,0,4,0,0,0,0,0,0,0,0,5,152,0,0,0,0,0,149,0,0,0,0,0,0,31,
10,4561,כפר יונה,168,11,3,0,577,426,0,426,17,14,1,0,0,0,17,0,0,0,0,0,0,0,0,34,190,1,0,0,1,0,115,1,0,1,0,0,0,34,
10,4562,כפר יונה,168,12,6,0,589,433,0,433,26,6,0,1,0,0,19,0,0,0,0,0,0,0,0,13,179,0,0,0,1,0,166,0,0,0,0,0,0,22,
10,4563,כפר יונה,168,13,4,0,602,460,2,458,25,7,0,0,0,0,26,0,0,0,0,0,0,0,0,10,242,0,0,0,1,0,121,0,0,0,0,0,0,26,
10,4564,כפר יונה,168,14,7,0,601,437,4,433,23,7,0,2,0,0,12,0,0,0,0,0,0,0,0,13,195,0,0,0,2,0,117,0,0,0,0,0,0,62,
10,4565,כפר יונה,168,15,6,0,606,432,2,430,21,3,1,1,0,0,17,0,0,0,0,0,0,0,0,10,154,1,0,0,0,0,202,0,0,0,0,0,0,20,
10,4566,כפר יונה,168,16,13,0,573,349,1,348,24,4,0,1,0,0,9,0,0,0,0,0,0,0,0,8,148,0,0,0,1,0,119,1,0,0,0,0,0,33,
10,4567,כפר יונה,168,17,19,0,692,527,2,525,32,7,0,0,0,0,19,0,0,0,0,0,0,0,0,28,158,0,0,0,1,0,268,0,0,0,0,0,0,12,
10,4568,כפר יונה,168,18,6,0,494,377,2,375,31,5,1,0,0,0,15,0,0,0,0,0,0,0,0,19,102,0,0,0,1,0,194,0,0,0,0,0,0,7,
10,4569,כפר יונה,168,19,18,0,640,431,2,429,20,2,0,0,0,0,25,1,0,0,0,0,0,0,0,7,185,0,0,0,1,0,163,0,0,0,0,0,0,25,
10,4570,כפר יונה,168,20,3,0,690,468,3,465,19,17,0,0,0,0,8,0,0,0,0,0,0,0,0,61,189,0,0,0,1,0,140,0,0,0,0,0,0,30,
10,4571,כפר יונה,168,21,19,0,677,516,2,514,28,4,0,0,0,0,24,0,0,0,0,0,0,0,0,27,164,1,0,0,5,0,253,0,0,0,0,0,0,8,
10,4572,כפר יונה,168,22,20,0,736,583,1,582,27,3,1,0,0,0,19,0,0,0,0,0,0,0,1,38,202,2,0,0,1,0,274,1,0,0,0,0,0,13,
10,4573,כפר יונה,168,23,20,0,727,585,1,584,31,1,0,0,0,0,30,0,0,0,0,0,0,0,0,24,215,0,0,0,3,0,264,0,0,0,0,0,0,16,
10,4574,כפר יונה,168,24,6,0,671,519,2,517,29,1,3,1,0,0,16,0,0,0,0,0,0,0,0,16,212,1,0,0,1,0,216,0,0,0,0,1,0,20,
10,4575,כפר יונה,168,25,21,0,541,434,3,431,18,1,0,0,0,0,14,0,0,0,0,0,0,0,0,17,142,0,0,0,1,0,228,0,0,0,0,0,0,10,
10,4576,כפר יונה,168,26,19,0,585,446,1,445,31,0,0,0,0,0,11,1,0,0,0,0,0,0,0,26,142,0,0,0,2,0,216,0,0,0,0,0,0,16,
10,4577,כפר יונה,168,27,21,0,503,415,3,412,22,2,2,0,0,0,16,0,0,0,0,0,0,0,0,27,143,0,0,0,0,0,191,0,0,0,0,0,0,9,
5,1599,כפר יחזקאל,85,1,2,0,727,595,2,593,72,3,3,3,0,0,12,0,0,0,0,0,0,0,0,15,66,1,0,0,1,0,413,1,0,0,0,0,0,3,
17,9172,כפר עזה,845,1,1,0,727,532,0,532,116,0,5,1,0,0,18,0,0,0,0,0,0,0,0,10,36,0,0,0,2,0,343,0,0,0,0,0,0,1,
18,10083,להבים,1271,1,1,0,703,533,0,533,65,0,8,0,0,0,22,0,0,0,0,0,0,0,0,16,129,0,0,0,2,0,286,1,0,0,0,0,0,4,
18,10084,להבים,1271,2,2,0,609,462,1,461,69,1,10,0,0,0,17,0,0,0,0,0,0,0,0,13,73,0,0,0,0,0,275,0,0,0,0,0,0,3,
18,10085,להבים,1271,3,1,0,509,379,0,379,41,4,9,0,0,0,7,0,0,0,0,0,0,0,0,9,89,0,0,0,1,0,215,0,0,0,0,0,0,4,
18,10086,להבים,1271,4,2,0,533,405,2,403,48,0,9,0,0,0,14,0,0,0,0,0,0,0,0,8,108,0,0,0,0,0,213,0,0,0,0,0,0,3,
18,10087,להבים,1271,5,1,0,670,498,0,498,58,1,7,0,0,0,18,0,0,0,0,0,0,0,0,21,149,0,0,0,1,0,242,0,0,0,0,0,0,1,
18,10088,להבים,1271,6,1,0,691,497,0,497,49,3,6,0,0,0,27,0,0,0,0,0,0,0,0,10,145,0,0,0,0,0,251,0,0,0,0,0,1,5,
18,10089,להבים,1271,7,2,0,537,420,1,419,64,1,4,0,0,0,8,0,0,0,0,0,0,0,0,7,90,0,0,0,0,0,244,0,1,0,0,0,0,0,
18,10090,להבים,1271,8,2,0,705,559,2,557,46,0,15,0,0,0,27,0,0,0,0,0,0,0,0,19,199,0,0,0,0,0,244,0,0,0,0,0,0,7,
4,1418,מגדל,65,1,2,0,737,466,1,465,14,19,4,0,0,0,30,0,0,0,0,0,0,0,0,10,226,0,0,0,8,0,63,0,0,0,0,0,0,91,
4,1419,מגדל,65,2,2,0,667,470,1,469,14,12,3,0,0,0,15,0,0,0,0,0,0,0,0,15,296,0,0,0,0,0,47,0,0,0,0,0,0,67,
5,2054,מדרך עוז,2029,1,1,0,561,412,1,411,15,10,0,0,0,0,17,0,0,0,0,0,0,0,0,11,227,2,0,0,1,0,102,0,0,0,1,0,0,25,
2,794,מטע,822,1,1,0,545,399,1,398,74,3,7,1,0,0,25,0,0,0,0,0,0,0,0,6,179,0,0,0,0,0,96,0,0,0,0,0,0,7,
13,6569,מישר,731,1,1,0,474,382,0,382,40,0,6,2,0,0,4,0,0,0,0,0,0,0,1,10,63,0,0,0,0,0,253,0,0,0,0,0,0,3,
18,10092,מיתר,1268,1,2,0,600,422,1,421,57,1,3,0,0,0,50,0,0,0,0,0,0,0,0,10,127,0,0,0,1,0,164,0,0,0,0,0,0,8,
18,10093,מיתר,1268,2,2,0,658,483,0,483,57,0,9,0,0,0,28,0,1,0,0,0,0,0,0,18,110,0,0,0,0,0,258,0,0,0,0,0,0,2,
18,10094,מיתר,1268,3.1,1,0,627,478,1,477,25,2,18,0,0,0,61,0,0,0,0,0,0,0,0,6,193,0,0,0,8,0,157,0,0,0,0,0,0,7,
18,10095,מיתר,1268,3.2,1,0,627,462,1,461,42,3,0,0,0,0,40,0,0,0,0,0,0,0,0,12,166,0,0,0,1,1,187,0,0,0,0,1,0,8,
18,10096,מיתר,1268,3.3,1,0,627,469,1,468,30,0,6,0,0,0,63,0,0,0,0,0,0,0,0,13,165,0,0,0,4,0,186,0,0,0,0,0,0,1,
18,10097,מיתר,1268,3.4,1,0,627,457,0,457,17,2,1,0,0,0,55,0,0,0,0,0,0,0,0,13,154,0,0,0,3,0,204,0,0,0,0,0,0,8,
18,10098,מיתר,1268,3.5,1,0,627,462,6,456,35,5,4,0,0,0,40,0,0,0,0,0,0,0,0,15,128,0,0,0,2,0,222,0,0,0,0,0,0,5,
18,10099,מיתר,1268,4,2,0,629,452,1,451,62,0,2,0,0,0,33,0,0,0,0,0,0,0,0,23,116,0,0,0,1,0,208,0,0,0,0,0,0,6,
18,10100,מיתר,1268,5,2,0,655,452,2,450,61,2,6,1,0,0,24,0,0,0,0,0,0,0,0,14,116,0,0,0,2,0,222,0,0,0,0,0,0,2,
18,10101,מיתר,1268,6,2,0,725,546,0,546,43,1,1,0,0,0,83,0,0,1,0,0,0,0,0,15,184,1,0,0,0,0,207,0,0,0,0,0,0,10,
18,10102,מיתר,1268,10,3,0,759,637,2,635,28,3,4,0,0,0,80,0,0,0,0,0,0,0,0,21,240,0,0,0,1,0,250,0,0,0,0,0,0,8,
10,4533,מכמורת,382,1,1,0,514,301,1,300,51,0,2,2,0,0,6,0,0,0,0,0,1,0,0,5,22,0,0,0,0,0,209,0,0,0,0,0,0,2,
10,4534,מכמורת,382,2,1,0,531,393,3,390,78,0,4,0,0,0,5,0,0,0,0,0,0,0,0,8,29,1,0,0,0,0,264,0,0,0,0,0,0,1,
17,9178,מנוחה,2030,1,1,0,427,342,0,342,5,3,0,0,0,0,22,0,0,0,0,0,0,0,0,0,233,0,0,0,7,0,29,0,0,0,0,0,0,43,
4,1420,מסד,1258,1,1,0,370,266,0,266,73,2,0,1,0,0,11,0,0,0,0,0,0,0,0,3,30,0,0,0,4,0,141,0,0,1,0,0,0,0,
9,3768,מעגן מיכאל,694,1,1,0,632,381,0,381,128,0,3,0,0,0,3,0,0,0,0,0,0,0,0,4,12,1,0,0,0,0,226,1,0,0,0,0,0,3,
9,3769,מעגן מיכאל,694,2,1,0,534,373,1,372,111,0,2,1,0,0,4,0,0,0,0,0,0,0,0,6,8,1,0,0,3,0,236,0,0,0,0,0,0,0,
9,3770,מעגן מיכאל,694,3,1,0,536,362,0,362,124,0,4,1,0,0,8,0,0,0,0,0,0,0,0,14,14,0,0,0,0,0,196,0,0,0,0,0,0,1,
4,1444,מעלה גמלא,4008,1,1,0,398,295,2,293,38,0,1,1,0,0,13,0,0,0,0,0,0,0,0,6,39,0,0,0,0,0,192,0,2,0,0,0,0,1,
9,3867,מענית,344,1,1,0,552,447,0,447,160,0,12,0,0,0,4,0,0,0,0,0,0,0,0,6,29,0,0,0,1,0,234,1,0,0,0,0,0,0,
5,1609,מרחביה מושב,97,1,1,0,572,434,0,434,42,6,4,1,0,0,11,0,0,0,0,0,0,0,0,12,91,0,0,0,0,0,260,1,0,0,0,0,0,6,
12,5723,משמר דוד,563,1,2,0,516,440,1,439,59,0,4,1,0,0,12,0,0,0,0,0,0,0,0,25,69,0,0,0,1,0,267,0,0,0,0,0,0,1,
12,5801,מתתיהו,3648,1,1,0,492,363,3,360,1,305,0,0,0,0,9,0,0,0,0,0,0,0,0,0,21,0,0,0,1,0,0,1,0,0,0,0,0,22,
10,4579,נורדיה,447,1,2,0,477,377,3,374,31,2,0,0,0,0,11,0,0,0,0,0,0,0,0,8,84,0,0,0,0,0,231,1,0,0,0,0,0,6,
10,4580,נורדיה,447,2,1,0,514,360,1,359,14,3,0,0,0,0,16,0,1,0,0,0,0,0,0,14,106,1,0,0,1,0,195,0,0,0,0,0,0,8,
10,4581,נורדיה,447,3,3,0,559,446,4,442,54,0,1,0,0,0,12,0,0,0,0,0,0,0,2,5,65,0,0,0,2,0,301,0,0,0,0,0,0,0,
17,9191,נחלה,2045,1,1,0,474,389,4,385,13,9,2,0,0,0,30,0,0,0,0,0,0,0,0,4,181,0,0,0,1,0,78,0,0,0,0,0,0,67,
11,5230,נחשונים,705,1,2,0,352,246,1,245,89,0,0,2,0,0,1,0,0,0,0,0,0,0,0,5,16,1,0,0,0,0,129,1,0,0,0,0,0,1,
12,5804,נעלה,3787,1.1,1,0,607,472,2,470,21,5,1,1,0,0,39,0,0,0,0,0,0,0,0,33,215,3,0,0,3,0,141,0,0,0,0,0,1,7,
12,5805,נעלה,3787,1.2,1,0,607,458,1,457,12,3,0,0,0,0,47,0,0,0,0,0,0,0,0,28,227,1,0,0,3,0,132,0,0,0,0,0,0,4,
18,9448,סעד,419,1,1,0,623,456,6,450,33,3,1,0,0,0,216,0,0,0,0,0,0,0,0,0,80,0,0,0,3,0,106,0,0,0,0,0,0,8,
17,9204,עוזה,826,1,1,0,366,289,1,288,0,11,0,0,0,0,28,0,0,0,0,0,0,0,0,0,146,0,0,0,0,0,10,0,0,0,0,0,0,93,
2,721,עופרה,3617,1,4,0,565,421,1,420,3,6,0,0,0,0,267,0,0,0,0,0,0,0,1,0,126,0,0,0,7,0,7,0,0,0,0,0,0,3,
2,722,עופרה,3617,2,6,0,738,559,0,559,0,10,0,0,0,0,364,1,0,0,0,0,0,0,0,3,158,0,0,0,8,0,8,0,1,0,0,0,0,6,
2,723,עופרה,3617,3,5,0,589,448,1,447,3,12,0,2,0,0,281,0,0,0,0,0,0,0,0,0,131,0,0,0,9,0,4,0,0,0,0,0,1,4,
17,9206,עזר,1149,1,1,0,626,483,0,483,38,1,0,1,0,0,14,0,0,0,0,0,0,0,0,9,175,1,0,0,3,0,210,0,0,0,0,0,0,31,
12,5735,עזריה,711,1,1,0,777,644,4,640,14,5,0,0,0,0,22,0,0,0,0,0,0,0,0,8,436,1,0,0,1,0,96,0,0,0,0,0,0,57,
17,9207,עזריקם,817,1,1,0,436,330,2,328,9,0,0,0,0,0,11,0,0,0,0,0,0,0,1,4,225,0,0,0,3,0,57,0,0,0,0,0,0,18,
17,9208,עזריקם,817,2,1,0,513,416,0,416,13,2,0,0,0,0,9,0,0,0,0,0,0,0,0,7,274,0,0,0,0,0,65,0,0,0,0,0,0,46,
4,1480,עיילבון,530,1,1,0,693,449,2,447,13,0,356,0,0,0,0,0,0,0,0,1,0,0,1,4,14,0,0,0,0,1,54,0,0,0,0,0,0,3,
4,1481,עיילבון,530,2,1,0,707,489,1,488,24,1,403,0,0,0,0,0,0,0,0,0,0,0,0,13,14,0,0,0,0,0,30,0,1,0,0,0,0,2,
4,1482,עיילבון,530,3,2,0,694,526,2,524,14,0,458,0,0,0,0,0,0,1,0,0,0,0,0,16,16,0,0,0,0,1,10,0,0,1,0,0,0,7,
4,1483,עיילבון,530,4,2,0,718,513,1,512,32,0,366,0,0,0,0,0,0,0,0,0,0,0,1,14,37,0,0,0,0,0,60,0,0,1,0,0,0,1,
4,1484,עיילבון,530,5,3,0,636,448,0,448,66,1,335,0,0,0,0,0,0,0,0,0,0,0,0,3,6,0,0,0,0,0,31,0,0,0,0,0,0,6,
4,1485,עיילבון,530,6,3,0,710,497,4,493,56,1,363,0,0,0,0,0,0,0,0,0,0,0,0,9,20,1,0,0,0,0,34,0,0,1,0,0,1,7,
18,9317,עין גדי,2042,1,1,0,482,316,3,313,87,0,5,3,0,0,6,0,0,0,0,0,0,0,0,4,33,0,0,0,0,0,173,0,0,0,0,0,0,2,
5,2057,עין העמק,367,1,1,0,590,473,2,471,25,2,0,0,0,0,7,0,0,0,0,0,0,0,0,2,324,0,0,0,4,0,85,0,0,0,0,0,0,22,
5,1678,עין חרוד מאוחד,82,1,1,0,684,496,0,496,125,4,0,0,0,0,16,0,0,0,0,0,0,0,0,11,35,1,0,0,3,0,300,0,0,1,0,0,0,0,
9,3780,עתלית,53,1,2,0,740,509,1,508,30,8,8,0,0,0,24,0,0,0,0,0,0,0,0,18,177,0,0,0,1,0,221,0,0,0,0,0,0,21,
9,3781,עתלית,53,2,3,0,654,420,1,419,15,5,1,0,0,0,24,0,0,0,0,0,0,0,0,15,240,0,0,0,1,0,73,0,0,0,0,0,0,45,
9,3782,עתלית,53,3,4,0,716,525,4,521,23,13,1,0,0,0,20,0,0,1,0,0,0,0,0,13,244,0,0,0,6,0,170,0,0,0,0,0,1,29,
9,3783,עתלית,53,4,2,0,746,530,0,530,45,2,12,0,0,0,19,0,0,0,0,0,0,0,0,15,178,0,0,0,0,0,254,0,0,0,0,0,0,5,
9,3784,עתלית,53,5,2,0,717,473,1,472,32,4,1,0,0,0,15,0,0,0,0,0,0,0,0,8,190,0,0,0,2,0,197,0,0,0,0,0,0,23,
9,3785,עתלית,53,6,2,0,705,579,1,578,56,0,3,0,0,0,20,0,0,0,0,0,0,0,0,15,147,0,0,0,1,0,329,0,0,0,0,0,0,7,
9,3786,עתלית,53,7,3,0,588,398,3,395,20,3,0,1,0,0,14,0,1,0,0,0,0,0,0,13,197,0,0,0,1,0,94,0,0,0,0,0,0,51,
9,3787,עתלית,53,8,2,0,513,382,0,382,20,2,1,0,0,0,12,0,0,0,0,0,0,0,0,12,129,1,0,0,1,0,199,0,0,0,0,0,0,5,
9,3788,עתלית,53,9,2,0,542,441,0,441,40,2,1,2,0,0,28,0,0,0,0,0,0,0,0,21,130,0,0,0,2,0,206,0,0,0,0,0,0,9,
4,1393,פוריה עילית,1313,1,1,0,398,255,4,251,18,1,5,0,0,0,14,0,0,0,0,2,0,0,0,11,113,0,0,0,1,0,81,0,0,0,0,0,0,5,
4,1394,פוריה עילית,1313,2,1,0,472,320,0,320,15,5,9,2,0,0,7,0,0,0,0,0,0,0,0,12,185,0,0,0,3,0,68,0,0,0,0,0,0,14,
10,4590,צור משה,276,1,4,0,692,535,1,534,71,2,1,3,0,0,16,0,0,0,2,0,0,0,0,8,78,0,0,0,2,0,351,0,0,0,0,0,0,0,
10,4591,צור משה,276,2,2,0,572,428,0,428,47,1,2,0,0,0,17,0,0,0,0,0,0,0,0,15,51,0,0,0,0,0,294,0,0,0,0,0,0,1,
10,4592,צור משה,276,3,4,0,592,471,1,470,53,3,2,0,0,0,14,0,0,0,0,0,1,0,0,8,61,1,0,0,0,0,324,0,0,0,0,0,0,3,
12,5738,צפריה,594,1,1,0,510,412,3,409,4,7,0,0,0,0,195,0,0,0,0,0,0,0,0,2,127,0,0,0,11,0,30,0,0,0,0,0,0,33,
18,9990,קבועה שבט,1234,1,1,0,754,430,3,427,0,0,406,0,0,0,1,0,0,2,1,0,1,0,0,0,1,0,1,0,2,0,4,0,0,1,0,1,3,3,
3,1297,קדמת צבי,4025,1,3,0,392,283,1,282,36,0,0,0,0,0,15,0,0,0,0,0,0,0,0,12,61,1,0,0,0,0,156,0,0,0,0,0,0,1,
18,9868,קטורה,1052,1,1,0,438,225,0,225,83,0,10,0,0,0,6,0,0,0,0,0,0,0,0,13,13,0,0,0,1,0,98,0,0,0,0,0,0,1,
18,9994,קצר אסר,1347,1,1,0,632,438,3,435,3,0,420,0,0,0,0,0,0,0,0,1,1,1,0,0,0,0,0,0,0,2,2,0,0,0,0,0,4,1,
18,9995,קצר אסר,1347,2,3,0,612,445,1,444,1,0,429,0,0,0,2,0,0,0,0,0,0,0,0,0,3,0,0,0,0,0,6,0,0,1,1,0,0,1,
3,1247,קרית שמונה,2800,1,5,0,570,343,4,339,6,0,1,0,0,0,7,0,0,0,0,0,0,0,0,49,201,0,0,0,0,0,33,0,0,0,0,0,0,42,
3,1248,קרית שמונה,2800,2,6,0,602,390,1,389,13,6,0,0,1,0,13,0,0,0,0,0,0,0,0,24,216,0,0,0,0,0,62,0,0,0,0,0,0,54,
3,1249,קרית שמונה,2800,3,2,0,623,400,3,397,7,7,1,0,0,0,17,0,0,0,0,0,0,0,0,9,244,0,0,1,3,0,73,0,0,0,0,0,0,35,
3,1250,קרית שמונה,2800,4,2,0,545,341,0,341,10,6,0,0,0,0,67,0,0,0,0,0,0,0,0,8,172,0,0,0,2,0,61,0,0,0,0,0,0,15,
3,1251,קרית שמונה,2800,5,7,0,488,301,3,298,8,2,1,1,0,0,6,0,0,0,0,0,0,0,0,2,202,0,0,1,2,0,55,1,0,0,0,0,0,17,
3,1252,קרית שמונה,2800,6,7,0,537,307,5,302,8,3,0,0,0,0,51,23,0,0,0,0,0,0,0,0,148,0,0,0,2,0,30,0,0,0,0,0,0,37,
3,1253,קרית שמונה,2800,7,5,0,623,424,1,423,21,2,0,0,0,0,13,0,0,0,0,0,0,0,0,19,256,0,0,1,2,0,68,0,0,0,0,0,0,41,
3,1254,קרית שמונה,2800,8,1,0,491,321,2,319,11,2,2,0,0,0,15,0,0,0,0,0,0,0,0,4,222,1,0,0,2,0,32,0,0,0,0,0,0,28,
3,1255,קרית שמונה,2800,9,8,0,679,409,2,407,7,3,0,0,0,0,9,0,0,0,0,0,0,0,0,56,252,1,0,0,2,0,37,1,0,0,0,0,1,38,
3,1256,קרית שמונה,2800,10,1,0,466,284,1,283,7,1,1,0,0,0,13,0,0,0,0,0,0,0,0,27,161,1,0,0,2,0,29,0,0,1,0,0,0,40,
3,1257,קרית שמונה,2800,11,12,0,583,355,3,352,15,8,0,0,0,0,43,0,0,0,0,0,0,0,0,24,187,2,0,0,3,0,46,0,0,0,0,0,0,24,
3,1259,קרית שמונה,2800,13,6,0,566,356,1,355,11,3,0,0,0,0,32,0,0,0,0,0,0,0,0,34,186,0,0,0,0,0,38,0,0,0,0,0,1,50,
3,1260,קרית שמונה,2800,14,16,0,579,366,0,366,11,2,1,0,1,0,13,0,0,0,0,0,0,0,0,18,247,0,0,0,6,0,35,0,0,0,0,0,1,31,
3,1261,קרית שמונה,2800,15,5,0,656,406,4,402,11,2,1,0,0,0,7,0,0,0,0,0,0,0,0,49,250,0,0,0,1,0,23,1,0,0,0,0,0,57,
3,1262,קרית שמונה,2800,16,2,0,549,321,1,320,16,1,4,0,0,0,15,0,0,0,0,0,0,0,0,19,185,0,0,0,0,0,35,0,0,0,0,0,0,45,
3,1263,קרית שמונה,2800,17,2,0,589,358,1,357,16,0,1,0,0,0,19,0,0,0,0,0,0,0,0,18,225,0,1,1,2,1,46,0,0,0,0,0,0,27,
3,1264,קרית שמונה,2800,18,5,0,465,224,4,220,5,4,0,1,0,0,1,0,0,0,0,0,0,0,0,43,116,0,0,0,0,0,23,0,0,0,0,0,0,27,
3,1265,קרית שמונה,2800,19,9,0,646,408,2,406,10,5,0,0,0,0,9,0,0,0,1,0,0,0,0,33,281,0,0,0,1,0,33,0,0,0,0,0,0,33,
3,1266,קרית שמונה,2800,20,8,0,680,412,4,408,16,2,0,0,0,0,12,0,0,0,0,0,0,1,0,60,221,0,0,0,0,0,63,1,0,0,0,0,0,32,
3,1267,קרית שמונה,2800,21,12,0,664,437,2,435,19,4,2,0,0,0,49,0,0,0,0,0,0,1,0,12,246,1,0,1,3,0,49,0,0,0,0,0,0,48,
3,1268,קרית שמונה,2800,22,12,0,555,303,1,302,9,0,0,0,0,0,8,0,0,0,0,0,0,1,0,78,155,0,0,0,1,0,38,0,0,1,0,0,0,11,
3,1269,קרית שמונה,2800,23,12,0,666,374,6,368,19,5,0,0,0,0,21,0,0,0,0,1,0,0,0,65,175,1,0,0,0,0,59,0,1,0,0,0,0,21,
3,1270,קרית שמונה,2800,24,11,0,695,444,2,442,18,1,4,1,0,0,6,0,0,0,0,0,0,0,0,32,290,2,2,0,0,0,51,0,0,0,0,0,0,35,
3,1271,קרית שמונה,2800,25,8,0,637,403,2,401,11,0,3,0,0,0,10,0,0,0,0,0,0,0,0,74,208,0,0,1,0,0,78,0,0,0,0,0,0,16,
3,1272,קרית שמונה,2800,26,11,0,715,438,2,436,12,1,1,0,0,0,9,0,0,0,0,0,1,0,0,77,255,0,0,0,2,0,52,0,0,0,0,0,1,25,
3,1273,קרית שמונה,2800,27,5,0,586,351,2,349,7,4,1,0,0,0,10,0,0,0,0,0,1,0,0,59,204,0,0,0,1,0,25,0,0,0,0,0,0,37,
3,1274,קרית שמונה,2800,28,7,0,637,358,5,353,14,4,3,1,0,0,8,0,0,0,0,0,0,0,0,20,219,0,0,1,1,1,32,0,0,0,0,0,0,49,
3,1275,קרית שמונה,2800,29,12,0,632,359,3,356,9,4,0,0,0,0,4,2,0,0,0,0,0,0,0,93,184,0,0,0,4,0,27,0,1,1,0,0,0,27,
3,1276,קרית שמונה,2800,30,1,0,426,299,1,298,15,3,0,0,0,0,19,0,0,0,0,0,0,0,1,8,164,0,0,0,0,0,57,0,0,0,0,0,0,31,
3,1277,קרית שמונה,2800,31,8,0,560,358,1,357,12,0,4,1,0,0,13,0,0,0,0,0,0,0,0,52,193,0,0,0,1,0,62,0,0,0,0,0,0,19,
5,2120,רומת הייב,997,1,1,0,652,303,2,301,47,0,207,0,0,0,0,0,0,0,0,0,0,0,0,1,4,0,0,0,0,2,31,1,0,0,0,0,1,7,
5,2121,רומת הייב,997,2,2,0,716,348,1,347,101,0,166,0,0,0,0,0,0,0,0,0,0,0,2,0,13,0,0,0,0,1,54,0,0,0,0,0,0,10,
19,10443,רמות השבים,206,1,1,0,650,487,1,486,74,4,4,1,0,0,16,0,0,0,0,0,0,0,0,8,61,0,0,0,1,0,315,0,0,0,0,0,0,2,
19,10444,רמות השבים,206,2,1,0,519,403,0,403,45,3,1,0,0,0,9,0,0,0,0,0,0,0,0,12,33,0,0,0,0,0,299,0,0,0,0,0,0,1,
5,2060,רמות מנשה,445,1,1,0,414,335,0,335,129,1,0,0,0,0,2,0,0,0,0,0,0,0,0,5,9,0,0,0,1,0,188,0,0,0,0,0,0,0,
5,2061,רמות מנשה,445,2,1,0,431,322,1,321,110,0,3,0,0,0,3,0,0,0,0,0,0,0,0,7,20,0,0,0,0,0,178,0,0,0,0,0,0,0,
5,2062,רמת השופט,335,1,1,0,733,520,3,517,154,1,10,0,0,0,4,0,0,0,0,0,0,0,0,13,35,0,0,0,0,0,300,0,0,0,0,0,0,0,
8,3571,רמת יוחנן,178,1,1,0,446,294,0,294,67,1,1,0,0,0,8,0,0,0,0,0,0,0,0,6,19,0,0,0,2,0,190,0,0,0,0,0,0,0,
8,3572,רמת יוחנן,178,2,1,0,393,282,1,281,65,0,2,0,0,0,7,0,0,0,0,0,0,0,0,10,18,1,0,0,0,0,177,1,0,0,0,0,0,0,
4,1450,רמת מגשימים,4701,1,1,0,439,341,0,341,3,8,0,0,0,0,229,0,0,0,0,0,0,0,0,2,76,0,0,0,8,0,12,0,0,0,0,0,0,3,
10,4661,רשפון,247,1,1,0,394,307,4,303,40,0,2,2,0,0,4,0,0,0,0,0,0,0,0,4,40,0,0,0,0,0,209,1,0,0,0,0,0,1,
10,4662,רשפון,247,2,1,0,484,376,1,375,56,0,2,0,0,0,5,0,0,0,0,0,0,0,0,5,52,1,0,0,0,0,252,0,1,0,0,0,0,1,
3,1278,שאר ישוב,324,1,1,0,421,302,0,302,30,0,0,0,0,0,10,0,0,0,0,0,0,0,0,9,88,0,2,0,0,0,158,0,0,0,0,1,0,4,
17,9217,שדה משה,18,1,1,0,395,288,0,288,10,0,0,0,0,0,5,0,0,0,0,0,0,0,0,9,92,1,0,0,0,0,169,0,0,0,0,0,0,2,
17,9218,שדה עוזיהו,739,1,1,0,448,356,1,355,3,1,0,0,0,0,13,0,0,0,0,0,0,0,0,1,255,0,0,0,0,0,29,0,0,0,0,0,0,53,
17,9219,שדה עוזיהו,739,2,1,0,542,442,3,439,6,4,0,0,0,0,19,0,0,0,0,0,0,0,0,4,287,0,0,0,7,0,48,0,0,0,0,0,0,64,
10,4541,שושנת העמקים,224,1,1,0,449,319,2,317,24,2,1,0,0,0,6,0,0,0,0,0,0,0,0,7,126,0,0,0,0,0,109,0,0,0,0,0,0,42,
18,10125,שמעה,3784,1,1,0,442,327,0,327,5,8,1,4,0,0,133,0,0,0,0,0,0,0,0,2,125,0,0,0,15,0,24,0,0,0,0,0,0,10,
6,2333,שמרת,432,1,1,0,438,326,0,326,90,1,3,0,0,0,6,0,0,0,0,0,0,0,0,10,41,1,0,0,0,0,172,0,0,0,0,0,0,2,
10,4663,שפיים,232,1,1,0,517,399,0,399,118,0,5,0,0,0,2,0,0,0,0,0,0,0,0,7,17,0,0,0,1,0,249,0,0,0,0,0,0,0,
10,4664,שפיים,232,2,1,1,473,358,1,357,95,1,4,0,0,0,2,0,0,0,0,0,0,0,1,3,15,0,0,0,0,0,236,0,0,0,0,0,0,0,
18,9461,תדהר,2061,1,1,0,409,302,0,302,24,0,1,0,0,0,20,0,0,0,0,0,0,0,0,5,172,0,0,0,2,0,60,0,0,0,0,0,0,18,
18,9892,אבו תלול,1375,1,1,0,469,272,1,271,0,0,265,0,0,0,1,0,0,0,0,0,0,0,0,0,0,0,0,0,0,1,1,0,0,0,0,0,1,2,
18,9893,אבו תלול,1375,2,1,0,474,304,1,303,0,0,300,0,0,0,0,0,0,0,0,1,0,0,0,0,0,0,0,0,0,0,2,0,0,0,0,0,0,0,
6,2738,אבירים,1220,1,1,0,210,160,1,159,58,0,5,0,0,0,2,0,0,0,0,0,0,0,0,2,7,0,0,0,1,0,82,0,0,0,0,0,0,2,
4,1426,אבני איתן,4011,1,1,0,402,311,0,311,4,5,1,0,0,0,158,0,0,0,0,0,1,0,0,1,92,0,0,0,17,0,23,0,0,0,0,0,0,9,
18,9742,אבשלום,1311,1,1,0,250,158,1,157,3,2,0,0,0,0,1,0,0,0,0,0,0,0,0,74,41,1,0,0,0,0,35,0,0,0,0,0,0,0,
18,9743,אוהד,1046,1,1,0,267,185,0,185,6,0,2,0,0,0,16,0,0,0,0,0,0,0,0,1,81,0,0,0,0,0,73,0,0,0,0,0,0,6,
18,9744,אורים,403,1,1,0,448,238,1,237,67,1,5,0,0,0,1,0,0,0,0,0,0,0,0,7,13,0,0,0,0,0,142,1,0,0,0,0,0,0,
13,6325,אירוס,1336,1,1,0,410,309,0,309,24,3,0,0,0,0,5,0,0,0,0,0,0,0,0,7,96,0,0,0,0,0,173,0,0,0,0,0,0,1,
5,1774,אכסאל,478,1,1,0,689,445,7,438,4,0,426,0,0,0,1,0,0,0,0,0,0,0,0,0,2,0,0,0,0,0,3,0,0,2,0,0,0,0,
5,1775,אכסאל,478,2,3,0,690,516,2,514,1,0,507,0,0,0,0,0,0,0,0,0,0,0,0,0,2,0,0,0,0,0,3,0,0,0,0,0,0,1,
5,1776,אכסאל,478,3,1,0,668,423,3,420,1,0,409,0,0,0,0,0,0,0,0,0,0,0,0,0,1,0,0,0,0,0,4,1,0,1,0,1,1,1,
5,1777,אכסאל,478,4,4,0,696,437,2,435,2,0,429,0,0,0,0,0,0,1,0,0,0,0,0,0,0,0,0,0,0,1,2,0,0,0,0,0,0,0,
5,1778,אכסאל,478,5,4,0,725,514,2,512,4,1,501,0,0,0,0,0,0,0,0,0,0,0,0,0,1,0,0,0,0,0,5,0,0,0,0,0,0,0,
5,1779,אכסאל,478,6,4,0,727,512,5,507,4,0,499,0,0,0,0,0,0,0,0,0,0,0,0,0,3,0,0,0,0,0,1,0,0,0,0,0,0,0,
5,1780,אכסאל,478,7,3,0,665,505,4,501,2,0,488,0,0,0,0,0,0,0,0,0,0,0,0,0,5,0,1,0,0,0,2,0,0,0,0,1,0,2,
5,1781,אכסאל,478,8,3,0,716,493,4,489,3,0,475,0,0,0,0,0,0,0,0,0,0,0,0,0,5,0,0,0,0,0,4,0,0,0,0,1,0,1,
5,1782,אכסאל,478,9,3,0,639,429,1,428,3,1,420,0,0,0,0,0,0,0,0,0,0,0,0,0,2,0,0,0,0,0,0,0,1,0,0,0,0,1,
5,1783,אכסאל,478,10,3,0,603,438,2,436,0,0,432,0,0,0,0,0,0,0,0,0,0,0,0,0,1,0,0,0,0,0,1,0,0,1,0,0,1,0,
5,1784,אכסאל,478,11,1,0,759,538,2,536,0,0,527,0,0,0,0,0,0,0,0,0,0,0,0,0,4,0,0,0,0,0,4,0,0,0,0,0,0,1,
5,1785,אכסאל,478,12,1,0,667,438,0,438,0,0,429,0,0,0,0,0,0,0,0,0,0,0,0,0,5,0,0,0,0,0,3,0,0,0,0,0,0,1,
5,1786,אכסאל,478,13,1,0,725,504,3,501,2,0,493,0,0,0,0,0,0,0,0,0,0,0,0,0,3,0,0,0,0,0,2,0,0,0,0,0,0,1,
5,1787,אכסאל,478,14,4,0,668,435,4,431,0,0,426,0,0,0,0,0,0,1,0,0,0,0,0,0,3,0,0,0,0,1,0,0,0,0,0,0,0,0,
5,2015,אליקים,682,1,1,0,586,423,3,420,10,20,0,0,0,0,13,0,0,0,0,0,0,0,0,5,261,0,0,0,5,0,28,0,0,0,0,0,0,78,
19,10268,אלישמע,841,1,1,0,390,305,4,301,11,1,2,2,0,0,20,0,0,0,0,0,0,0,0,1,148,0,0,0,1,0,85,0,0,0,0,0,0,30,
19,10269,אלישמע,841,2,1,0,422,327,1,326,11,1,0,0,0,0,10,0,0,0,0,0,0,0,0,3,165,1,0,0,1,0,100,1,0,0,0,0,0,33,
6,2739,אלקוש,603,1,1,0,242,148,1,147,8,0,1,0,0,0,3,0,0,0,0,0,0,0,0,1,85,0,0,0,0,0,28,0,0,0,0,0,0,21,
18,9904,אעצם שבט,963,1,1,0,714,326,1,325,0,0,319,0,0,0,1,0,0,0,0,0,0,0,0,0,0,0,0,1,0,1,0,0,0,0,1,0,1,1,
18,9905,אעצם שבט,963,2,1,0,655,291,0,291,0,0,287,0,0,0,0,0,0,0,0,0,0,0,0,0,0,0,0,0,1,0,3,0,0,0,0,0,0,0,
18,9906,אעצם שבט,963,3,1,0,710,318,2,316,2,0,310,0,0,0,0,0,0,0,0,0,0,0,0,1,1,0,0,0,0,0,2,0,0,0,0,0,0,0,
18,9907,אעצם שבט,963,4,1,0,613,289,0,289,0,0,283,0,0,0,0,0,0,0,0,0,0,0,0,0,0,0,0,0,0,0,2,0,2,0,0,0,2,0,
18,9908,אעצם שבט,963,5,1,0,658,260,1,259,1,0,254,0,0,0,0,0,0,0,1,0,0,0,0,0,0,0,0,0,0,0,1,0,0,0,0,0,0,2,
18,9909,אעצם שבט,963,6,1,0,578,239,0,239,0,0,235,0,0,0,0,1,0,0,0,0,0,0,0,0,0,0,1,0,0,0,0,0,0,1,0,0,1,0,
18,9910,אעצם שבט,963,7,1,0,762,313,1,312,0,0,306,0,0,0,1,0,0,0,0,0,0,0,0,0,1,0,0,0,0,0,0,0,1,0,1,1,1,0,
4,1374,אשדות יעקב  איחוד,199,1,1,0,658,471,0,471,86,0,1,0,0,0,19,0,0,0,0,0,0,0,0,13,55,0,2,1,1,0,291,1,0,0,0,0,0,1,
2,827,אשתאול,740,1,1,0,749,605,2,603,35,20,1,1,0,0,29,0,0,0,0,0,0,0,0,7,306,0,0,0,6,0,101,0,0,0,0,0,0,97,
18,9745,בארי,399,1,1,0,419,335,0,335,156,1,3,0,0,0,5,0,0,0,0,0,0,0,0,9,9,0,0,0,0,0,152,0,0,0,0,0,0,0,
18,9746,בארי,399,2,1,0,433,334,0,334,135,0,6,0,0,0,4,0,0,0,0,0,0,0,0,5,18,0,0,0,0,0,166,0,0,0,0,0,0,0,
6,2260,בוסתן הגליל,559,1,1,0,713,551,1,550,46,0,0,2,0,0,9,0,0,0,0,0,0,0,0,11,182,0,0,0,1,0,279,0,0,0,0,0,0,20,
2,673,בית אל,3574,1.1,4,0,625,492,1,491,0,36,1,0,0,0,322,0,0,0,0,0,0,0,0,1,108,0,0,0,9,0,1,0,0,0,0,0,0,13,
2,674,בית אל,3574,1.2,4,0,625,517,6,511,1,20,1,0,0,0,351,0,1,0,0,0,0,0,0,0,106,1,0,0,13,0,0,0,0,0,0,0,0,17,
2,675,בית אל,3574,1.3,4,0,623,509,0,509,2,43,0,1,0,0,306,0,0,0,0,0,0,0,0,1,125,0,0,0,18,0,2,0,0,0,0,0,0,11,
2,676,בית אל,3574,2,2,0,701,572,1,571,1,36,0,0,0,0,422,0,0,0,0,0,0,1,0,0,84,0,0,0,13,0,2,0,0,0,0,0,0,12,
2,677,בית אל,3574,4,2,0,786,602,1,601,0,41,0,1,0,0,410,0,0,0,0,0,0,0,0,1,102,0,0,0,26,0,0,0,0,0,0,0,0,20,
2,747,בית זית,710,1,2,0,582,427,0,427,90,6,5,1,0,0,37,0,0,0,0,0,0,0,0,10,97,0,0,0,1,0,167,0,0,0,0,0,0,13,
2,748,בית זית,710,2,2,0,603,448,0,448,108,2,3,2,0,0,20,0,0,0,0,0,0,0,0,4,73,0,0,0,1,0,234,0,0,0,0,0,0,1,
10,4511,בית חירות,877,1,1,0,610,470,1,469,103,0,4,0,0,0,3,0,0,0,0,0,0,0,0,3,8,1,0,0,0,0,346,1,0,0,0,0,0,0,
5,1877,בית לחם הגלילית,430,1,1,0,630,456,0,456,69,1,4,0,0,0,9,0,1,0,0,0,0,0,0,4,64,1,0,0,0,0,300,0,0,0,0,0,0,3,
17,9133,בית ניר,16,1,1,0,440,343,0,343,142,0,3,0,0,0,2,0,0,0,0,0,0,0,0,4,10,1,0,0,1,0,179,0,0,0,0,0,0,1,
4,1400,בית קשת,365,1,1,0,476,344,0,344,116,0,4,0,0,0,5,0,0,0,0,0,0,0,0,3,16,0,0,0,0,0,200,0,0,0,0,0,0,0,
5,1926,בית רימון,1162,1,1,0,390,322,0,322,7,4,1,1,0,0,223,0,0,0,0,0,0,0,0,2,54,0,0,0,6,0,19,0,0,0,0,0,0,5,
5,1878,בית שערים,248,1,3,0,487,397,1,396,50,1,3,0,0,0,8,0,0,0,0,0,0,0,0,4,57,1,0,0,1,0,270,0,0,0,0,0,0,1,
17,9137,בני דקלים,1368,1,1,0,543,464,1,463,0,16,0,0,0,0,327,0,0,0,0,0,0,0,0,0,84,0,0,0,26,0,0,1,0,0,0,1,0,8,
4,1430,בני יהודה,4015,1,2,0,455,300,2,298,25,1,1,0,0,0,11,0,0,0,0,0,0,0,0,18,86,0,0,0,9,0,141,0,0,0,0,0,0,6,
4,1431,בני יהודה,4015,2,2,0,438,295,1,294,27,0,0,0,0,0,18,0,0,0,0,0,0,0,0,20,86,3,1,0,1,0,135,0,0,0,0,0,1,2,
18,9747,בני נצרים,1363,1,1,0,310,266,0,266,0,57,0,0,0,0,150,0,0,0,0,0,0,0,1,0,41,0,0,0,6,0,2,0,0,0,0,0,0,9,
17,9138,ברור חיל,428,1,1,0,729,509,3,506,141,3,8,0,0,0,6,0,0,0,0,0,0,0,0,13,68,0,0,0,1,0,266,0,0,0,0,0,0,0,
9,4053,בת שלמה,33,1,1,0,441,354,0,354,68,1,4,0,0,0,16,0,0,0,0,0,0,0,0,7,60,0,0,0,2,0,192,0,0,0,0,0,0,4,
18,9748,גבולות,352,1,2,0,306,196,0,196,67,0,3,0,0,0,2,0,0,0,0,0,0,0,0,36,7,0,0,0,0,0,81,0,0,0,0,0,0,0,
10,4518,גבעת חיים מאוחד,173,1,1,0,446,336,0,336,111,0,5,2,0,0,9,0,0,0,0,0,0,0,0,12,23,0,0,0,1,0,172,0,0,0,0,0,0,1,
10,4519,גבעת חיים מאוחד,173,2,1,0,443,331,0,331,105,0,4,1,0,0,4,0,0,0,0,0,0,0,0,5,22,0,0,0,1,0,189,0,0,0,0,0,0,0,
2,752,גבעת יערים,787,1,1,0,548,414,3,411,56,8,2,1,0,0,40,0,0,0,0,0,0,0,0,5,152,0,0,0,6,0,110,0,0,0,1,0,0,30,
2,753,גבעת יערים,787,2,1,0,385,290,0,290,39,1,2,0,0,0,16,0,0,0,0,0,0,0,0,11,128,0,0,0,3,0,77,0,0,0,0,0,0,13,
5,1928,גבת,133,1,1,0,681,553,2,551,131,0,1,0,0,0,2,0,0,0,0,0,0,0,0,8,29,0,0,0,2,0,378,0,0,0,0,0,0,0,
3,1194,גדות,35,1,1,0,368,242,0,242,78,0,0,1,0,0,1,0,0,0,0,0,0,0,0,9,10,0,0,0,0,0,143,0,0,0,0,0,0,0,
17,9145,גיאה,706,1,1,0,556,423,0,423,46,4,1,1,0,0,8,0,0,0,0,0,0,0,0,12,115,0,0,0,2,0,231,0,0,0,0,0,0,3,
4,1404,גינוסר,262,1,2,0,539,371,1,370,80,0,4,0,0,0,6,0,1,0,0,0,0,0,0,2,61,1,0,0,3,0,211,0,0,0,0,0,0,1,
6,2740,גיתה,1206,1,1,0,203,139,1,138,22,1,1,0,0,0,2,0,0,0,0,0,0,0,0,26,36,1,0,0,0,0,49,0,0,0,0,0,0,0,
9,3847,גן השומרון,225,1,1,0,629,488,2,486,82,0,4,1,0,0,16,0,0,0,0,0,0,0,0,9,56,0,0,0,0,0,317,0,0,0,0,0,0,1,
12,5741,גני מודיעין,3823,1,1,0,680,525,2,523,1,33,0,0,0,0,38,0,0,0,0,0,0,0,0,2,146,0,0,0,6,0,0,1,0,0,0,0,0,296,
12,5742,גני מודיעין,3823,2,1,0,640,518,1,517,2,57,0,1,0,0,103,0,0,0,0,0,0,0,0,0,148,0,0,0,16,0,7,0,0,0,0,0,0,183,
12,5743,גני מודיעין,3823,3,1,0,562,443,2,441,1,35,0,0,0,0,70,0,0,0,0,0,0,0,0,0,98,0,0,0,16,0,4,0,0,0,0,0,0,217,
2,706,דולב,3747,1,1,0,446,370,0,370,1,11,0,0,0,0,237,0,0,0,0,0,0,0,0,1,95,0,0,0,10,0,6,0,0,0,0,0,0,9,
2,707,דולב,3747,2,1,0,418,319,1,318,1,8,0,0,0,0,203,0,0,0,0,0,0,0,0,0,88,0,0,0,8,0,1,0,0,0,0,0,0,9,
18,9749,דקל,1241,1,1,0,270,183,1,182,22,0,0,0,0,0,10,0,0,0,0,0,0,0,0,7,57,0,0,0,2,0,84,0,0,0,0,0,0,0,
5,1930,הושעיה,1186,1,1,0,648,503,1,502,12,2,0,0,0,0,260,0,0,0,0,0,0,0,0,0,127,1,0,0,1,0,92,1,0,0,0,0,0,6,
5,1931,הושעיה,1186,2,1,0,726,539,0,539,16,4,0,1,0,0,272,0,0,0,0,0,0,0,0,1,112,0,0,0,4,0,119,1,0,0,0,0,0,9,
2,1023,הר גילה,3603,1.1,1,0,501,389,1,388,21,0,0,0,0,0,29,0,0,0,0,0,0,0,0,17,196,0,0,0,3,0,102,1,0,0,0,1,0,18,
2,1024,הר גילה,3603,1.2,1,0,501,386,0,386,23,3,2,0,0,0,27,0,0,0,0,0,0,0,0,27,188,0,0,0,2,0,85,0,0,0,0,0,0,29,
2,936,זכריה,799,1,1,0,764,588,1,587,9,0,0,1,0,0,14,0,0,0,0,0,0,0,0,5,432,0,0,0,2,0,63,0,0,0,0,0,0,61,
18,9398,זמרת,1065,1,1,0,370,342,0,342,5,15,0,0,0,0,56,0,0,0,0,0,0,0,0,3,208,0,0,0,6,0,14,0,0,0,0,0,0,35,
4,1435,חדנס,4026,1,1,0,642,381,1,380,18,2,0,1,0,0,17,0,0,0,0,0,0,0,0,11,130,1,0,0,0,0,198,0,0,1,0,0,0,1,
18,9750,חולית,1239,1,1,0,133,96,0,96,27,0,0,1,0,0,4,0,0,0,0,0,0,0,0,4,15,0,0,0,0,0,45,0,0,0,0,0,0,0,
3,1195,חולתה,253,1,1,0,458,335,1,334,90,3,1,0,0,0,16,0,0,0,0,0,0,0,0,5,26,1,0,0,4,0,188,0,0,0,0,0,0,0,
6,2743,חורפיש,496,1,15,0,640,348,1,347,35,0,35,0,0,0,3,0,0,0,0,0,0,0,0,15,24,0,0,1,0,0,234,0,0,0,0,0,0,0,
6,2744,חורפיש,496,2,16,0,616,307,3,304,25,1,40,0,0,0,1,0,0,0,0,0,0,0,1,43,50,0,0,0,0,0,128,0,0,0,0,0,0,15,
6,2745,חורפיש,496,3,11,0,700,377,1,376,18,0,45,0,0,0,15,0,0,1,0,0,0,0,0,100,18,0,0,0,0,0,179,0,0,0,0,0,0,0,
6,2746,חורפיש,496,4,13,0,618,325,1,324,29,0,28,0,0,0,2,0,0,0,0,0,0,0,1,44,16,1,0,0,0,0,196,1,0,0,0,0,0,6,
6,2747,חורפיש,496,5,13,0,645,363,3,360,11,0,62,0,0,0,3,0,0,0,1,0,0,0,0,91,24,0,0,0,0,0,153,0,0,0,0,0,0,15,
6,2748,חורפיש,496,6,14,0,655,286,1,285,29,0,30,0,0,0,2,0,0,0,0,0,0,1,1,80,14,0,0,0,3,0,117,0,0,0,0,0,0,8,
6,2749,חורפיש,496,7,17,0,697,368,0,368,19,0,34,0,0,0,3,0,0,0,1,0,0,0,0,58,11,0,0,0,4,0,208,0,0,0,0,0,1,29,
10,4527,חיבת ציון,219,1,1,0,449,359,0,359,44,7,1,1,0,0,49,0,0,0,0,0,0,0,0,4,43,1,0,0,2,0,204,0,0,0,0,0,0,3,
9,3850,חריש,1247,1,2,0,792,567,2,565,21,3,4,0,0,0,77,0,0,0,0,0,0,0,0,42,212,1,0,0,2,0,148,0,0,0,0,1,1,53,
9,3851,חריש,1247,2,3,0,707,486,2,484,29,9,13,0,0,0,36,0,0,0,0,0,0,0,0,25,178,1,0,0,2,0,165,0,0,0,0,0,0,26,
9,3852,חריש,1247,3,2,0,599,439,3,436,13,14,1,2,0,0,50,0,0,0,0,0,0,0,1,34,126,0,1,0,7,0,105,0,0,0,0,0,0,82,
9,3853,חריש,1247,4,2,0,742,564,2,562,14,30,3,0,0,0,82,0,0,0,0,0,0,0,0,27,190,1,0,0,15,0,104,0,0,0,0,0,0,96,
9,3854,חריש,1247,5,2,0,692,471,3,468,8,31,14,0,0,0,112,0,0,0,0,0,0,0,0,26,153,2,0,0,7,0,39,0,0,0,0,0,2,74,
9,3855,חריש,1247,6,3,0,756,537,1,536,18,3,19,2,0,0,89,0,0,0,0,0,0,1,0,26,137,2,0,0,10,0,102,0,0,0,0,0,0,127,
9,3856,חריש,1247,7,2,0,679,526,3,523,28,9,4,2,0,0,69,1,0,0,0,0,0,0,0,40,158,0,0,0,3,0,130,0,0,0,0,0,0,79,
9,3857,חריש,1247,8,2,0,715,558,3,555,14,31,1,2,0,0,164,0,0,0,0,0,0,0,0,12,177,0,1,0,6,0,88,0,0,0,1,1,0,57,
9,3858,חריש,1247,9,3,0,787,572,3,569,18,9,1,0,0,0,37,0,0,0,0,0,0,0,0,65,215,1,0,0,8,0,145,1,0,0,0,0,0,69,
9,3859,חריש,1247,10,2,0,640,440,3,437,12,20,8,1,0,0,52,0,0,0,0,0,0,0,0,27,123,0,0,0,4,0,95,0,0,0,0,0,0,95,
2,708,טלמון,3788,1,1,0,678,524,0,524,0,20,0,0,0,0,379,0,0,0,0,0,0,0,0,2,100,0,0,0,12,0,0,0,0,0,0,0,0,11,
2,709,טלמון,3788,2,1,0,697,577,1,576,0,62,0,0,0,0,418,0,0,0,0,0,0,0,0,0,77,0,0,0,10,0,1,0,0,0,0,0,0,8,
2,710,טלמון,3788,3,2,0,768,677,2,675,0,64,0,0,0,0,454,0,0,0,0,0,0,0,0,0,117,0,0,0,25,0,1,0,0,0,0,0,0,14,
6,2750,יאנוחגת,1295,1,8,0,762,396,5,391,7,0,8,0,0,0,6,0,0,0,0,0,0,0,0,31,79,0,0,0,0,0,198,0,0,0,0,0,0,62,
6,2751,יאנוחגת,1295,2,4,0,779,434,1,433,4,0,17,0,0,0,6,0,0,0,0,0,0,0,1,155,123,0,0,0,0,0,124,0,0,0,0,0,0,3,
6,2752,יאנוחגת,1295,3,6,0,759,461,3,458,4,0,40,0,0,0,0,1,0,0,0,0,0,0,0,40,63,0,0,0,0,1,308,0,0,0,0,0,0,1,
6,2753,יאנוחגת,1295,4,3,0,758,492,8,484,8,0,4,0,0,0,0,0,0,0,0,0,0,0,0,30,360,0,0,0,0,0,82,0,0,0,0,0,0,0,
6,2754,יאנוחגת,1295,5,7,0,761,417,3,414,18,3,10,0,0,0,4,0,0,1,0,0,0,0,0,68,103,0,0,0,0,0,178,0,0,0,0,0,0,29,
6,2755,יאנוחגת,1295,6,5,0,750,413,1,412,10,0,18,0,0,0,3,0,0,0,0,0,0,0,0,148,113,0,0,0,0,0,119,0,0,0,0,1,0,0,
18,9751,יבול,1232,1,1,0,204,157,0,157,27,1,0,0,0,0,17,0,0,0,0,0,0,0,0,4,24,0,0,0,3,0,80,0,0,0,0,0,0,1,
4,1438,יונתן,4007,1,2,0,388,308,5,303,4,5,1,2,0,0,183,0,0,0,0,0,0,0,0,2,77,1,0,0,3,0,23,0,0,0,0,0,0,2,
5,1934,יפעת,134,1,2,0,425,330,1,329,63,0,3,0,0,0,2,0,0,0,0,0,0,0,0,7,46,0,0,0,0,0,206,0,0,0,0,0,0,2,
5,1935,יפעת,134,2,2,0,404,301,1,300,69,2,3,0,0,0,8,0,0,0,0,0,0,0,1,6,24,0,0,0,2,0,185,0,0,0,0,0,0,0,
18,9752,ישע,916,1,1,0,279,198,0,198,26,0,0,0,0,0,10,0,0,0,0,0,0,0,1,5,75,0,0,0,1,0,79,1,0,0,0,0,0,0,
18,9753,יתד,1227,1,1,0,340,257,5,252,17,1,0,1,0,0,15,0,0,0,0,0,0,0,0,10,113,0,0,0,4,0,85,0,0,0,0,0,0,6,
18,9754,כיסופים,840,1,1,0,313,157,1,156,62,0,2,0,0,0,6,0,0,0,0,0,0,0,0,3,14,0,0,0,2,0,67,0,0,0,0,0,0,0,
4,1386,כנרת קבוצה,57,1,1,0,634,437,0,437,80,1,2,1,0,0,3,0,0,0,0,0,0,0,0,21,58,1,0,0,0,0,268,0,0,0,0,0,0,2,
2,940,כפר אוריה,364,1,1,0,549,432,2,430,81,0,4,0,0,0,31,0,0,0,0,0,0,0,1,9,109,0,0,0,0,0,187,0,0,0,0,0,0,8,
17,9165,כפר אחים,690,1,1,0,536,425,0,425,11,5,0,1,0,0,16,0,0,0,0,0,0,0,0,8,164,0,0,0,1,0,210,0,0,0,0,0,0,9,
3,1236,כפר בלום,357,1,1,0,725,489,0,489,102,2,0,1,0,0,14,0,0,0,0,0,1,0,0,13,93,0,0,0,1,0,261,0,0,0,0,0,0,1,
12,5705,כפר דניאל,707,1,1,0,488,363,1,362,57,4,1,0,0,0,3,0,0,0,0,0,0,0,0,8,45,0,0,0,0,0,244,0,0,0,0,0,0,0,
10,4529,כפר הראה,217,1,1,0,381,292,0,292,6,3,0,0,0,0,174,0,0,0,0,0,0,0,0,1,74,0,0,0,6,0,22,0,0,0,0,0,0,6,
10,4530,כפר הראה,217,2,1,0,360,288,2,286,10,6,1,0,0,0,141,0,0,0,0,0,0,0,0,0,83,1,0,0,1,0,35,0,0,0,0,0,0,8,
10,4531,כפר ויתקין,190,1,1,0,680,492,1,491,102,1,3,0,0,0,6,0,0,0,0,0,0,0,0,4,16,1,0,0,0,0,357,0,0,0,0,0,0,1,
10,4532,כפר ויתקין,190,2,1,0,719,572,3,569,104,2,4,0,0,0,9,0,0,0,0,0,0,0,0,14,36,0,0,0,1,0,399,0,0,0,0,0,0,0,
6,2765,כפר ורדים,1263,1,1,0,661,456,4,452,70,0,8,0,0,0,18,0,0,0,0,0,0,0,0,12,65,1,0,0,0,0,275,0,0,0,0,0,0,3,
6,2766,כפר ורדים,1263,2,2,0,478,313,5,308,55,0,8,0,0,0,13,0,0,0,0,0,0,0,0,14,32,0,0,0,1,0,185,0,0,0,0,0,0,0,
6,2767,כפר ורדים,1263,3,1,0,523,345,0,345,56,0,6,0,0,0,11,0,0,0,0,0,0,0,0,20,38,0,0,0,1,0,210,0,0,0,0,0,0,3,
6,2768,כפר ורדים,1263,4,1,0,527,357,0,357,54,3,5,1,0,0,8,0,0,0,0,0,0,0,0,15,72,0,0,0,0,0,198,0,0,0,0,0,0,1,
6,2769,כפר ורדים,1263,5,3,0,691,511,0,511,85,2,4,0,0,0,13,0,0,0,0,0,0,0,0,23,84,1,0,0,0,0,297,0,0,0,0,0,0,2,
6,2770,כפר ורדים,1263,6,3,0,568,411,0,411,71,0,5,1,0,0,10,0,0,0,0,0,0,0,0,12,87,0,0,0,2,0,219,0,0,0,0,0,0,4,
6,2771,כפר ורדים,1263,7,2,0,634,443,2,441,59,0,8,0,0,0,12,0,0,0,0,0,0,0,0,16,72,0,0,0,3,0,268,0,0,0,0,0,0,3,
6,2772,כפר ורדים,1263,8,3,0,550,406,0,406,40,0,6,0,0,0,10,0,0,0,0,0,0,2,0,15,77,0,0,0,0,0,254,0,0,0,0,0,0,2,
12,5713,כפר טרומן,673,1,1,0,572,438,1,437,31,2,2,0,0,0,20,0,0,0,0,0,0,0,0,11,131,3,0,0,0,0,231,0,0,0,0,0,0,6,
18,9401,כפר מימון,1095,1,1,0,434,351,1,350,7,3,0,1,0,0,203,0,0,0,0,0,0,0,0,0,107,1,0,0,7,0,17,0,0,0,0,0,0,4,
2,1027,כפר עציון,3488,1,1,0,473,369,2,367,6,4,0,0,0,0,217,0,0,0,0,0,1,0,0,1,97,1,0,0,2,0,37,0,0,0,0,0,0,1,
18,9755,כרם שלום,1085,1,1,0,145,82,1,81,13,3,4,0,0,0,20,0,0,0,0,0,0,0,0,2,17,0,0,0,0,0,21,0,0,0,0,0,0,1,
9,3860,להבות חביבה,715,1,1,0,609,470,1,469,111,1,4,0,0,0,5,0,0,0,0,0,0,0,1,7,22,0,0,0,0,0,316,0,0,0,0,0,0,2,
17,9175,לכיש,24,1,1,0,579,462,0,462,111,0,1,1,0,0,16,0,0,0,0,0,0,0,0,5,32,0,0,0,0,0,295,0,0,0,0,0,1,0,
6,2773,לפידות,1173,1,1,0,130,95,0,95,9,0,0,0,0,0,0,0,0,0,0,0,0,0,0,0,53,0,0,0,0,0,27,0,0,0,0,0,0,6,
12,5718,מבוא חורון,3709,1,2,0,621,556,1,555,1,76,0,0,0,0,369,0,0,0,0,0,0,0,0,0,53,0,0,0,13,0,3,0,0,0,0,0,0,40,
12,5719,מבוא חורון,3709,2,2,0,515,451,1,450,2,50,0,1,0,0,269,0,0,0,0,0,0,0,0,0,80,0,0,0,11,0,3,0,0,0,0,0,0,34,
4,1441,מבוא חמה,4204,1,1,0,402,266,0,266,63,0,1,0,0,0,3,0,0,0,0,0,0,0,0,6,13,0,0,1,1,0,176,0,0,0,0,0,0,2,
18,9756,מבטחים,829,1,1,0,389,240,0,240,7,2,0,0,0,0,20,0,0,0,0,0,0,0,0,5,136,0,0,0,4,0,40,0,0,0,0,2,0,24,
18,9757,מגן,695,1,1,0,463,333,0,333,120,0,6,0,0,0,1,0,0,0,0,1,1,0,0,9,12,0,0,0,0,0,183,0,0,0,0,0,0,0,
3,1140,מלכיה,596,1,1,0,427,257,0,257,82,0,2,0,0,0,8,0,0,0,0,0,0,0,0,3,14,1,0,0,0,0,144,0,0,0,0,0,0,3,
6,2775,מעיליא,518,1,1,0,664,492,0,492,17,0,425,0,0,0,0,0,0,0,0,0,0,0,1,16,2,0,0,0,0,0,24,0,0,0,0,0,0,7,
6,2776,מעיליא,518,2,1,0,617,428,2,426,22,1,382,0,0,0,0,0,0,0,0,0,0,0,1,3,0,0,0,0,1,0,16,0,0,0,0,0,0,0,
6,2777,מעיליא,518,3,2,0,664,483,0,483,17,0,433,0,0,0,0,0,0,0,0,0,0,0,0,15,3,1,0,0,0,0,13,0,1,0,0,0,0,0,
6,2778,מעיליא,518,4,2,0,607,428,2,426,33,0,347,0,0,0,0,0,0,0,0,0,0,0,0,10,4,0,0,0,0,1,24,0,0,1,0,0,0,6,
9,3771,מעין צבי,290,1,1,0,668,481,3,478,116,2,2,1,0,0,5,0,0,0,0,0,0,0,0,8,42,1,0,0,0,0,299,0,0,0,0,0,0,2,
2,718,מעלה לבונה,3752,1,2,0,431,339,1,338,0,25,0,0,0,0,188,0,0,0,0,0,0,0,0,2,85,0,0,0,24,0,1,0,0,0,0,0,0,13,
6,2779,מעלותתרשיחא,1063,1,1,0,724,439,7,432,12,12,1,2,0,0,12,1,0,0,0,0,0,0,0,113,210,1,0,1,1,0,33,0,1,1,0,0,0,31,
6,2780,מעלותתרשיחא,1063,2,17,0,457,296,0,296,17,4,3,0,0,0,6,0,0,0,0,0,0,0,0,28,149,0,0,0,1,0,62,0,0,0,0,0,0,26,
6,2781,מעלותתרשיחא,1063,3,22,0,733,559,3,556,8,0,526,0,0,0,1,0,0,0,1,0,0,0,0,1,4,0,0,0,0,0,15,0,0,0,0,0,0,0,
6,2782,מעלותתרשיחא,1063,4,4,0,480,228,1,227,3,7,13,0,0,0,2,0,0,0,1,0,0,0,1,55,111,0,0,0,1,0,18,0,0,1,0,0,0,14,
6,2783,מעלותתרשיחא,1063,5,25,0,739,506,3,503,4,0,451,0,0,0,2,0,0,0,0,0,0,0,0,1,36,0,0,0,0,0,7,1,0,0,0,0,1,0,
6,2784,מעלותתרשיחא,1063,6,12,0,648,366,2,364,7,4,6,1,0,0,20,0,0,0,0,0,0,0,0,93,143,1,0,0,4,0,37,0,0,0,0,0,0,48,
6,2785,מעלותתרשיחא,1063,7,8,0,730,520,2,518,1,0,509,0,0,0,1,0,0,0,0,1,0,0,0,0,2,0,0,0,0,0,3,0,0,0,0,0,0,1,
6,2786,מעלותתרשיחא,1063,8,7,0,572,352,4,348,1,0,35,0,0,0,7,0,0,0,0,1,0,1,0,93,169,0,0,0,1,0,19,0,0,0,0,0,0,21,
6,2787,מעלותתרשיחא,1063,9,13,0,626,318,7,311,8,6,2,0,0,0,3,0,0,0,0,0,0,0,0,135,107,0,0,0,0,0,27,0,0,0,0,0,0,23,
6,2788,מעלותתרשיחא,1063,10,10,0,597,365,1,364,6,3,2,0,0,0,10,0,0,0,0,0,0,0,0,136,157,0,0,0,1,0,24,0,0,0,0,0,0,25,
6,2789,מעלותתרשיחא,1063,11,9,0,598,376,2,374,8,7,1,0,0,0,33,0,0,0,0,2,0,0,0,83,151,1,0,0,3,0,36,0,0,0,0,0,0,49,
6,2790,מעלותתרשיחא,1063,12,11,0,674,391,7,384,6,3,2,0,0,0,3,0,0,0,0,0,0,0,0,181,128,0,0,1,0,0,45,0,1,1,0,0,0,13,
6,2791,מעלותתרשיחא,1063,13,11,0,446,258,2,256,1,6,0,1,0,0,3,0,0,0,0,0,0,0,0,62,129,0,0,0,1,0,31,0,0,0,0,0,0,22,
6,2792,מעלותתרשיחא,1063,14,18,0,767,439,4,435,8,5,2,0,0,0,19,0,0,0,0,1,0,0,0,129,190,0,0,0,2,0,66,0,0,0,0,0,0,13,
6,2793,מעלותתרשיחא,1063,15,6,0,756,414,10,404,7,6,2,0,0,0,3,1,0,0,0,0,0,0,0,174,154,0,0,0,0,0,49,0,0,0,0,0,0,8,
6,2794,מעלותתרשיחא,1063,16,19,0,470,340,1,339,8,7,5,0,0,0,80,0,0,0,0,0,0,0,0,18,138,0,0,0,5,0,41,0,0,0,0,0,0,37,
6,2795,מעלותתרשיחא,1063,17,9,0,582,397,0,397,11,11,2,2,0,0,94,0,0,0,0,0,0,1,0,24,150,0,0,0,5,0,38,0,0,0,0,0,0,59,
6,2796,מעלותתרשיחא,1063,18,6,0,560,326,0,326,6,2,0,1,0,0,5,0,0,1,0,0,0,0,0,167,93,0,0,0,1,0,41,0,0,0,0,0,2,7,
6,2797,מעלותתרשיחא,1063,19,16,0,519,357,1,356,7,1,11,1,0,0,18,0,0,0,0,0,0,0,0,60,178,0,0,0,0,0,61,0,0,0,0,0,0,19,
6,2798,מעלותתרשיחא,1063,20,15,0,554,285,4,281,3,7,0,0,0,0,13,0,0,0,0,0,0,0,1,89,120,0,0,0,2,0,16,0,0,0,0,0,0,30,
6,2799,מעלותתרשיחא,1063,21,26,0,557,393,1,392,18,3,108,2,0,0,10,0,0,0,0,0,0,0,0,32,114,0,0,0,0,0,76,0,0,0,0,0,0,29,
6,2800,מעלותתרשיחא,1063,22,11,0,611,394,8,386,9,2,0,0,0,0,7,0,0,0,0,0,0,0,0,101,188,0,0,0,1,0,55,0,0,0,0,0,0,23,
6,2801,מעלותתרשיחא,1063,23,16,0,538,339,2,337,11,2,0,0,0,0,10,0,0,0,0,0,0,0,0,106,117,0,0,0,1,0,76,1,0,0,0,1,0,12,
6,2802,מעלותתרשיחא,1063,24,16,0,665,458,1,457,10,2,27,0,0,0,15,0,0,0,0,0,0,0,0,60,256,0,0,0,0,1,59,0,0,0,0,0,0,27,
6,2803,מעלותתרשיחא,1063,25,5,0,684,483,0,483,5,0,470,0,0,0,0,0,0,0,0,0,0,0,0,0,0,0,0,0,0,0,7,0,0,0,0,0,1,0,
6,2804,מעלותתרשיחא,1063,26,21,0,745,495,4,491,14,14,125,0,0,0,27,0,0,0,0,0,0,0,0,86,115,1,0,0,1,0,73,0,0,0,0,0,0,35,
6,2805,מעלותתרשיחא,1063,28,3,0,642,453,2,451,4,0,431,0,0,0,0,0,0,0,0,0,0,0,0,0,7,0,0,0,0,0,9,0,0,0,0,0,0,0,
6,2806,מעלותתרשיחא,1063,30,24,0,338,250,0,250,19,17,6,0,0,0,33,0,0,0,0,0,0,0,0,6,83,1,0,0,1,0,49,0,0,0,0,0,0,35,
6,2807,מעלותתרשיחא,1063,31,14,0,462,314,0,314,17,5,5,0,0,0,111,0,0,0,0,0,0,0,0,9,114,0,0,0,1,0,29,0,0,0,0,0,0,23,
6,2808,מעלותתרשיחא,1063,32,17,0,423,273,1,272,12,5,2,0,0,0,17,0,0,0,0,0,0,0,0,28,139,0,0,0,1,0,54,0,0,0,0,0,0,14,
6,2809,מעלותתרשיחא,1063,33,20,0,444,290,0,290,14,2,8,0,0,0,5,0,0,0,0,0,0,0,0,72,116,0,0,0,1,0,47,0,0,0,0,0,0,25,
17,9179,מפלסים,668,1,1,0,677,481,1,480,109,0,4,0,0,0,18,0,0,0,0,0,0,0,1,14,44,0,0,0,0,0,289,0,0,0,0,0,0,1,
18,10103,משאבי שדה,421,1,1,0,466,296,0,296,100,1,2,0,0,0,7,0,0,0,0,0,0,0,0,18,13,1,0,0,0,0,150,2,1,0,0,0,0,1,
19,10425,מתן,1315,1,1,0,688,533,1,532,70,0,0,1,0,0,14,0,0,0,0,0,0,0,0,13,77,0,0,0,0,0,355,0,0,0,0,0,0,2,
19,10426,מתן,1315,2,1,0,556,422,1,421,57,1,0,1,0,0,10,0,0,0,0,0,0,0,0,10,69,1,0,0,1,0,268,0,0,0,0,0,0,3,
19,10427,מתן,1315,3,1,0,625,468,0,468,58,1,0,0,0,0,12,1,0,0,0,0,0,0,0,31,105,0,0,0,0,0,258,0,0,0,0,0,0,2,
19,10428,מתן,1315,4,1,0,693,513,3,510,64,0,1,0,0,0,11,0,0,0,0,0,0,0,0,12,82,0,0,0,0,0,334,0,0,0,0,0,0,6,
6,2810,מתת,1184,1,1,0,159,104,0,104,47,3,5,0,0,0,1,0,0,0,0,0,0,0,0,4,9,0,0,0,0,0,35,0,0,0,0,0,0,0,
4,1446,נוב,4304,1,2,0,503,391,0,391,1,6,0,1,0,0,221,0,0,0,0,0,0,0,0,1,123,0,0,0,8,0,25,0,0,0,0,1,0,4,
17,9187,נוגה,55,1,1,0,409,297,0,297,17,3,0,0,0,0,9,0,0,0,0,0,0,0,0,7,186,0,1,0,3,0,53,0,0,0,0,0,0,18,
2,719,נוה צוף,3573,1,1,0,756,579,1,578,1,14,0,1,0,0,337,0,0,0,0,0,0,0,0,1,191,0,0,0,11,0,7,0,0,0,0,0,0,15,
18,9758,נווה,1366,1,1,0,321,276,4,272,0,140,0,0,0,0,88,0,0,0,0,0,0,0,0,0,30,0,0,0,2,0,1,0,0,0,0,0,0,11,
17,9188,נווה מבטח,827,1,1,0,454,358,0,358,51,3,1,0,0,0,12,0,0,0,0,0,0,0,0,5,64,0,0,0,0,0,218,0,0,0,0,0,0,4,
2,946,נחושה,59,1,1,0,791,619,1,618,8,11,0,1,0,0,312,0,0,0,0,1,0,0,0,1,198,0,0,0,8,0,51,1,0,0,0,0,0,26,
9,3773,נחשולים,433,1,1,0,529,399,4,395,82,0,2,1,0,0,3,0,0,0,0,0,0,0,0,4,21,2,0,0,1,0,279,0,0,0,0,0,0,0,
6,2811,נטועה,1147,1,1,0,243,185,0,185,6,0,0,0,0,0,8,0,0,0,0,0,0,0,0,5,96,0,0,0,0,0,35,0,0,0,0,0,0,35,
12,5802,נילי,3655,1,1,0,556,394,2,392,15,2,1,0,0,0,49,0,0,0,0,0,0,0,0,29,163,1,0,0,1,0,126,0,0,0,0,0,0,5,
12,5803,נילי,3655,2,1,0,574,443,1,442,27,1,0,2,0,0,38,0,0,0,0,0,0,0,0,30,187,0,0,0,2,0,153,0,0,0,0,0,0,2,
18,9759,ניר יצחק,402,1,1,0,563,361,1,360,185,1,9,0,0,0,2,0,0,0,0,0,0,0,0,12,4,0,0,0,0,0,145,0,0,0,0,0,0,2,
18,9760,ניר עוז,69,1,1,0,329,244,2,242,100,0,3,1,0,0,4,0,0,0,0,0,0,0,0,6,14,0,0,0,0,0,113,0,0,0,0,0,0,1,
18,9761,נירים,602,1,2,0,379,262,0,262,106,0,5,0,0,0,1,0,0,0,0,0,0,0,0,9,21,1,0,0,1,0,115,1,0,0,0,0,0,2,
2,949,נתיב הלה,693,1,1,0,462,351,2,349,110,0,4,0,0,0,5,0,0,0,0,0,0,0,0,12,10,1,0,0,0,0,206,0,0,0,0,0,0,1,
17,9203,סגולה,2046,1,1,0,425,327,0,327,37,0,0,0,0,0,5,0,0,0,0,0,0,0,0,7,89,0,0,0,0,0,184,0,0,0,0,0,0,5,
18,9762,סופה,1238,1,1,0,186,110,1,109,25,1,0,0,0,0,3,0,0,0,0,0,0,0,0,3,9,0,0,0,0,0,65,0,0,0,0,1,0,2,
6,2697,עדי,1199,1,1,0,724,525,0,525,35,1,0,1,0,0,19,0,0,0,0,0,0,0,0,18,112,1,0,0,0,0,334,0,0,0,0,0,0,4,
6,2698,עדי,1199,2,1,0,767,585,1,584,27,2,0,0,0,0,24,0,0,0,0,0,0,0,0,13,115,0,0,0,0,0,401,0,0,0,0,0,0,2,
9,3775,עופר,810,1,2,0,395,299,1,298,51,3,5,0,0,0,12,0,0,0,0,0,0,0,0,6,80,2,0,0,2,0,136,0,0,0,0,0,0,1,
10,4654,עזריאל,837,1,1,0,608,499,0,499,10,12,0,0,0,0,60,0,0,0,0,0,0,0,0,3,319,1,0,0,3,0,44,1,0,0,0,0,0,46,
18,9763,עין הבשור,1240,1,1,0,725,538,1,537,63,0,0,0,0,0,35,0,0,0,0,0,0,0,0,17,93,0,0,0,2,0,321,0,0,0,0,1,0,5,
6,2262,עין המפרץ,289,1,1,0,703,543,0,543,230,0,1,1,0,0,3,0,0,0,0,0,0,0,0,3,17,1,0,0,0,0,285,1,0,0,0,0,0,1,
2,799,עין נקובא,521,1,2,0,553,334,3,331,6,0,271,0,0,0,2,0,0,0,0,0,0,0,0,0,7,0,0,0,1,1,40,0,0,0,0,0,1,2,
2,800,עין נקובא,521,2,2,0,579,319,9,310,3,0,274,0,0,0,0,0,0,3,0,0,0,0,0,0,5,0,0,0,0,0,21,0,0,2,1,0,0,1,
2,801,עין נקובא,521,3,2,0,548,302,6,296,3,0,257,1,0,0,0,0,0,0,0,0,0,0,2,0,16,0,1,0,0,1,14,0,0,0,0,1,0,0,
9,3949,עין עירון,223,1,1,0,398,320,1,319,57,2,3,0,0,0,2,0,0,0,0,0,0,0,0,2,27,0,0,0,0,0,226,0,0,0,0,0,0,0,
17,9209,עין צורים,622,1,1,0,446,359,2,357,17,5,0,0,0,0,190,0,0,0,0,0,0,0,0,0,69,0,0,0,2,0,68,0,0,0,0,0,0,6,
2,725,עלי,3765,1,3,0,682,529,0,529,0,42,1,0,0,0,345,0,0,0,0,0,0,0,0,1,112,0,0,0,9,0,1,0,0,0,0,0,0,18,
2,726,עלי,3765,2,3,0,751,585,3,582,4,27,0,0,0,0,310,0,0,0,0,0,0,0,0,11,199,0,0,0,6,0,6,0,0,0,0,0,0,19,
2,727,עלי,3765,3,3,0,721,544,1,543,1,29,0,0,0,0,286,0,0,0,0,0,0,0,0,5,186,0,0,0,7,0,6,0,0,0,0,0,2,21,
2,803,עמינדב,779,1,1,0,634,449,1,448,53,1,1,1,0,0,34,0,0,0,0,0,0,0,0,9,177,0,0,0,0,0,159,0,0,0,0,0,0,13,
18,9765,עמיעוז,318,1,1,0,208,140,1,139,5,0,0,0,0,0,6,0,0,0,0,0,0,0,0,5,63,0,0,0,0,0,37,0,0,0,0,0,0,23,
17,9210,ערוגות,593,1,1,0,673,544,1,543,54,0,1,0,0,0,14,0,0,0,0,0,0,0,0,5,149,0,0,0,1,0,310,0,0,0,0,0,0,9,
10,4659,פורת,767,1,1,0,490,367,2,365,3,5,1,1,0,0,20,0,0,0,0,1,0,0,0,7,225,0,0,0,7,0,25,0,0,0,0,0,0,70,
10,4660,פורת,767,2,1,0,414,306,1,305,2,3,0,0,0,0,12,0,0,0,0,0,0,0,0,4,191,0,0,0,4,0,19,0,0,0,0,0,0,70,
6,2817,פקיעין בוקייעה,536,1,1,0,566,385,1,384,18,0,261,0,0,0,0,0,0,0,0,0,0,0,0,31,7,2,0,0,0,0,57,0,0,0,0,0,0,8,
6,2818,פקיעין בוקייעה,536,2,1,0,687,460,3,457,89,0,145,0,0,0,0,0,1,0,0,0,0,0,0,119,11,0,0,0,1,0,90,0,0,0,0,0,0,1,
6,2819,פקיעין בוקייעה,536,3,3,0,544,363,1,362,41,0,76,0,0,0,0,0,0,2,0,0,0,0,0,117,28,0,0,0,0,0,95,0,0,0,0,0,1,2,
6,2820,פקיעין בוקייעה,536,4,2,0,612,405,4,401,40,0,159,0,1,0,0,0,0,0,0,0,0,0,0,65,40,0,0,0,1,0,89,0,0,1,0,0,0,5,
6,2821,פקיעין בוקייעה,536,5,2,0,654,423,6,417,42,0,87,0,0,0,0,0,0,1,0,0,0,0,0,175,18,0,1,0,0,0,64,0,0,1,0,0,0,28,
6,2822,פקיעין בוקייעה,536,6,3,0,713,487,3,484,37,0,104,0,0,0,0,0,0,1,0,0,0,0,1,199,24,0,1,0,0,1,110,0,0,0,0,0,0,6,
6,2823,פקיעין בוקייעה,536,7,1,0,641,441,2,439,74,0,110,0,0,0,0,0,0,0,0,0,0,0,0,152,30,0,0,0,0,1,70,0,0,0,0,0,0,2,
10,4582,פרדסיה,171,1,4,0,653,476,3,473,25,5,0,0,0,0,23,0,0,0,0,0,0,0,0,13,196,1,0,0,3,0,180,0,0,0,0,0,0,27,
10,4583,פרדסיה,171,2,6,0,697,527,0,527,30,1,1,0,0,0,15,0,0,0,0,0,0,0,1,15,139,0,0,0,1,0,311,0,0,0,0,0,0,13,
10,4584,פרדסיה,171,3,3,0,675,543,0,543,58,1,1,0,0,0,22,0,0,0,0,0,0,0,0,13,110,0,0,0,1,0,327,0,0,0,0,0,0,10,
10,4585,פרדסיה,171,4,6,0,555,397,1,396,23,2,2,0,0,0,26,0,0,0,0,0,0,0,0,8,117,0,0,0,1,0,207,0,0,0,0,0,0,10,
10,4586,פרדסיה,171,5,3,0,673,506,3,503,36,2,0,2,0,0,16,0,1,0,0,0,0,0,0,10,150,0,0,0,2,0,272,0,0,0,0,0,0,12,
10,4587,פרדסיה,171,6,2,0,549,421,1,420,40,0,0,0,0,0,14,0,0,0,0,0,0,0,0,6,87,0,0,0,0,0,267,0,0,0,0,0,0,6,
10,4588,פרדסיה,171,7,5,0,708,522,1,521,32,1,1,0,0,0,28,0,0,0,0,0,0,0,0,19,156,0,0,0,1,0,269,0,0,0,0,0,0,14,
10,4589,פרדסיה,171,8,2,0,495,391,1,390,32,3,1,0,0,0,14,0,0,0,0,0,0,0,0,10,117,0,0,0,3,0,199,0,1,0,0,0,0,10,
18,9766,פרי גן,1231,1,1,0,168,110,0,110,9,0,0,0,0,0,10,0,0,0,0,0,0,0,0,1,61,0,0,0,0,0,28,0,0,0,0,0,0,1,
18,9767,צאלים,413,1,1,0,394,271,0,271,94,2,3,0,0,0,7,0,0,0,0,0,0,0,0,6,31,0,0,0,1,0,127,0,0,0,0,0,0,0,
18,9768,צוחר,1136,1,1,0,450,304,0,304,21,1,1,0,0,0,8,0,0,0,0,0,0,0,0,4,156,0,0,0,0,0,96,0,0,0,0,0,0,17,
19,10437,צור יצחק,1345,1,1,0,773,631,2,629,45,0,1,0,0,0,28,0,0,0,0,0,0,0,0,25,179,1,0,0,2,0,335,0,0,0,0,0,0,13,
19,10438,צור יצחק,1345,2,1,0,671,556,0,556,41,0,3,0,0,0,35,0,0,0,0,0,0,0,0,16,107,0,0,0,1,0,347,0,0,0,0,0,0,6,
19,10439,צור יצחק,1345,3,1,0,755,640,2,638,54,1,2,0,0,0,18,0,0,0,0,0,0,0,0,29,106,2,0,0,1,0,414,0,0,0,0,0,0,11,
19,10440,צור יצחק,1345,4,1,0,724,584,2,582,53,4,0,0,0,0,21,0,0,0,0,0,0,0,0,32,125,0,0,0,1,0,339,0,0,0,0,0,0,7,
19,10441,צור יצחק,1345,5,1,0,594,477,2,475,51,0,1,0,0,0,9,0,0,0,0,0,0,0,0,16,87,0,0,0,1,0,308,0,0,0,0,0,0,2,
6,2825,צוריאל,774,1,1,0,294,216,2,214,14,0,1,0,0,0,10,0,0,0,0,0,0,0,0,1,133,0,0,0,2,0,37,0,0,0,0,0,0,16,
5,2006,ציפורי,613,1,2,0,655,482,0,482,71,1,4,0,0,0,18,0,0,0,0,1,0,0,0,16,73,1,0,0,0,0,295,0,0,0,0,0,0,2,
2,1039,קרית ארבע,3611,1,1,0,761,596,0,596,2,50,0,0,0,0,298,0,0,0,0,0,0,0,0,7,182,0,0,0,37,0,3,0,0,0,0,0,1,16,
2,1040,קרית ארבע,3611,2,1,0,624,430,3,427,6,33,0,0,0,0,183,0,0,0,0,0,0,0,0,2,152,0,0,0,26,1,5,0,0,0,0,0,1,18,
2,1041,קרית ארבע,3611,3,3,0,648,442,4,438,2,26,0,0,0,0,100,0,0,0,0,0,0,0,1,13,211,0,0,0,57,0,2,0,0,0,0,0,6,20,
2,1042,קרית ארבע,3611,4,2,0,534,420,0,420,2,24,0,1,0,0,179,0,0,0,0,0,0,0,0,2,164,2,0,0,25,0,2,0,0,0,0,0,0,19,
2,1043,קרית ארבע,3611,5,1,0,617,398,4,394,1,42,0,0,0,0,85,0,0,0,0,0,0,0,0,25,182,0,0,0,28,0,8,0,0,0,0,0,0,23,
2,1044,קרית ארבע,3611,6,3,0,492,288,3,285,1,18,0,0,0,0,58,0,0,0,0,0,0,0,0,16,151,0,0,0,17,0,6,1,0,0,0,0,1,16,
2,1045,קרית ארבע,3611,7,2,0,552,369,0,369,3,11,0,0,0,0,114,0,0,0,0,0,0,0,0,1,191,0,0,0,32,0,10,0,0,0,0,0,1,6,
2,1046,קרית ארבע,3611,8,2,0,498,341,2,339,2,2,0,0,0,0,58,0,0,0,0,0,0,0,0,9,241,0,0,0,11,0,3,0,0,0,0,0,0,13,
2,815,קרית יערים,1137,1,3,0,686,460,4,456,2,272,0,0,0,0,18,0,0,0,0,0,0,0,0,1,41,0,0,0,0,0,4,0,0,0,0,0,0,118,
2,816,קרית יערים,1137,2,1,0,743,544,1,543,0,386,0,0,0,0,15,0,0,0,0,0,0,0,0,0,36,0,0,0,10,0,1,0,0,0,0,1,1,93,
2,817,קרית יערים,1137,3,1,0,553,383,2,381,0,264,0,1,0,0,17,0,0,0,0,0,0,0,0,2,26,0,0,0,4,0,1,0,0,0,0,0,0,66,
2,818,קרית יערים,1137,4,4,0,660,575,3,572,1,428,0,0,0,0,4,0,0,0,0,0,0,0,0,0,17,0,0,0,0,0,4,0,0,0,0,0,0,118,
2,819,קרית יערים,1137,5,2,0,690,615,8,607,0,445,0,0,0,0,4,0,0,0,0,0,0,0,0,0,20,1,0,0,2,0,0,0,0,0,0,0,0,135,
17,9212,רבדים,564,1,1,0,589,441,0,441,161,2,9,0,0,0,3,0,0,0,0,0,0,0,1,2,19,0,0,1,0,0,243,0,0,0,0,0,0,0,
9,4081,רגבים,444,1,1,0,414,290,0,290,66,0,9,0,0,0,2,0,0,0,0,0,0,0,0,1,26,0,0,0,0,0,185,0,0,0,0,0,0,1,
2,1117,רימונים,3565,1,1,0,509,366,2,364,5,5,0,0,0,0,27,0,0,0,0,0,0,0,0,24,252,0,0,0,1,0,43,0,0,0,0,0,0,7,
4,1449,רמות,4702,1,1,0,438,337,0,337,37,1,3,2,0,0,7,0,0,0,0,0,0,0,1,12,51,0,0,0,1,0,219,2,0,0,0,0,0,1,
2,821,רמת רזיאל,460,1,2,0,467,344,2,342,74,1,6,0,0,0,22,0,0,0,0,2,0,0,0,12,82,0,0,0,0,0,140,0,0,0,0,0,0,3,
18,9769,רעים,713,1,1,0,358,251,0,251,77,0,0,0,0,0,0,0,0,0,0,0,0,0,0,11,10,0,0,0,0,0,151,1,0,0,0,0,1,0,
19,10446,שדה ורבורג,284,2.1,1,0,499,367,0,367,50,0,3,0,0,0,4,0,0,0,0,0,0,0,0,5,41,0,0,0,0,0,262,0,0,0,0,0,0,2,
19,10447,שדה ורבורג,284,2.2,1,0,499,366,1,365,52,3,5,0,0,0,6,0,0,0,0,0,0,0,0,6,36,0,0,0,0,0,256,0,0,0,0,0,0,1,
5,1921,שדה יעקב,142,1,1,0,628,502,1,501,18,8,0,0,0,0,218,0,0,0,0,0,0,0,0,5,150,0,0,0,4,0,92,0,0,0,0,0,0,6,
18,9770,שדה ניצן,1058,1,1,0,364,211,0,211,52,0,5,0,0,0,12,0,0,0,0,0,0,0,0,2,22,0,0,0,2,0,114,0,0,0,0,0,0,2,
18,9455,שדה צבי,2049,1,1,0,425,336,1,335,25,3,3,0,0,0,17,0,0,0,1,0,0,0,0,3,164,0,0,0,0,0,79,0,0,0,0,0,0,40,
18,9771,שדי אברהם,1223,1,1,0,251,186,0,186,15,0,0,0,0,0,14,0,0,0,0,0,0,0,0,10,25,0,0,0,1,0,120,0,0,0,0,0,0,1,
18,10123,שובל,394,1,1,0,628,452,1,451,157,0,6,1,0,0,1,0,0,0,0,0,0,0,0,7,15,0,0,0,0,0,263,1,0,0,0,0,0,0,
17,9220,שחר,7,1,1,0,521,387,0,387,21,6,0,0,0,0,15,0,0,0,0,0,0,0,0,11,175,1,0,0,2,0,108,0,0,0,0,0,0,48,
12,5806,שילת,1165,1,1,0,499,401,1,400,72,2,5,0,0,0,15,0,0,0,0,0,0,0,0,10,55,0,0,0,0,0,237,0,0,0,0,0,0,4,
17,9221,שלווה,873,1,1,0,388,326,2,324,0,6,0,0,0,0,21,0,0,0,0,0,0,0,0,3,223,0,0,0,2,0,9,0,0,0,0,0,0,60,
18,9772,שלומית,1364,1,2,0,130,113,0,113,0,1,0,0,0,0,83,0,0,0,0,0,0,0,0,0,19,0,0,0,3,0,1,0,0,0,0,0,0,6,
12,5740,שעלבים,856,1,1,0,745,638,0,638,4,50,0,1,0,0,445,0,0,0,0,0,0,0,0,0,98,0,0,0,7,0,11,1,0,0,0,0,0,21,
17,9224,שתולים,763,1,1,0,773,588,2,586,11,2,0,0,0,0,32,0,0,0,0,0,0,0,0,12,347,0,0,0,3,0,139,0,0,0,0,0,0,40,
17,9225,שתולים,763,2,1,0,640,480,0,480,20,5,0,0,0,0,28,0,0,0,0,0,0,0,0,10,251,1,0,0,9,0,134,1,0,0,0,0,0,21,
17,9226,תימורים,163,1,1,0,625,463,1,462,44,0,4,0,0,0,9,0,0,0,0,0,1,0,1,16,72,1,0,0,1,0,310,0,0,0,0,0,0,3,
18,9773,תלמי אליהו,1051,1,1,0,217,129,0,129,4,4,0,0,0,0,7,0,0,0,0,0,0,0,0,1,66,0,0,0,0,0,32,0,0,0,0,0,0,15,
18,9774,תלמי יוסף,1237,1,1,0,269,156,2,154,25,0,0,0,0,0,10,0,0,0,0,0,1,0,0,7,24,0,0,0,0,0,87,0,0,0,0,0,0,0,
17,9227,תלמי יחיאל,727,1,1,0,626,469,0,469,22,0,0,0,0,0,18,0,0,0,0,0,0,0,0,6,170,0,0,0,2,0,236,0,0,0,0,0,0,15,
17,9228,תלמי יפה,744,1,1,0,496,371,0,371,35,0,0,0,0,0,26,0,0,0,0,0,0,0,0,16,107,0,0,0,5,0,180,0,0,0,0,0,0,2,
17,9229,תלמים,814,1,1,0,567,448,2,446,2,29,2,1,0,0,35,0,0,0,0,0,0,0,0,0,245,1,0,0,12,0,24,0,0,0,0,0,0,95,
5,1922,תמרת,1244,1,1,0,559,451,0,451,97,0,5,0,0,0,6,0,0,0,0,0,0,0,0,2,43,0,0,0,0,0,296,0,1,0,0,0,0,1,
5,1923,תמרת,1244,3,1,0,605,443,7,436,68,3,2,0,0,0,4,0,0,0,0,0,0,0,0,10,39,0,0,0,0,0,308,1,0,0,0,0,0,1,
2,959,תעוז,752,1,1,0,430,351,2,349,32,2,1,0,0,0,31,0,0,0,0,0,0,0,0,8,161,2,0,0,2,0,74,0,0,0,0,0,0,36,
18,9466,תקומה,665,1,1,0,488,416,2,414,5,5,0,0,0,0,163,0,0,0,0,0,0,0,0,1,161,1,0,0,2,1,63,0,0,0,0,0,0,12,
18,9879,אבו רובייעה שבט,966,1.1,1,0,677,265,6,259,1,0,243,2,0,0,1,0,0,1,0,0,0,0,0,0,1,0,0,0,0,2,3,0,2,1,0,0,1,1,
18,9880,אבו רובייעה שבט,966,1.2,1,0,677,246,5,241,2,0,219,0,0,0,0,0,1,0,0,0,0,1,0,0,2,0,0,0,1,1,10,0,0,1,1,1,0,1,
18,9881,אבו רובייעה שבט,966,1.3,1,0,677,271,1,270,2,0,264,0,0,0,0,0,0,1,0,0,0,0,0,0,0,0,1,0,1,0,1,0,0,0,0,0,0,0,
18,9882,אבו רובייעה שבט,966,1.4,1,0,677,274,3,271,2,0,261,1,0,0,0,0,0,0,0,0,0,0,0,0,0,0,2,0,1,0,3,0,0,0,0,0,0,1,
18,9883,אבו רובייעה שבט,966,1.5,1,0,677,218,2,216,0,0,205,0,1,0,0,0,0,1,0,0,0,0,0,0,1,0,0,0,1,1,5,0,0,0,0,1,0,0,
18,9884,אבו רובייעה שבט,966,1.6,1,0,675,250,4,246,1,1,239,0,0,0,0,0,0,0,0,0,0,0,0,1,0,0,0,0,0,0,2,0,0,0,0,0,2,0,
8,3387,אבטין,652,1,1,0,584,339,4,335,1,0,316,0,0,0,0,0,0,1,0,0,0,1,0,1,5,0,0,0,0,1,8,0,0,0,0,1,0,0,
8,3388,אבטין,652,2,1,0,575,357,2,355,2,0,348,0,0,0,1,0,0,0,0,0,0,0,0,0,1,0,0,0,0,0,3,0,0,0,0,0,0,0,
8,3389,אבטין,652,3,2,0,659,465,4,461,1,0,446,0,0,0,0,0,0,2,1,0,0,0,0,0,2,0,0,0,0,1,7,0,0,0,0,0,0,1,
9,4071,אביאל,679,1,1,0,519,413,0,413,49,4,6,1,0,0,9,0,0,0,0,0,0,0,0,7,107,1,0,0,1,0,225,0,0,0,0,0,0,3,
2,826,אדרת,1123,1,1,0,570,409,1,408,13,4,0,0,0,0,49,0,0,0,0,0,0,0,0,1,238,1,0,0,3,0,53,0,0,0,0,0,0,46,
18,9894,אום בטין,1358,1,1,0,691,381,2,379,2,0,368,0,0,0,0,0,0,0,0,0,0,0,0,0,4,0,0,0,1,0,0,0,0,0,0,2,0,2,
18,9895,אום בטין,1358,2,1,0,640,382,4,378,0,0,373,0,0,0,0,0,0,1,0,0,0,0,0,0,1,0,0,0,0,0,1,0,0,0,0,1,0,1,
18,9896,אום בטין,1358,3,1,0,680,395,2,393,1,0,384,0,0,0,1,0,1,0,0,0,0,0,0,0,0,0,0,0,0,1,4,0,0,0,1,0,0,0,
10,4503,אומץ,680,1,1,0,512,388,0,388,56,0,1,0,0,0,4,0,0,0,0,0,0,0,0,6,57,0,0,0,0,0,258,0,0,0,0,0,0,6,
19,10126,אורנית,3760,1,1,0,623,437,2,435,15,4,0,2,0,0,134,0,0,0,0,0,0,0,0,17,136,1,0,0,1,0,119,0,0,0,0,0,0,6,
19,10127,אורנית,3760,2,2,0,690,516,0,516,11,2,0,0,0,0,45,0,0,0,0,0,0,0,0,31,190,0,0,0,0,0,234,0,0,0,0,0,0,3,
19,10128,אורנית,3760,3,1,0,554,434,0,434,11,3,1,0,0,0,15,0,0,0,0,0,0,0,0,8,153,0,0,0,2,0,237,0,0,0,0,0,0,4,
19,10129,אורנית,3760,4,1,0,639,488,2,486,20,3,0,0,0,0,51,0,0,0,0,0,0,0,0,15,176,0,0,0,1,0,214,1,0,0,0,0,0,5,
19,10130,אורנית,3760,5,2,0,657,505,2,503,23,3,0,0,0,0,29,0,0,0,0,0,0,0,0,22,167,0,0,0,3,0,245,1,0,0,0,0,0,10,
19,10131,אורנית,3760,6,1,0,631,458,1,457,32,7,0,0,0,0,54,0,0,0,0,0,1,0,0,25,175,0,0,0,0,0,154,0,0,0,0,0,0,9,
19,10132,אורנית,3760,7,1,0,583,461,1,460,30,2,1,0,0,0,23,0,0,0,0,0,0,0,0,14,133,0,0,0,0,0,248,1,0,0,0,1,0,7,
19,10133,אורנית,3760,8,1,0,652,504,0,504,28,8,0,0,0,0,33,0,0,0,0,0,0,0,0,15,154,0,0,0,1,0,252,0,0,0,1,0,0,12,
19,10134,אורנית,3760,9,2,0,674,570,0,570,22,4,0,0,0,0,137,0,0,0,0,0,0,0,0,17,183,0,0,0,3,0,198,0,0,0,0,0,0,6,
19,10135,אורנית,3760,10,1,0,718,564,2,562,24,0,0,0,0,0,55,0,0,0,0,0,0,0,0,31,174,0,0,0,1,0,268,0,0,0,0,0,0,9,
8,3491,אושה,278,1,1,0,368,260,0,260,48,0,4,0,0,0,4,0,0,0,0,0,0,0,0,6,20,0,0,0,1,0,177,0,0,0,0,0,0,0,
6,2205,אילון,294,1,1,0,365,284,0,284,91,0,1,0,0,0,4,0,0,0,0,0,0,0,0,7,40,1,0,0,0,0,139,0,0,0,0,0,0,1,
6,2206,אילון,294,2,1,0,454,337,2,335,96,1,8,2,0,0,13,0,0,0,0,0,0,0,0,6,52,0,0,0,0,0,157,0,0,0,0,0,0,0,
19,10136,איתמר,3762,1,1,0,592,442,0,442,0,46,0,2,0,0,272,0,0,0,0,0,0,0,0,1,79,0,0,0,16,0,1,0,0,0,0,0,1,24,
19,10137,אלון מורה,3579,1,1,0,508,386,0,386,0,15,0,0,0,0,265,0,0,0,0,0,0,0,0,0,62,0,0,0,36,0,0,0,0,0,0,0,0,8,
19,10138,אלון מורה,3579,2,1,0,416,330,2,328,1,12,0,0,0,0,229,0,0,0,0,0,0,0,0,1,46,0,0,0,26,0,1,0,0,0,0,0,0,12,
10,4510,אלישיב,204,1,2,0,469,350,0,350,12,2,0,0,0,0,26,0,0,0,0,0,0,0,1,1,191,0,0,0,3,0,87,0,0,0,0,0,0,27,
19,10154,אריאל,3570,1,18,0,627,394,2,392,10,2,0,1,0,0,49,0,0,0,0,0,0,0,0,53,224,0,0,0,3,0,42,0,0,0,0,0,0,8,
19,10155,אריאל,3570,2,9,0,637,398,2,396,6,4,1,1,0,0,34,0,0,0,0,0,0,0,0,56,219,0,0,0,2,0,71,0,0,0,0,0,0,2,
19,10156,אריאל,3570,3,10,0,564,313,5,308,3,1,0,0,0,0,12,0,0,0,0,0,0,0,0,74,164,0,0,0,8,0,40,0,0,0,0,0,0,6,
19,10157,אריאל,3570,4,10,0,673,346,2,344,4,4,0,2,0,0,13,0,1,0,0,0,0,0,0,80,181,1,0,0,0,0,42,2,0,0,0,0,2,12,
19,10158,אריאל,3570,5,3,0,616,391,2,389,7,4,0,0,0,0,26,0,0,0,0,0,0,0,0,51,227,1,0,0,1,0,66,1,0,0,0,0,0,5,
19,10159,אריאל,3570,6,19,0,736,519,6,513,6,2,0,2,0,0,51,0,0,0,0,0,0,0,0,75,284,0,0,0,3,0,84,0,0,0,0,0,0,6,
19,10160,אריאל,3570,7,15,0,588,365,3,362,2,5,0,0,0,0,31,0,0,0,0,0,0,0,0,51,196,0,1,0,3,0,57,0,0,0,0,0,0,16,
19,10161,אריאל,3570,8,4,0,680,425,3,422,5,3,0,0,0,0,36,0,0,0,0,0,0,0,0,94,214,0,0,0,3,0,61,0,0,0,0,0,0,6,
19,10162,אריאל,3570,9,21,0,654,517,9,508,3,29,0,0,0,0,154,0,0,0,0,0,0,0,0,61,199,0,0,0,10,0,44,0,0,0,0,0,0,8,
19,10163,אריאל,3570,10,20,0,505,325,0,325,2,0,0,0,0,0,17,1,0,0,0,0,0,0,0,75,177,0,0,0,1,0,45,0,0,0,0,0,1,6,
19,10164,אריאל,3570,11,9,0,725,446,6,440,7,2,0,1,0,0,23,0,0,0,0,0,0,0,0,63,265,0,0,0,3,0,65,1,0,0,0,0,1,9,
19,10165,אריאל,3570,12,6,0,546,333,3,330,1,2,0,0,0,0,16,0,0,0,0,0,0,0,0,79,175,0,0,0,3,0,43,1,0,0,0,0,0,10,
19,10166,אריאל,3570,13,10,0,502,344,3,341,7,0,1,0,0,0,27,0,1,0,1,0,0,0,0,40,201,1,0,0,3,0,52,0,0,0,0,0,0,7,
19,10167,אריאל,3570,14,11,0,515,327,3,324,3,2,0,2,0,0,21,0,0,0,0,0,0,0,0,72,188,0,0,0,1,0,32,0,0,0,0,0,1,2,
19,10168,אריאל,3570,15,7,0,773,612,2,610,8,6,0,1,0,0,119,0,0,0,0,0,0,0,0,69,314,0,1,0,6,0,67,0,1,0,0,0,0,18,
19,10169,אריאל,3570,16,17,0,611,364,4,360,5,4,0,1,0,0,21,0,0,0,0,0,0,0,0,81,200,0,0,0,0,0,42,0,0,0,0,0,0,6,
19,10170,אריאל,3570,17,3,0,628,381,5,376,6,2,1,1,0,0,29,0,0,0,0,0,0,0,0,77,209,1,0,0,1,0,45,0,0,0,0,0,0,4,
19,10171,אריאל,3570,18,16,0,703,437,4,433,4,1,0,2,0,0,31,0,0,0,0,0,0,0,0,120,205,0,0,0,2,0,62,1,0,0,0,0,1,4,
19,10172,אריאל,3570,20,4,0,467,293,1,292,3,1,0,0,0,0,15,0,0,0,0,0,0,0,0,68,172,1,0,0,0,0,25,0,0,0,0,0,0,7,
19,10173,אריאל,3570,21,2,0,604,356,4,352,5,6,0,2,0,0,24,0,0,0,0,0,0,0,0,125,137,0,0,0,3,0,43,2,0,0,0,0,2,3,
19,10174,אריאל,3570,22,2,0,572,361,1,360,6,16,1,0,0,0,36,0,0,0,0,0,1,0,0,60,174,0,0,0,7,0,50,2,0,0,0,0,0,7,
19,10175,אריאל,3570,23,13,0,665,451,11,440,4,9,1,2,0,0,65,0,0,0,0,0,0,0,0,102,192,0,0,0,2,0,56,0,0,0,0,0,2,5,
19,10176,אריאל,3570,24,2,0,482,274,2,272,3,2,3,0,0,0,19,0,0,0,0,0,0,0,0,69,136,0,0,0,0,0,33,0,0,0,0,0,1,6,
19,10177,אריאל,3570,25,11,0,566,372,2,370,8,4,2,5,0,0,29,0,0,0,0,0,0,0,0,92,180,1,0,0,0,0,43,1,0,0,0,0,2,3,
19,10178,אריאל,3570,26,16,0,507,350,3,347,1,1,0,1,0,0,52,0,0,0,0,0,0,0,0,40,200,0,0,0,6,0,32,0,0,0,0,0,0,14,
4,1375,אשדות יעקב  מאוחד,188,1,1,0,520,362,0,362,73,0,0,0,0,0,20,0,0,0,0,0,0,0,0,17,58,0,0,0,0,0,191,0,0,0,0,0,1,2,
18,10072,אשלים,1152,1,1,0,409,300,1,299,40,3,2,0,0,0,22,0,0,0,0,0,0,0,0,18,82,0,0,0,2,0,127,0,0,0,0,0,0,3,
18,9860,באר אורה,21,1,1,0,593,446,1,445,34,2,6,0,0,0,12,0,0,0,0,0,0,0,0,38,139,0,1,0,0,0,197,0,0,0,0,0,0,16,
17,9129,באר טוביה,155,1,1,0,808,643,2,641,76,0,2,0,0,0,14,0,0,0,0,0,0,0,0,11,76,0,0,0,1,0,453,0,0,0,0,0,0,8,
19,10179,בית אריה,3652,1,2,0,411,305,0,305,5,4,0,0,0,0,26,0,0,0,0,0,0,0,0,20,152,0,0,0,3,0,81,2,0,0,0,0,0,12,
19,10180,בית אריה,3652,5.1,1,0,628,466,0,466,9,1,0,1,0,0,23,0,0,0,0,0,0,0,0,23,260,0,0,0,0,0,137,0,0,0,0,0,0,12,
19,10181,בית אריה,3652,5.2,1,0,628,441,0,441,8,2,1,1,0,0,42,0,0,0,0,0,0,0,0,24,233,0,0,0,4,0,105,0,0,0,0,0,1,20,
19,10182,בית אריה,3652,5.3,1,0,628,475,3,472,15,1,0,2,0,0,45,0,0,0,0,0,0,0,0,11,257,1,0,0,3,0,127,1,0,0,0,0,0,9,
19,10183,בית אריה,3652,5.4,1,0,628,439,0,439,9,1,0,1,0,0,47,0,0,0,0,0,0,0,0,15,239,1,0,0,2,0,115,0,0,0,0,0,0,9,
19,10184,בית אריה,3652,101,101,0,710,522,4,518,13,15,0,3,0,0,55,0,0,0,0,0,0,0,0,16,312,0,0,0,5,0,66,0,0,0,0,0,0,33,
13,6326,בית חנן,159,1,1,0,521,402,0,402,52,0,2,0,0,0,8,0,0,0,0,0,0,0,0,10,60,0,0,0,0,0,268,0,0,0,0,0,0,2,
2,749,בית מאיר,751,1,1,0,364,267,1,266,2,28,0,1,1,0,69,0,0,0,0,0,0,0,0,0,113,0,0,0,2,0,15,0,0,0,0,0,0,35,
12,5684,בית נחמיה,784,1,1,0,622,471,4,467,63,2,3,1,0,0,14,0,0,0,0,0,0,0,0,5,166,1,0,0,2,0,205,0,0,0,0,0,0,5,
12,5685,בית עוזיאל,301,1,1,0,461,353,0,353,18,0,0,0,0,0,20,0,0,0,0,0,0,0,0,5,175,0,0,0,8,0,95,0,0,0,0,0,0,32,
18,10073,בית קמה,598,1,1,0,675,545,1,544,144,1,3,2,0,0,5,0,0,0,0,0,0,0,0,16,66,0,0,0,1,0,305,0,0,0,0,0,0,1,
12,5688,בן שמן מושב,2013,1,1,0,591,466,1,465,61,2,1,1,0,0,12,0,0,0,0,0,0,0,0,8,116,0,0,0,1,0,254,0,1,1,0,0,0,7,
6,2210,בצת,589,1,1,0,298,224,0,224,27,0,6,1,0,0,6,0,0,0,0,0,0,0,0,5,57,0,3,0,0,0,113,0,0,0,0,0,0,6,
19,10186,ברכה,3710,1,2,0,618,534,2,532,0,17,2,0,0,0,199,0,0,0,0,0,0,0,0,0,279,0,0,0,24,0,5,0,0,0,0,0,0,6,
19,10187,ברכה,3710,2,2,0,545,471,1,470,1,4,1,0,0,0,121,0,0,0,0,0,0,0,0,0,320,0,0,0,12,0,3,0,0,0,0,0,0,8,
19,10188,ברקן,3654,1,2,0,600,429,2,427,13,0,2,0,0,0,36,0,0,0,0,0,0,0,0,38,253,0,0,0,5,0,78,0,0,0,0,0,0,2,
19,10189,ברקן,3654,2,2,0,781,572,3,569,5,2,2,1,0,0,60,0,0,0,0,0,0,0,0,43,354,0,0,0,0,0,94,0,0,0,0,0,0,8,
11,5215,ברקת,2038,1,1,0,681,559,0,559,1,48,0,0,0,0,33,0,0,0,0,0,0,0,0,0,332,0,0,0,22,0,15,0,0,0,0,0,0,108,
11,5216,ברקת,2038,2,1,0,443,364,0,364,0,30,0,0,0,0,32,0,0,0,0,0,0,0,0,1,219,1,0,0,8,0,3,0,0,0,0,0,0,70,
10,4514,בת חן,1361,1,2,0,417,319,4,315,38,3,1,0,0,0,5,0,0,0,0,0,0,0,0,5,29,0,0,0,0,0,230,0,0,0,0,0,0,4,
19,10190,גלגוליה,627,1,2,0,680,535,1,534,26,0,499,0,0,0,0,0,0,0,0,0,0,0,0,0,1,0,0,0,0,0,8,0,0,0,0,0,0,0,
19,10191,גלגוליה,627,2,7,0,722,586,1,585,8,0,577,0,0,0,0,0,0,0,0,0,0,0,0,0,0,0,0,0,0,0,0,0,0,0,0,0,0,0,
19,10192,גלגוליה,627,3,8,0,671,531,1,530,12,0,517,0,0,0,0,0,0,0,0,0,0,0,0,0,0,0,0,0,0,0,1,0,0,0,0,0,0,0,
19,10193,גלגוליה,627,4,4,0,698,546,0,546,10,0,529,0,0,0,0,0,0,0,0,1,0,0,0,1,1,0,1,0,0,0,2,0,0,0,1,0,0,0,
19,10194,גלגוליה,627,5,4,0,741,595,4,591,43,0,542,0,0,0,1,0,0,0,0,0,0,0,0,0,0,0,0,1,0,0,3,0,0,0,0,0,0,1,
19,10195,גלגוליה,627,6,5,0,725,601,1,600,49,0,540,0,0,0,0,0,0,0,0,0,0,0,0,0,0,0,0,0,0,0,9,0,0,1,1,0,0,0,
19,10196,גלגוליה,627,7,6,0,717,580,2,578,22,0,551,0,0,0,0,0,0,0,0,0,0,0,0,0,0,0,0,0,0,1,3,0,0,1,0,0,0,0,
19,10197,גלגוליה,627,8,6,0,696,551,2,549,19,0,528,0,0,0,0,0,0,0,0,0,0,0,0,0,0,0,0,0,0,0,0,0,0,1,1,0,0,0,
19,10198,גלגוליה,627,9,8,0,733,553,1,552,13,0,533,0,0,0,0,0,0,1,0,1,0,0,0,0,0,0,0,0,1,0,3,0,0,0,0,0,0,0,
4,1432,גבעת יואב,4021,1,1,0,471,331,3,328,30,0,2,1,0,0,19,0,0,0,0,0,0,0,0,21,76,1,0,0,0,0,178,0,0,0,0,0,0,0,
2,932,גבעת ישעיהו,919,1,2,0,513,391,0,391,103,1,9,1,0,0,14,0,0,0,0,0,0,0,0,10,64,0,0,0,1,0,178,0,0,0,0,0,0,10,
9,4073,גבעת נילי,360,1,1,0,439,341,0,341,29,3,1,1,0,0,6,0,0,0,0,0,0,0,0,6,167,2,0,0,0,0,122,0,0,0,0,0,0,4,
17,9143,גבעתי,793,1,1,1,654,493,2,491,21,3,0,1,0,0,33,0,0,0,0,0,0,0,0,7,256,0,0,0,0,0,112,0,0,0,0,0,0,58,
12,5691,גמזו,745,1,1,0,676,553,1,552,17,18,0,2,0,0,313,0,0,0,0,0,0,0,0,2,139,0,0,0,9,0,27,0,0,0,0,0,0,25,
10,4547,גנות הדר,549,1,1,0,713,545,1,544,38,2,1,0,0,0,9,0,0,0,0,0,0,0,0,10,146,0,0,0,0,0,327,0,0,0,0,0,0,11,
13,6458,גני יוחנן,862,1,1,0,531,400,1,399,24,3,1,0,0,0,15,0,0,0,0,0,0,0,0,3,145,0,0,0,1,0,195,1,0,0,0,0,0,11,
6,2214,גשר הזיו,574,1,2,0,681,470,0,470,79,0,3,0,0,0,10,0,0,0,0,0,0,1,0,18,136,0,0,0,1,0,219,0,0,0,0,0,0,3,
6,2215,גשר הזיו,574,2,2,0,500,349,3,346,63,0,4,0,0,0,10,0,0,0,0,0,0,0,0,14,74,1,0,0,1,0,178,1,0,0,0,0,0,0,
17,9147,גת קיבוץ,340,1,1,0,564,408,1,407,99,0,1,1,0,0,5,0,0,0,0,0,0,0,0,4,44,0,0,0,1,0,252,0,0,0,0,0,0,0,
4,1379,דגניה ב,79,1,1,0,567,404,1,403,90,1,0,0,0,0,10,0,0,0,0,0,0,0,0,4,36,0,0,0,0,0,262,0,0,0,0,0,0,0,
6,2564,דייר חנא,492,1,1,0,667,520,0,520,3,1,481,0,0,0,0,0,0,0,0,0,0,0,0,1,2,0,0,0,0,1,1,0,0,0,0,0,0,30,
6,2565,דייר חנא,492,2,3,0,707,562,1,561,1,1,550,0,0,0,1,0,0,0,1,0,0,0,0,0,2,0,0,0,0,0,3,0,0,0,0,0,1,1,
6,2566,דייר חנא,492,3,2,0,659,529,2,527,3,0,506,0,0,0,2,0,0,0,0,0,0,0,0,3,7,0,0,0,0,0,4,0,0,0,0,0,0,2,
6,2567,דייר חנא,492,4,2,0,639,502,2,500,1,0,488,0,0,0,0,0,0,0,0,0,0,0,0,1,1,0,0,0,0,1,4,0,0,1,0,0,0,3,
6,2568,דייר חנא,492,5,3,0,652,554,0,554,0,0,542,0,0,0,0,0,0,0,0,0,0,0,1,0,3,0,0,0,0,0,2,0,0,0,0,0,0,6,
6,2569,דייר חנא,492,6,1,0,630,501,1,500,5,0,482,0,0,0,0,0,0,0,0,0,0,0,1,2,4,0,0,0,0,0,5,0,0,0,0,0,0,1,
6,2570,דייר חנא,492,7,2,0,666,530,0,530,8,0,513,0,0,0,0,0,0,0,0,0,0,0,0,1,2,0,0,0,0,0,4,0,0,0,0,0,0,2,
6,2571,דייר חנא,492,8,1,0,682,521,1,520,3,0,505,0,0,0,0,0,0,0,0,0,0,0,0,0,3,0,0,0,0,0,4,0,0,0,0,1,1,3,
6,2572,דייר חנא,492,9,1,0,617,541,2,539,8,0,526,0,0,0,0,0,0,0,0,0,0,0,0,1,0,0,0,0,0,0,0,0,0,0,0,0,0,4,
6,2573,דייר חנא,492,10,2,0,715,563,0,563,3,0,555,1,0,0,0,0,0,0,0,0,0,0,0,0,0,0,0,0,0,0,3,0,0,0,0,0,0,1,
6,2574,דייר חנא,492,11,3,0,688,537,0,537,2,0,522,0,0,0,0,0,0,0,0,0,0,0,0,1,2,0,0,0,0,0,8,0,0,0,0,0,0,2,
6,2741,הילה,1208,1,1,0,487,333,1,332,85,1,8,0,0,0,8,0,0,0,0,0,0,0,0,2,38,1,0,0,1,0,185,0,0,0,0,0,0,3,
10,4525,חגלה,205,1,1,0,503,398,0,398,82,0,3,0,0,0,6,0,0,0,0,0,0,0,0,6,40,0,0,0,0,0,260,0,0,0,0,0,0,1,
12,5697,חולדה,160,1,1,0,657,536,1,535,102,1,1,0,0,0,13,0,0,0,0,0,0,0,0,9,79,0,0,0,1,0,328,0,0,0,0,0,0,1,
18,9279,חצבה,13,1,1,0,519,396,5,391,45,1,0,0,0,0,25,0,0,0,0,0,1,0,0,12,30,1,0,0,1,0,274,0,0,0,0,0,0,1,
8,3350,יגור,96,1,1,0,680,463,1,462,126,0,0,1,0,0,6,0,0,0,0,0,0,0,0,9,24,1,0,0,0,0,294,0,0,0,0,0,0,1,
8,3351,יגור,96,3,1,0,673,459,0,459,131,0,3,0,0,0,2,0,0,0,0,0,0,2,0,6,21,0,0,0,0,0,293,0,0,0,0,0,0,1,
18,9863,יטבתה,866,1,1,0,683,436,0,436,162,5,0,0,0,0,6,0,0,0,0,0,0,0,0,14,20,0,0,0,1,0,226,0,0,0,0,0,0,2,
6,2218,יערה,795,1,2,0,557,403,2,401,17,3,5,2,0,0,13,0,0,0,0,0,0,0,0,11,188,0,0,0,1,0,70,0,0,0,0,0,0,91,
5,1691,יפיע,499,1,1,0,759,495,2,493,2,0,468,0,0,0,0,0,0,1,0,0,0,0,0,0,11,0,1,0,0,0,5,0,0,0,0,0,0,5,
5,1692,יפיע,499,2,1,0,668,420,8,412,5,0,392,0,0,0,0,0,0,2,0,0,0,0,0,1,3,0,0,1,0,0,7,0,0,0,0,1,0,0,
5,1693,יפיע,499,3,2,0,749,463,9,454,8,0,435,0,0,0,0,0,0,1,0,0,1,0,0,0,2,1,1,0,0,0,4,0,1,0,0,0,0,0,
5,1694,יפיע,499,4,2,0,737,487,1,486,6,0,468,1,0,0,0,0,0,0,0,0,0,0,0,0,7,0,0,0,0,0,4,0,0,0,0,0,0,0,
5,1695,יפיע,499,5,4,0,647,497,1,496,4,0,476,0,0,0,1,0,0,0,0,0,0,0,0,3,6,0,0,0,0,1,3,0,0,0,0,0,0,2,
5,1696,יפיע,499,6,3,0,708,494,3,491,2,0,473,0,0,0,0,0,0,1,0,0,1,0,0,0,3,0,0,0,0,1,8,0,0,0,0,0,0,2,
5,1697,יפיע,499,7,3,0,770,500,0,500,14,0,466,5,0,0,0,0,0,0,0,0,0,0,0,4,3,0,0,0,0,0,6,0,0,0,0,0,0,2,
5,1698,יפיע,499,8,3,0,777,491,2,489,18,0,452,0,0,0,0,0,0,1,1,0,0,0,0,0,10,0,0,0,0,1,6,0,0,0,0,0,0,0,
5,1699,יפיע,499,9,4,0,764,511,5,506,4,0,494,0,0,0,0,0,0,0,0,0,0,1,0,0,5,0,0,0,0,0,1,0,0,1,0,0,0,0,
5,1700,יפיע,499,10,6,0,779,527,3,524,2,0,511,0,0,0,0,0,0,0,0,0,0,0,0,0,3,0,0,0,0,0,4,0,0,0,0,0,1,3,
5,1701,יפיע,499,11,5,0,773,508,2,506,14,0,467,0,0,0,0,0,0,1,0,0,1,0,0,0,13,0,1,0,0,0,4,0,1,0,0,0,0,4,
5,1702,יפיע,499,12,2,1,725,488,3,485,9,0,449,0,0,0,1,0,0,4,0,0,0,0,0,2,12,0,0,0,0,0,7,0,0,0,1,0,0,0,
5,1703,יפיע,499,13,6,0,738,479,2,477,8,0,461,0,0,0,0,0,0,0,0,0,0,0,0,0,2,0,0,0,0,0,6,0,0,0,0,0,0,0,
5,1704,יפיע,499,14,1,0,717,446,1,445,11,0,416,0,0,0,0,0,0,1,0,0,0,0,0,0,5,0,0,0,0,0,8,0,1,1,0,0,0,2,
5,1705,יפיע,499,15,2,0,698,475,1,474,6,0,449,0,0,0,0,0,0,1,1,0,0,0,0,1,4,0,0,0,0,1,7,1,0,0,0,1,0,2,
5,1706,יפיע,499,16,4,0,774,508,1,507,24,0,458,1,0,0,0,0,0,1,0,0,0,0,0,0,12,0,0,0,0,0,7,0,0,1,1,0,1,1,
5,1707,יפיע,499,17,5,0,713,466,5,461,1,0,450,0,0,0,0,0,0,0,1,0,0,0,0,2,0,0,1,0,0,0,3,0,1,0,0,0,0,2,
5,1708,יפיע,499,18,5,0,686,450,6,444,7,0,426,0,0,0,0,0,0,0,0,0,0,0,0,1,4,0,1,0,0,0,5,0,0,0,0,0,0,0,
19,10199,יצהר,3749,1,1,0,684,529,1,528,0,144,0,1,0,0,186,0,0,0,0,0,0,0,0,1,58,0,0,0,123,0,1,0,0,0,0,0,1,13,
10,4648,יקום,417,1,2,0,545,427,3,424,144,0,7,0,0,0,2,0,0,0,0,0,0,0,0,7,12,0,0,0,0,0,252,0,0,0,0,0,0,0,
19,10200,יקיר,3647,1,2,0,607,542,0,542,2,6,0,0,0,0,318,0,0,0,0,0,0,0,0,1,190,0,0,0,10,0,5,0,0,0,0,0,0,10,
19,10201,יקיר,3647,2,2,0,604,487,1,486,0,7,0,1,0,0,288,0,0,0,0,0,0,0,1,1,158,0,0,0,12,0,8,0,0,0,0,0,0,10,
6,2219,כברי,576,1,1,0,437,316,0,316,79,0,6,0,0,0,3,0,0,0,0,0,0,0,0,6,19,0,0,0,0,0,203,0,0,0,0,0,0,0,
6,2220,כברי,576,2,1,0,408,285,1,284,67,0,1,0,0,0,5,0,0,0,0,0,0,0,0,3,11,0,0,0,1,0,196,0,0,0,0,0,0,0,
2,1057,כוכב השחר,3564,1,1,0,646,520,0,520,0,57,0,1,0,0,343,0,0,0,0,0,0,0,0,0,85,0,0,0,17,0,4,0,0,0,0,0,1,12,
2,1058,כוכב השחר,3564,2,1,0,588,482,0,482,0,45,0,0,0,0,317,0,0,0,0,0,0,0,0,0,80,0,0,0,23,0,2,1,0,0,0,0,0,14,
18,9933,כסיפה,1059,1,3,0,773,537,5,532,46,0,483,0,1,0,0,0,0,0,0,0,0,0,0,0,0,0,0,0,0,0,2,0,0,0,0,0,0,0,
18,9934,כסיפה,1059,2,1,0,656,458,1,457,0,0,430,0,0,0,0,0,0,0,0,0,0,0,0,0,3,0,0,0,0,0,24,0,0,0,0,0,0,0,
18,9935,כסיפה,1059,3,1,0,552,356,2,354,2,0,345,0,0,0,0,0,0,0,0,0,0,0,0,1,0,1,0,0,0,0,3,0,0,0,1,0,1,0,
18,9936,כסיפה,1059,4,6,0,682,343,2,341,3,0,324,0,0,0,0,1,0,0,0,0,0,0,0,0,1,0,1,0,0,0,9,0,0,0,0,1,0,1,
18,9937,כסיפה,1059,5,7,0,707,423,1,422,3,0,391,0,0,0,1,0,0,0,0,1,0,0,0,0,4,0,0,1,0,0,16,1,0,0,0,2,2,0,
18,9938,כסיפה,1059,6,2,0,569,261,2,259,1,0,244,0,0,0,1,0,0,0,0,0,0,0,1,0,1,0,1,0,0,2,6,0,1,0,0,0,1,0,
18,9939,כסיפה,1059,7,5,0,765,552,2,550,0,0,525,0,0,0,0,0,0,0,0,0,0,0,0,7,3,0,1,0,0,0,4,0,0,0,0,0,0,10,
18,9940,כסיפה,1059,8,4,0,738,366,4,362,2,1,344,0,0,0,0,0,0,1,0,0,0,0,0,0,0,0,0,1,0,1,10,0,1,0,0,0,1,0,
18,9941,כסיפה,1059,9,4,0,575,303,0,303,1,0,294,0,0,0,0,0,0,0,0,1,0,0,0,0,1,0,0,1,0,0,5,0,0,0,0,0,0,0,
18,9942,כסיפה,1059,10,2,0,644,478,2,476,2,0,430,0,0,0,0,0,0,1,0,0,0,0,0,1,1,0,0,0,0,0,41,0,0,0,0,0,0,0,
18,9943,כסיפה,1059,11,7,0,736,406,4,402,2,0,385,1,0,0,0,0,0,4,0,3,0,0,0,0,1,0,0,0,0,0,3,0,1,0,0,1,0,1,
18,9944,כסיפה,1059,12,1,0,560,365,1,364,1,0,352,0,0,0,1,0,0,0,0,0,0,0,0,0,1,0,0,0,1,0,6,0,1,0,0,0,1,0,
18,9945,כסיפה,1059,13,2,0,574,343,1,342,0,0,319,0,0,0,0,0,0,0,0,0,0,0,0,0,6,0,0,2,0,1,12,0,1,1,0,0,0,0,
13,6564,כפר אביב,857,1,1,0,536,411,0,411,41,3,1,0,0,0,9,0,0,0,0,0,0,0,0,9,86,0,0,0,2,0,255,0,0,0,0,0,0,5,
19,10202,כפר ברא,633,1,1,0,554,420,2,418,5,0,410,0,0,0,0,0,0,0,0,0,0,0,0,0,2,0,0,0,0,0,1,0,0,0,0,0,0,0,
19,10203,כפר ברא,633,2,2,0,566,428,5,423,6,0,412,0,0,0,0,0,0,0,0,0,0,0,0,0,2,0,0,0,0,0,3,0,0,0,0,0,0,0,
19,10204,כפר ברא,633,3,3,0,618,503,1,502,2,0,497,0,0,0,0,0,0,0,0,0,0,0,0,0,1,0,0,0,0,0,1,0,1,0,0,0,0,0,
19,10205,כפר ברא,633,4,1,0,614,445,1,444,2,0,439,0,0,0,0,0,0,0,0,0,0,0,0,0,0,0,0,0,0,0,3,0,0,0,0,0,0,0,
17,9166,כפר הריף,888,1,1,0,579,470,1,469,59,0,4,0,0,0,20,0,0,0,0,0,0,0,0,9,86,0,0,0,0,0,286,0,0,0,0,0,0,5,
4,1440,כפר חרוב,4004,1,1,0,400,236,0,236,44,0,2,0,0,0,1,0,0,0,0,0,0,0,0,3,26,0,0,0,0,0,160,0,0,0,0,0,0,0,
10,4550,כפר ידידיה,233,1,1,0,487,398,0,398,61,0,2,1,0,0,5,0,0,0,0,0,0,0,0,2,35,0,0,0,0,0,291,1,0,0,0,0,0,0,
10,4651,כפר יעבץ,170,1,1,0,474,379,3,376,4,18,1,0,0,0,48,0,0,0,0,0,0,0,0,2,227,0,0,0,1,0,27,0,0,0,0,0,0,48,
10,4578,כפר מונש,387,1,1,0,628,461,0,461,53,1,9,0,0,0,4,0,0,0,0,0,0,0,0,5,48,0,0,0,0,0,341,0,0,0,0,0,0,0,
13,6567,כפר מרדכי,764,1,1,0,461,363,1,362,56,1,1,0,0,0,3,0,0,0,0,0,0,0,0,9,36,0,0,0,0,0,253,0,0,0,0,0,1,2,
10,4652,כפר נטר,316,1,1,1,716,566,2,564,72,0,1,0,0,0,9,0,0,0,0,0,0,0,0,15,88,0,0,0,1,0,372,1,0,0,0,0,0,5,
19,10206,כפר קאסם,634,1,6,0,645,414,3,411,31,0,372,0,0,0,0,0,0,1,1,0,0,0,0,0,1,0,0,0,0,2,2,0,0,0,0,0,0,1,
19,10207,כפר קאסם,634,2,1,0,712,485,3,482,8,0,464,0,0,0,2,0,0,2,0,0,1,0,0,0,1,0,0,0,0,0,2,0,1,0,0,0,1,0,
19,10208,כפר קאסם,634,3,11,0,728,500,5,495,12,0,478,0,0,0,0,0,0,2,0,0,0,0,0,0,0,0,0,1,1,0,0,0,1,0,0,0,0,0,
19,10209,כפר קאסם,634,4,1,0,712,458,7,451,26,0,417,0,0,0,1,0,0,0,0,0,0,0,0,0,1,0,0,0,0,0,4,1,0,0,0,0,1,0,
19,10210,כפר קאסם,634,5,8,0,679,521,1,520,43,2,468,0,0,0,0,0,0,2,0,0,0,0,0,0,0,0,0,0,1,0,4,0,0,0,0,0,0,0,
19,10211,כפר קאסם,634,6,8,0,670,511,3,508,28,0,474,1,0,0,1,0,0,0,0,0,0,0,0,0,1,0,1,0,0,0,0,0,0,0,0,0,1,1,
19,10212,כפר קאסם,634,7,2,0,683,508,2,506,29,1,466,0,0,0,0,0,0,0,0,0,0,0,0,0,4,0,0,0,0,0,6,0,0,0,0,0,0,0,
19,10213,כפר קאסם,634,8,7,0,682,500,8,492,26,0,453,0,0,0,0,0,0,0,1,0,0,0,0,0,2,0,0,0,0,1,7,0,0,1,0,0,0,1,
19,10214,כפר קאסם,634,9,2,0,678,525,2,523,43,1,460,0,0,0,0,0,0,1,0,0,0,0,0,0,4,0,0,1,0,0,12,0,0,0,0,0,0,1,
19,10215,כפר קאסם,634,10,6,0,647,537,2,535,31,0,497,0,0,0,0,0,0,1,0,0,0,0,0,0,1,0,0,0,0,0,2,0,0,1,1,1,0,0,
19,10216,כפר קאסם,634,11,4,0,672,526,0,526,33,0,488,0,0,0,1,0,0,1,0,0,0,0,0,0,0,0,0,0,0,0,3,0,0,0,0,0,0,0,
19,10217,כפר קאסם,634,12,9,0,623,456,1,455,20,0,430,0,1,0,0,0,0,0,0,0,0,0,0,0,1,0,0,0,0,1,1,0,0,1,0,0,0,0,
19,10218,כפר קאסם,634,13,2,0,710,508,4,504,38,1,445,0,0,0,0,0,0,0,0,0,0,0,0,0,6,0,0,0,1,0,7,0,1,0,1,0,1,3,
19,10219,כפר קאסם,634,14,7,0,611,509,5,504,34,0,462,0,1,0,0,0,0,0,0,0,0,0,0,0,1,0,0,0,0,0,5,0,0,0,0,0,0,1,
19,10220,כפר קאסם,634,15,6,0,623,505,2,503,22,0,478,0,0,0,0,0,0,0,0,0,0,0,1,0,2,0,0,0,0,0,0,0,0,0,0,0,0,0,
19,10221,כפר קאסם,634,16,10,0,631,462,1,461,18,0,436,0,0,0,0,0,0,0,0,0,0,0,0,0,1,0,0,1,0,0,5,0,0,0,0,0,0,0,
19,10222,כפר קאסם,634,17,10,0,667,494,2,492,83,0,405,0,0,0,0,0,0,0,0,0,0,0,0,0,2,0,0,0,0,0,1,0,0,0,0,0,0,1,
19,10223,כפר קאסם,634,18,1,0,736,474,6,468,40,0,414,0,0,0,1,0,0,1,0,0,0,0,0,0,8,0,0,0,0,0,1,0,0,1,2,0,0,0,
19,10224,כפר קאסם,634,19,11,0,586,444,4,440,27,0,408,0,0,0,0,0,0,0,0,0,0,0,0,0,0,0,0,0,0,0,2,0,1,0,0,0,1,1,
19,10225,כפר קאסם,634,20,6,0,606,463,3,460,33,1,422,0,0,0,0,0,0,0,0,0,0,0,0,0,1,0,0,0,0,1,2,0,0,0,0,0,0,0,
19,10226,כפר קאסם,634,21,7,0,623,479,5,474,36,0,433,0,0,0,0,0,0,0,0,0,0,0,0,0,1,0,0,0,0,0,3,0,0,0,0,1,0,0,
19,10227,כפר קאסם,634,22,9,0,620,466,1,465,34,0,420,0,0,0,0,0,0,1,0,0,0,0,0,0,2,0,0,0,1,1,6,0,0,0,0,0,0,0,
19,10228,כפר קאסם,634,23,9,0,595,440,2,438,30,0,402,0,0,0,0,0,1,1,0,0,0,0,0,0,4,0,0,0,0,0,0,0,0,0,0,0,0,0,
6,2222,כפר ראש הנקרה,579,1,2,0,521,382,1,381,64,0,0,1,0,0,16,0,0,0,0,0,0,0,0,5,99,1,0,0,0,0,189,0,0,0,0,0,0,6,
6,2223,כפר ראש הנקרה,579,2,2,0,480,339,2,337,65,0,2,0,0,0,12,0,0,0,0,0,0,0,1,5,71,0,0,0,1,0,180,0,0,0,0,0,0,0,
6,2224,כפר רוזנואלד זרעית,1130,1,1,0,220,149,0,149,7,1,0,0,0,0,5,0,0,0,0,0,0,0,0,2,101,0,0,0,0,0,26,0,0,0,0,0,0,7,
12,5714,כפר שמואל,743,1,1,0,590,497,2,495,54,1,4,0,0,0,10,0,0,0,0,0,0,0,0,12,95,0,0,0,1,0,314,0,1,0,0,0,0,3,
3,1239,להבות הבשן,380,1,1,0,694,496,2,494,147,2,11,0,0,0,8,0,0,0,0,0,0,0,0,19,42,1,0,1,0,0,260,0,0,2,0,0,0,1,
2,941,לוזית,52,1,1,0,458,357,1,356,24,4,3,1,0,0,22,0,0,0,0,0,0,0,0,4,156,0,0,0,2,0,76,1,2,0,0,0,2,59,
12,5752,לפיד,1310,1,2,0,577,430,0,430,57,1,5,0,0,0,22,0,0,0,0,0,0,0,0,7,116,1,0,0,1,0,217,0,0,0,0,0,0,3,
12,5753,לפיד,1310,2,1,0,557,418,0,418,64,0,3,1,0,0,9,0,0,0,0,0,0,0,0,7,85,0,0,0,3,0,244,1,0,0,0,0,0,1,
12,5754,לפיד,1310,3,1,0,672,483,1,482,51,1,4,0,0,0,17,0,0,0,0,0,0,0,0,26,101,0,0,0,2,0,276,1,0,0,0,0,0,3,
19,10230,מגדלים,3751,1,2,0,247,182,1,181,2,0,0,0,0,0,107,0,0,0,0,0,0,0,0,4,41,1,0,0,4,0,21,0,0,0,0,0,0,1,
5,2053,מגידו,586,1,2,0,634,472,0,472,113,0,2,0,0,0,8,0,0,0,0,0,0,0,0,12,44,0,0,0,0,0,292,0,0,0,0,0,0,1,
6,2231,מנות,1205,1,1,0,350,265,0,265,20,0,0,0,0,0,12,0,0,0,0,0,0,0,0,4,156,0,0,0,1,0,59,0,0,0,0,0,0,13,
11,5226,מעש,230,1,1,0,686,532,1,531,43,3,1,2,0,0,21,0,0,0,0,0,0,0,0,13,116,0,0,0,2,0,322,0,0,0,0,0,0,8,
2,1109,מצפה יריחו,3576,1,2,0,586,453,2,451,3,24,0,0,0,0,227,0,0,0,0,0,0,0,0,1,140,1,0,0,21,0,2,1,0,0,0,0,1,30,
2,1110,מצפה יריחו,3576,2,2,0,731,592,0,592,3,27,0,1,0,0,312,0,0,0,0,0,0,0,0,0,178,0,0,0,37,0,1,0,0,0,0,0,0,33,
3,1290,מרום גולן,4101,1,1,0,576,406,1,405,54,0,1,0,0,0,6,0,0,0,0,0,0,0,0,9,51,0,0,0,1,0,282,1,0,0,0,0,0,0,
13,6570,משגב דב,765,1,1,0,500,392,0,392,44,0,1,0,0,0,8,0,0,0,0,0,0,0,0,6,92,0,0,0,1,0,240,0,0,0,0,0,0,0,
17,9182,משואות יצחק,620,1,1,0,463,385,2,383,7,4,1,1,0,0,262,0,0,0,0,0,0,0,0,3,51,0,0,0,0,0,54,0,0,0,0,0,0,0,
10,4537,משמר השרון,194,1,1,0,515,349,0,349,96,1,3,0,0,0,4,0,0,0,0,0,0,0,0,4,18,0,0,0,1,0,221,0,0,0,0,0,0,1,
9,3948,משמרות,213,1,1,0,605,494,0,494,98,0,2,1,0,0,11,0,0,0,0,0,0,0,0,9,35,0,0,0,0,0,337,0,0,0,0,0,0,1,
4,1445,נאות גולן,4551,1,1,0,423,289,1,288,22,0,1,0,0,0,17,0,0,0,0,0,0,0,0,18,59,1,0,0,1,0,168,0,0,0,0,0,0,1,
18,9302,נאות הכיכר,1124,1,1,0,221,136,1,135,29,0,0,0,0,0,5,0,0,0,0,0,0,0,0,0,22,0,0,0,0,0,79,0,0,0,0,0,0,0,
5,1940,נהלל,80,1,1,0,743,563,2,561,94,0,1,0,0,0,13,0,0,0,0,0,0,0,0,8,47,0,0,0,0,0,394,2,0,0,0,0,1,1,
2,944,נווה מיכאל,1071,1,1,0,467,381,2,379,8,15,2,0,0,0,36,0,0,0,0,0,0,0,0,2,222,0,1,0,1,0,37,0,0,0,0,0,0,55,
8,3393,נופית,1284,1,1,0,566,438,0,438,51,1,4,0,0,0,7,0,0,0,0,0,0,0,0,8,55,0,0,0,1,0,310,0,0,0,1,0,0,0,
8,3394,נופית,1284,2,1,0,713,534,1,533,57,4,1,1,0,0,14,0,0,0,0,0,0,0,0,21,83,0,0,0,1,0,349,0,0,0,0,0,0,2,
8,3395,נופית,1284,3,1,0,749,568,0,568,55,0,0,0,0,0,14,0,0,0,0,0,0,0,1,16,115,1,0,0,1,0,360,0,0,0,0,0,0,5,
11,5227,נופך,257,1,1,0,389,325,0,325,19,1,3,0,0,0,11,0,0,0,0,0,0,3,0,5,159,0,0,0,1,0,100,0,0,0,0,0,0,23,
18,9409,ניר עקיבא,2048,1,1,0,494,383,0,383,26,27,0,0,0,0,62,0,1,0,0,0,0,0,0,5,108,0,0,0,3,0,108,0,0,0,0,0,0,43,
2,798,נס הרים,825,1,1,0,786,597,1,596,46,7,4,0,0,0,33,0,0,0,0,0,0,0,0,9,266,0,0,0,1,0,206,0,0,0,0,0,0,24,
12,5730,נען,158,1,2,0,665,489,2,487,162,0,4,0,0,0,16,0,0,0,0,0,0,0,0,11,20,0,0,0,0,0,274,0,0,0,0,0,0,0,
12,5731,נען,158,2,2,0,644,510,0,510,160,0,1,2,0,0,8,0,0,0,0,0,0,0,0,4,23,1,0,0,1,0,309,0,0,0,0,0,0,1,
18,9970,נצאצרה שבט,1041,1,1,0,320,177,0,177,2,0,174,0,0,0,0,0,0,0,0,0,0,0,0,0,0,0,0,0,0,0,1,0,0,0,0,0,0,0,
3,1142,סאסא,578,1,1,0,421,292,1,291,132,0,3,0,0,0,1,0,0,0,0,0,0,0,0,5,9,0,0,0,0,0,141,0,0,0,0,0,0,0,
18,9316,סוסיה,3756,1,1,0,674,527,1,526,1,12,0,0,0,0,372,0,0,0,0,0,0,0,0,0,104,0,0,0,23,0,3,0,0,0,0,0,0,11,
3,1292,עגר,4501,1,1,0,590,273,5,268,93,0,21,0,0,0,0,0,0,0,0,0,0,0,2,2,65,0,1,2,0,0,5,0,0,1,1,2,0,73,
3,1293,עגר,4501,2,1,0,550,256,1,255,45,0,35,0,1,0,1,0,0,1,0,0,0,0,0,6,50,0,0,0,1,0,8,0,2,0,0,0,0,105,
3,1294,עגר,4501,3,1,0,567,148,2,146,30,0,40,0,0,0,0,0,0,0,0,0,1,1,0,4,33,0,0,1,0,0,31,0,0,0,0,0,0,5,
18,9304,עידן,1175,1,1,0,298,173,1,172,28,0,0,0,0,0,6,0,0,0,0,0,0,0,0,3,24,0,0,0,0,0,110,0,0,0,1,0,0,0,
5,1737,עילוט,511,1,3,0,758,508,4,504,3,0,494,0,0,0,0,0,0,0,0,0,0,0,0,0,2,0,0,1,0,1,0,0,0,0,1,0,1,1,
5,1738,עילוט,511,2,4,0,750,520,3,517,1,0,508,0,0,0,0,0,0,0,0,0,1,1,0,0,1,0,0,0,0,1,1,0,0,0,0,1,0,2,
5,1739,עילוט,511,3,3,0,757,491,4,487,1,0,477,0,0,0,0,0,1,0,0,0,0,0,1,0,3,0,0,0,1,1,0,0,0,0,0,0,2,0,
5,1740,עילוט,511,4,2,0,763,499,2,497,0,0,490,0,0,0,1,0,0,1,0,0,0,0,0,0,0,0,0,0,1,1,2,0,0,1,0,0,0,0,
5,1741,עילוט,511,5,2,0,764,453,1,452,2,0,445,0,0,0,1,0,0,0,0,0,0,0,0,0,1,0,0,0,0,1,0,1,0,0,0,1,0,0,
5,1742,עילוט,511,6,4,0,731,411,3,408,1,0,402,0,0,0,0,0,0,0,0,0,0,0,0,0,0,0,0,0,0,1,1,1,1,0,1,0,0,0,
5,1743,עילוט,511,7,4,0,732,419,3,416,3,0,404,0,0,0,1,0,0,0,0,0,0,0,0,0,1,1,0,0,0,1,2,0,0,0,0,2,0,1,
9,3777,עין הוד,74,1,2,0,496,351,1,350,92,1,9,0,0,0,8,0,0,0,0,0,0,0,0,5,16,0,0,0,0,0,218,0,0,0,0,0,0,1,
18,9764,עין השלושה,676,1,1,0,311,187,1,186,32,0,3,0,0,0,3,0,0,0,0,0,0,0,0,12,17,0,0,0,0,0,118,0,0,0,0,0,0,1,
10,4655,עין ורד,157,1,1,0,590,454,1,453,55,1,4,1,0,0,4,0,0,0,0,0,0,0,1,16,35,0,0,0,0,0,335,0,0,0,0,0,0,1,
10,4656,עין ורד,157,2,1,0,498,394,2,392,50,3,0,1,0,0,5,0,0,0,0,0,0,0,0,7,26,0,0,0,0,0,300,0,0,0,0,0,0,0,
18,9305,עין יהב,806,1,1,0,537,386,0,386,46,0,6,0,0,0,7,0,0,0,0,0,0,0,0,6,20,0,0,0,0,0,301,0,0,0,0,0,0,0,
19,10233,עלי זהב,3727,1,2,0,575,483,0,483,0,9,0,0,0,0,321,0,0,0,0,0,0,0,0,2,128,0,0,0,5,0,13,0,0,0,0,0,0,5,
19,10234,עלי זהב,3727,2,2,0,506,418,0,418,1,2,1,1,0,0,258,0,0,0,0,0,0,0,0,5,125,0,0,0,10,0,11,0,0,0,0,0,0,4,
19,10235,עלי זהב,3727,3,2,0,529,455,0,455,3,1,0,0,0,0,278,0,0,0,0,0,0,0,0,3,141,0,0,0,2,0,15,0,0,0,0,0,0,12,
3,1222,עמיעד,385,1,1,0,431,267,1,266,71,0,1,0,0,0,3,0,0,0,0,0,0,0,0,2,17,0,0,0,0,0,171,0,0,0,0,0,0,1,
19,10241,פדואל,3768,1,3,0,527,450,0,450,0,15,0,0,0,0,299,0,0,0,0,0,0,0,0,0,111,0,0,0,6,0,4,0,0,0,0,0,0,15,
19,10242,פדואל,3768,2,3,0,565,483,0,483,1,10,0,0,0,0,370,0,0,0,0,0,0,0,0,0,82,0,0,0,4,0,1,0,0,0,0,0,2,13,
2,951,צלפון,796,1,1,0,677,518,3,515,16,3,0,0,0,0,24,0,0,0,0,0,0,0,0,6,339,0,0,0,7,0,87,0,0,0,0,0,0,33,
2,953,צרעה,567,1,1,0,377,253,0,253,75,0,5,0,0,0,2,0,0,0,0,0,0,0,0,5,13,0,0,0,0,0,153,0,0,0,0,0,0,0,
2,954,צרעה,567,2,1,0,458,302,3,299,106,2,33,0,0,0,0,0,0,0,0,0,0,0,0,1,8,0,0,0,0,0,149,0,0,0,0,0,0,0,
18,9453,קלחים,414,1,1,0,365,301,0,301,59,1,1,0,0,0,14,0,0,0,0,0,0,0,0,3,106,0,0,0,1,0,96,0,0,0,0,0,0,20,
19,10249,קרית נטפים,3746,1,1,0,420,362,1,361,0,5,0,1,0,0,170,0,0,0,0,0,0,0,0,1,151,0,0,0,15,0,3,0,0,0,0,0,0,15,
3,1309,קשת,4006,1,1,0,427,310,2,308,1,17,0,0,0,0,208,0,0,0,0,0,0,0,0,0,55,0,0,0,6,0,2,0,0,0,0,0,1,18,
2,1047,ראש צורים,3602,1,1,0,492,414,1,413,3,4,0,0,0,0,293,0,0,0,0,0,0,1,0,0,83,0,0,0,3,0,23,0,0,0,0,0,0,3,
19,10258,רבבה,3795,1.1,1,0,596,510,0,510,2,7,0,1,0,0,376,0,0,0,0,0,0,0,0,0,98,0,0,0,8,0,1,0,0,0,0,0,0,17,
19,10259,רבבה,3795,1.2,1,0,596,514,1,513,0,16,1,0,0,0,369,0,0,0,0,0,0,0,0,0,87,0,0,0,14,0,5,0,0,0,0,0,0,21,
6,2243,רגבה,390,1,3,0,449,335,2,333,45,0,0,0,0,0,6,0,0,0,0,0,0,0,0,13,64,0,0,0,0,0,203,0,0,0,0,0,0,2,
6,2244,רגבה,390,2,3,0,388,286,0,286,31,0,1,1,0,0,4,0,0,0,0,0,0,0,0,5,35,0,0,0,1,0,206,0,0,0,0,0,0,2,
17,9214,רוחמה,362,1,1,0,502,354,2,352,103,2,0,0,0,0,2,0,0,0,1,0,0,0,0,10,19,0,0,0,0,0,215,0,0,0,0,0,0,0,
5,2119,רומאנה,539,1,1,0,742,584,3,581,44,0,530,0,0,0,0,0,1,1,0,0,0,0,1,1,1,0,0,0,0,0,0,0,0,0,0,0,1,1,
19,10260,רחלים,3822,1,2,0,312,277,0,277,0,3,0,0,0,0,218,0,0,0,0,0,0,0,0,0,46,1,0,0,7,0,2,0,0,0,0,0,0,0,
19,10445,רמת הכובש,184,1,1,0,669,532,0,532,158,0,5,0,0,0,6,0,0,0,0,0,0,0,0,9,28,2,0,0,0,0,322,0,0,0,0,0,0,2,
5,1624,רמת צבי,339,1,1,0,446,355,1,354,65,2,4,0,0,0,10,0,0,0,0,0,0,0,0,5,45,0,0,0,2,1,218,0,0,0,0,0,0,2,
18,9454,רנן,789,1,1,0,443,318,2,316,15,0,0,0,0,0,21,0,0,0,0,0,0,0,0,6,159,0,0,0,3,0,110,0,0,0,0,0,0,2,
18,9310,שדה בוקר,885,1,1,0,415,279,0,279,94,0,1,1,0,0,2,0,0,0,0,0,0,0,0,8,9,0,0,0,0,0,164,0,0,0,0,0,0,0,
2,822,שואבה,741,1,2,0,478,357,1,356,57,4,5,0,0,0,4,0,0,0,0,0,0,0,0,8,116,1,0,0,0,0,153,0,2,0,0,0,0,6,
6,2247,שומרה,614,1,1,0,303,203,1,202,9,2,0,0,0,0,2,0,0,0,0,0,0,0,0,3,144,0,0,0,0,0,33,0,0,0,0,0,0,9,
6,2251,שלומי,812,1,13,0,689,433,3,430,11,6,6,0,0,0,8,0,0,0,0,0,0,0,0,49,229,0,0,0,3,0,48,0,0,0,0,0,0,70,
6,2252,שלומי,812,2,10,0,718,463,4,459,9,3,1,0,0,0,16,1,0,0,0,0,0,0,0,97,215,0,0,0,1,0,63,0,1,0,0,0,0,52,
6,2253,שלומי,812,3,3,0,691,473,0,473,12,6,0,0,0,0,24,0,0,0,0,0,0,0,0,36,253,0,0,0,1,0,33,0,1,0,0,0,0,107,
6,2254,שלומי,812,4,3,0,712,431,0,431,3,4,1,0,0,0,16,0,0,0,0,0,0,0,0,48,219,0,0,0,2,0,61,0,0,0,0,0,0,77,
6,2256,שלומי,812,6,14,0,542,381,2,379,12,0,0,0,0,0,10,0,0,0,0,0,0,0,0,46,191,0,0,0,3,0,88,0,0,0,0,0,0,29,
6,2257,שלומי,812,7,12,0,688,509,0,509,16,0,0,0,0,0,20,0,0,0,0,0,0,0,0,55,256,0,0,0,2,0,116,0,1,0,0,0,0,43,
6,2258,שלומי,812,8,15,0,518,362,1,361,13,0,0,0,0,0,9,0,0,0,0,0,0,0,1,36,176,0,0,0,0,0,95,0,0,0,0,0,0,31,
3,1280,שמיר,366,1,1,0,682,468,0,468,153,0,3,1,0,0,4,0,0,0,0,0,0,0,0,3,26,0,0,0,0,0,278,0,0,0,0,0,0,0,
8,3431,שער העמקים,237,1,1,0,554,439,2,437,183,1,4,0,0,0,0,0,0,0,0,0,0,0,0,7,5,0,0,0,1,0,235,0,0,0,0,0,0,1,
4,1425,שרונה,292,1,1,0,438,346,1,345,45,1,2,1,0,0,5,0,0,0,0,0,0,0,0,16,45,0,0,0,0,0,227,1,0,0,0,0,0,2,
2,956,שריגים ליאון,1114,1,1,0,447,303,2,301,65,0,9,0,0,0,6,0,0,0,0,0,0,0,0,10,73,0,0,0,0,0,138,0,0,0,0,0,0,0,
2,957,שריגים ליאון,1114,2,1,0,368,266,1,265,80,0,2,0,0,0,6,0,0,0,0,0,0,0,0,3,36,0,0,0,0,0,136,0,0,0,0,0,0,2,
6,2259,שתולה,1045,1,2,0,230,162,0,162,10,4,2,0,0,0,22,0,0,0,0,0,0,0,0,1,85,0,0,0,1,0,29,0,0,0,0,0,0,8,
9,3872,תלמי אלעזר,2003,1,3,0,664,519,1,518,65,2,4,1,0,0,20,0,0,0,0,0,0,0,0,12,111,0,0,0,2,0,298,0,0,1,0,0,0,2,
18,9463,תלמי בילו,2050,1,1,0,357,278,0,278,15,3,0,1,0,0,11,0,0,0,0,0,0,0,1,6,186,1,0,0,2,0,37,0,0,0,0,0,0,15,
2,1049,תקוע,3563,1,3,0,761,551,2,549,11,11,1,3,0,0,285,0,0,0,0,0,0,4,0,10,168,0,0,0,11,0,33,1,0,0,0,0,1,10,
2,1050,תקוע,3563,2,3,0,672,496,1,495,10,14,2,3,0,0,174,0,0,0,0,0,0,1,1,15,227,0,0,0,9,0,27,0,0,0,0,1,0,11,
2,1051,תקוע,3563,3,3,0,725,572,1,571,7,8,0,1,0,0,301,0,0,0,0,0,0,0,0,10,188,2,0,0,9,0,25,1,0,1,0,1,4,13,
2,960,תרום,778,1,1,0,576,472,1,471,9,7,0,0,0,0,85,0,0,0,0,0,0,0,0,1,254,1,0,0,2,0,65,0,0,0,0,0,0,47,
18,9870,אבו גווייעד שבט,967,1,1,0,585,126,2,124,2,0,112,0,0,0,0,0,0,0,0,0,0,0,0,0,1,0,0,0,0,0,6,1,0,0,0,0,0,2,
18,9871,אבו גווייעד שבט,967,2,1,0,764,249,2,247,6,0,235,0,0,0,0,0,0,0,0,0,0,0,1,0,2,0,1,0,0,0,0,0,0,0,0,0,2,0,
18,9872,אבו גווייעד שבט,967,3,1,0,669,220,2,218,5,0,207,0,0,0,0,0,1,0,0,0,0,0,0,1,1,0,0,0,0,0,2,1,0,0,0,0,0,0,
18,9874,אבו קורינאת שבט,968,1,1,0,756,371,1,370,4,0,352,0,0,0,0,0,0,1,0,0,0,0,0,0,1,0,0,0,0,0,8,0,1,1,0,1,1,0,
18,9875,אבו קורינאת שבט,968,2,1,0,762,325,1,324,0,0,305,0,0,0,0,0,0,0,0,0,1,0,0,0,1,0,1,1,0,0,15,0,0,0,0,0,0,0,
18,9876,אבו קורינאת שבט,968,3,1,0,758,320,3,317,4,0,301,0,0,0,0,0,0,1,0,0,0,0,0,0,3,0,0,0,0,0,7,0,1,0,0,0,0,0,
18,9877,אבו קורינאת שבט,968,4,1,0,761,320,3,317,1,0,305,0,0,0,1,0,0,1,0,0,0,0,0,0,3,0,0,1,1,0,3,0,0,0,0,1,0,0,
18,9878,אבו קרינאת יישוב,1342,1,2,0,578,334,3,331,9,0,264,0,0,0,1,0,0,0,0,0,0,0,0,0,3,0,0,0,0,0,52,0,2,0,0,0,0,0,
6,2203,אבן מנחם,1081,1,1,0,281,193,0,193,5,0,0,0,0,0,8,0,0,0,0,0,0,0,0,1,125,0,0,0,1,0,33,0,0,0,0,0,0,20,
6,2204,אדמית,1068,1,1,0,354,195,0,195,56,0,14,0,0,0,3,0,0,0,0,0,0,0,0,18,36,1,0,0,0,0,65,1,0,0,0,0,0,1,
19,10139,אלפי מנשה,3750,1,6,0,511,355,3,352,9,4,1,1,0,0,18,0,0,0,0,0,0,0,0,10,151,2,0,0,0,0,143,0,0,0,0,0,0,13,
19,10140,אלפי מנשה,3750,2,2,0,525,378,4,374,21,3,0,1,0,0,20,0,0,0,0,0,0,0,0,9,132,1,0,0,1,0,177,0,0,0,0,0,1,8,
19,10141,אלפי מנשה,3750,3,6,0,544,399,3,396,15,3,0,0,0,0,16,0,0,0,0,0,0,0,0,17,168,0,0,0,1,0,163,0,0,0,0,0,0,13,
19,10142,אלפי מנשה,3750,4,4,0,515,375,0,375,18,2,0,0,0,0,16,0,0,0,0,0,0,0,0,21,148,0,0,0,2,0,159,1,0,1,0,0,0,7,
19,10143,אלפי מנשה,3750,5,5,0,562,417,1,416,15,6,0,0,0,0,15,0,0,0,0,0,0,0,0,20,143,0,0,0,2,0,208,0,0,0,0,0,0,7,
19,10144,אלפי מנשה,3750,6,1,0,600,439,2,437,18,5,0,0,0,0,21,0,0,0,0,0,0,0,0,21,173,0,0,0,4,0,188,1,0,0,0,0,1,5,
19,10145,אלפי מנשה,3750,7,1,0,510,396,1,395,19,6,0,1,0,0,30,0,0,0,0,1,0,0,0,20,139,1,0,0,2,0,162,0,0,0,0,0,0,14,
19,10146,אלפי מנשה,3750,8,8,0,402,295,1,294,14,0,0,1,0,0,26,0,0,0,0,0,0,0,0,35,104,2,0,0,0,0,110,0,0,0,1,0,0,1,
19,10147,אלפי מנשה,3750,9,1,0,734,548,0,548,21,5,1,1,0,0,26,0,0,0,0,0,0,0,0,23,225,0,0,0,3,0,220,0,0,0,0,0,0,23,
19,10148,אלפי מנשה,3750,10,6,0,463,337,0,337,16,3,1,0,0,0,12,0,0,0,0,0,0,0,0,13,117,0,0,0,1,0,166,0,0,0,0,0,0,8,
19,10149,אלפי מנשה,3750,11,8,0,454,354,1,353,9,4,0,0,0,0,16,0,0,0,0,0,0,0,0,29,135,0,0,0,0,0,159,0,0,0,0,0,0,1,
19,10150,אלקנה,3560,1,3,0,690,572,0,572,0,7,0,0,0,0,397,0,0,0,0,0,0,0,0,0,130,0,0,0,12,0,20,1,0,0,0,0,0,5,
19,10151,אלקנה,3560,2,3,0,660,534,2,532,1,13,0,0,0,0,320,0,0,0,0,0,0,0,0,0,152,1,0,0,9,0,23,0,0,0,0,0,0,13,
19,10152,אלקנה,3560,3,3,0,540,446,0,446,4,10,1,0,0,0,248,0,0,0,0,0,0,0,0,2,128,0,0,0,15,0,28,0,0,0,0,0,0,10,
19,10153,אלקנה,3560,4,3,0,646,548,1,547,1,9,0,1,0,0,336,0,0,0,0,0,0,0,0,1,166,0,0,0,8,0,13,0,0,0,0,0,1,11,
5,1625,ארגמן,3598,1,1,0,124,86,0,86,1,0,0,0,0,0,2,0,0,0,0,0,0,0,0,1,52,0,0,0,2,0,24,0,0,0,0,0,0,4,
6,2207,אשרת,1256,1,1,0,429,310,1,309,19,4,1,0,0,0,12,0,0,0,0,0,0,0,1,19,176,0,0,0,0,0,66,0,0,0,0,0,0,11,
11,5213,בארות יצחק,450,1,2,0,396,280,5,275,13,2,2,1,0,0,126,0,0,0,0,0,0,0,0,3,57,2,0,0,1,0,66,0,1,0,0,0,0,1,
3,1122,ביריה,368,1,1,0,596,429,0,429,10,18,0,0,0,0,29,0,0,0,0,0,0,0,0,3,261,0,0,0,4,0,36,0,0,0,0,0,0,68,
18,9393,בית הגדי,723,1,2,0,575,471,2,469,2,17,0,1,0,0,30,0,0,0,0,0,0,0,0,1,366,0,0,0,5,0,2,0,0,0,0,0,0,45,
6,2208,בית העמק,572,1,1,0,501,337,0,337,113,0,3,1,0,0,1,0,0,0,0,0,0,0,0,14,18,0,0,0,0,1,186,0,0,0,0,0,0,0,
5,1627,בית השיטה,242,1,1,0,546,395,4,391,78,0,1,0,0,0,12,0,0,0,0,0,0,0,0,9,39,0,0,0,1,0,250,0,0,0,0,0,0,1,
5,1628,בית השיטה,242,2,1,0,499,366,1,365,68,2,0,0,0,0,10,0,0,0,0,0,0,0,0,2,23,0,0,0,0,0,258,0,0,0,0,1,0,1,
5,1629,בית יוסף,265,1,2,0,367,251,1,250,9,1,0,0,0,0,7,0,0,0,0,0,0,0,0,0,179,0,0,0,2,1,17,0,0,0,0,0,0,34,
2,750,בית נקופה,672,1,1,0,472,359,0,359,48,2,4,0,0,0,13,0,0,0,0,0,0,0,0,9,118,0,0,0,2,0,143,0,0,0,0,0,0,20,
13,6503,בניה,685,1,1,0,624,503,3,500,52,0,1,0,0,0,12,0,0,0,0,0,0,0,0,4,98,0,0,0,2,0,325,0,0,0,0,0,0,6,
2,931,בקוע,864,1,2,0,540,430,1,429,30,1,0,0,0,0,18,0,0,0,0,0,0,0,0,4,238,0,0,0,4,0,102,1,0,0,0,0,0,31,
5,1654,בקעות,3612,1,2,0,140,104,0,104,4,0,0,0,0,0,6,0,0,0,0,0,0,0,1,1,50,0,0,0,0,0,39,0,0,0,0,0,0,3,
10,4546,גאולים,379,1,1,0,691,511,2,509,38,3,0,2,0,0,31,0,0,0,0,0,0,0,0,9,213,0,0,0,3,0,182,0,0,0,0,0,0,28,
11,5218,גבעת כח,802,1,1,0,651,482,1,481,22,7,0,0,0,0,31,0,0,0,0,0,0,0,0,15,254,0,0,0,6,0,112,0,0,0,0,0,0,34,
6,2211,גורן,755,1,1,0,342,267,0,267,10,1,0,0,0,0,5,0,0,0,0,0,0,0,0,0,177,0,0,0,2,0,28,0,0,0,0,0,0,44,
6,2212,גורנות הגליל,1219,1,1,0,165,108,1,107,5,2,0,0,0,0,0,0,0,0,0,0,0,0,0,4,60,0,0,0,0,0,22,0,0,0,0,0,0,14,
5,1655,גיתית,3613,1,1,0,241,195,0,195,3,6,0,0,0,0,92,0,0,0,0,0,0,0,0,2,62,0,0,0,2,0,28,0,0,0,0,0,0,0,
6,2213,געתון,463,1,1,0,547,375,0,375,107,0,3,0,0,0,4,0,0,0,0,0,0,0,0,9,32,0,0,0,0,0,218,0,0,0,0,0,0,2,
3,1131,דלתון,431,1,1,0,632,491,1,490,1,4,0,0,0,0,19,0,0,0,0,0,0,0,0,0,315,1,0,0,11,0,10,0,1,0,0,0,0,128,
3,1232,דפנה,302,1,1,0,581,448,1,447,118,0,2,0,0,0,5,0,0,0,0,0,0,0,0,5,41,0,0,0,0,0,275,0,0,0,0,0,0,1,
18,9914,דריגאת,1349,1,1,0,555,424,1,423,8,0,383,1,0,0,0,0,0,0,0,0,0,0,0,0,10,0,0,0,0,0,20,0,0,0,0,0,0,1,
10,4522,המעפיל,377,1,1,0,636,494,0,494,153,0,5,1,0,0,7,0,0,0,0,0,0,0,0,4,26,0,0,0,0,0,294,0,0,0,0,0,0,4,
6,2695,הרדוף,1249,1,2,0,405,314,0,314,155,1,17,0,0,0,2,0,0,0,0,0,0,0,0,2,4,2,0,0,0,0,130,0,0,0,0,0,1,0,
17,9154,זרחיה,818,1,1,1,488,419,1,418,2,8,0,0,0,0,43,0,0,0,0,0,0,0,0,1,235,0,0,0,5,0,5,0,0,0,0,0,0,119,
19,10272,חגור,717,1,2,0,724,576,2,574,49,2,1,1,0,0,26,0,0,0,0,0,0,0,0,9,149,0,0,0,2,0,321,0,0,0,0,0,0,14,
12,5696,חדיד,618,1,1,0,600,486,0,486,11,16,1,0,0,0,22,0,0,0,0,0,0,0,0,3,295,1,0,0,7,0,77,0,0,0,0,0,0,53,
5,1656,חמדיה,343,1,1,0,307,212,0,212,53,0,0,1,0,0,11,0,0,0,0,0,0,0,0,3,39,0,0,0,0,0,105,0,0,0,0,0,0,0,
5,1657,חמדת,3646,1,1,0,119,94,0,94,0,1,0,0,0,0,58,0,0,0,0,0,0,0,0,0,30,0,0,0,1,0,1,0,0,0,0,0,0,3,
5,1658,חמרה,3609,1,1,0,131,87,0,87,6,1,0,0,0,0,4,0,0,0,0,0,0,0,0,2,41,0,0,0,0,0,33,0,0,0,0,0,0,0,
6,2216,חניתה,280,1,1,0,719,451,0,451,140,0,7,0,0,0,7,0,0,0,0,0,0,0,0,8,47,1,0,0,0,0,241,0,0,0,0,0,0,0,
5,1659,חפציבה,90,1,1,0,569,417,4,413,85,0,3,0,0,0,13,0,0,0,0,0,0,0,0,1,75,1,0,0,1,0,228,0,0,0,0,0,0,6,
11,5220,טירת יהודה,663,1,1,0,788,640,2,638,10,14,0,0,0,0,244,0,0,0,0,0,0,0,0,1,271,1,0,0,2,0,34,1,0,0,0,0,0,60,
8,3286,טירת כרמל,2100,1,4,0,581,389,2,387,10,6,0,1,0,0,14,0,0,0,0,0,0,0,0,3,212,0,0,0,0,0,62,0,0,0,0,0,0,79,
8,3287,טירת כרמל,2100,3,30,0,578,464,2,462,16,3,0,1,0,0,9,0,0,0,0,0,0,0,0,43,223,0,0,0,1,0,136,0,0,0,0,0,1,29,
8,3288,טירת כרמל,2100,4,4,0,652,384,1,383,10,3,0,0,0,0,7,0,0,0,0,0,0,0,0,6,258,0,0,0,4,0,38,0,0,1,0,0,0,56,
8,3289,טירת כרמל,2100,6,22,0,686,477,1,476,13,6,0,0,0,0,31,0,0,0,0,0,0,0,0,17,297,0,0,0,5,0,61,0,0,0,0,0,0,46,
8,3290,טירת כרמל,2100,7,15,0,653,460,0,460,14,1,0,1,0,0,14,0,0,0,0,0,0,0,1,56,266,1,1,0,2,0,70,0,0,0,0,1,2,30,
8,3291,טירת כרמל,2100,8,6,0,635,435,2,433,10,0,1,0,0,0,9,0,0,0,1,0,0,0,0,18,277,0,0,0,1,0,78,0,0,0,0,0,0,38,
8,3292,טירת כרמל,2100,9,19,0,607,396,0,396,4,0,0,0,0,0,15,0,0,1,0,0,0,0,0,30,243,0,0,0,4,0,55,0,0,0,0,0,0,44,
8,3293,טירת כרמל,2100,10,7,0,668,403,2,401,0,14,5,0,0,0,8,0,0,0,0,0,0,0,0,4,262,0,0,0,0,0,56,1,0,0,0,0,0,51,
8,3294,טירת כרמל,2100,11,23,0,480,340,0,340,4,5,0,0,0,0,20,0,0,0,0,0,0,0,0,7,186,0,1,0,10,0,56,0,0,0,0,0,0,51,
8,3295,טירת כרמל,2100,12,29,0,676,399,5,394,9,1,0,0,0,0,7,0,0,0,0,0,0,0,0,29,253,1,0,0,0,0,44,1,0,2,0,0,1,46,
8,3296,טירת כרמל,2100,13,31,0,581,315,5,310,4,1,0,0,0,0,7,0,0,2,0,0,0,0,0,30,191,0,0,0,0,0,24,0,1,0,0,0,0,50,
8,3297,טירת כרמל,2100,14,10,0,685,398,3,395,7,5,0,0,0,0,5,0,0,0,0,0,1,0,0,66,234,0,0,0,3,0,32,0,1,2,1,0,0,38,
8,3298,טירת כרמל,2100,15,18,0,427,293,2,291,3,7,0,0,0,0,24,0,0,0,0,0,0,0,0,4,183,1,0,0,1,0,44,0,0,0,0,0,0,24,
8,3299,טירת כרמל,2100,16,3,0,466,306,5,301,6,1,0,0,0,0,9,0,0,0,0,0,0,0,0,12,173,0,0,0,1,0,22,0,0,0,0,0,0,77,
8,3300,טירת כרמל,2100,17,11,0,690,371,4,367,5,2,1,2,0,0,7,0,0,0,0,0,0,0,1,26,226,0,0,0,1,0,41,0,0,0,0,0,0,55,
8,3301,טירת כרמל,2100,18,28,0,647,375,6,369,7,3,0,0,0,0,4,0,0,0,0,0,0,0,0,27,249,1,0,1,1,0,25,1,0,0,0,0,1,49,
8,3302,טירת כרמל,2100,19,4,0,541,398,2,396,5,0,0,0,0,0,11,0,0,0,0,0,0,0,0,8,253,0,0,0,3,0,81,0,0,0,0,0,0,35,
8,3303,טירת כרמל,2100,20,13,0,704,395,1,394,12,2,0,1,0,0,7,0,0,0,0,0,0,0,0,15,261,0,1,1,4,0,42,1,0,0,0,0,5,42,
8,3304,טירת כרמל,2100,21,1,0,581,361,3,358,2,1,0,0,0,0,15,0,0,0,0,0,0,0,0,20,235,0,1,0,0,1,34,0,0,0,0,0,0,49,
8,3305,טירת כרמל,2100,22,31,0,683,452,2,450,7,3,0,1,0,0,10,0,0,0,0,0,0,0,0,19,281,0,0,1,3,0,48,0,0,0,0,0,0,77,
8,3306,טירת כרמל,2100,23,1,0,551,307,3,304,3,1,0,0,0,0,9,0,0,0,0,0,0,0,0,27,203,0,0,0,0,0,24,0,0,0,0,0,0,37,
8,3307,טירת כרמל,2100,24,21,0,797,547,1,546,16,1,3,0,0,0,17,0,0,0,0,0,0,0,0,28,341,0,1,0,3,0,83,0,0,0,0,0,1,52,
8,3308,טירת כרמל,2100,25,4,0,557,404,2,402,14,0,2,0,0,0,14,0,0,0,0,0,0,0,0,14,236,0,0,0,4,0,92,0,0,0,0,0,0,26,
8,3309,טירת כרמל,2100,26,24,0,566,421,1,420,12,0,0,1,0,0,9,0,0,0,0,0,0,0,0,25,237,0,0,0,2,0,89,0,0,0,0,0,0,45,
8,3310,טירת כרמל,2100,27,3,0,576,390,1,389,5,1,1,0,0,0,5,0,0,0,0,0,0,0,0,6,261,0,0,0,2,0,43,0,0,0,0,0,0,65,
8,3311,טירת כרמל,2100,30,23,0,496,289,1,288,2,2,0,0,0,0,6,0,0,0,0,0,0,0,0,9,178,0,0,0,0,0,53,0,0,0,0,0,2,36,
8,3312,טירת כרמל,2100,31,26,0,478,330,4,326,11,2,2,1,0,0,7,0,0,0,0,0,0,0,0,18,185,0,1,0,2,0,67,0,0,0,0,0,0,30,
8,3313,טירת כרמל,2100,32,30,0,644,473,1,472,13,2,1,3,0,0,13,0,0,0,0,0,0,0,0,27,267,0,0,0,0,0,116,0,0,0,1,0,0,29,
8,3314,טירת כרמל,2100,33,30,0,735,560,4,556,18,3,1,1,0,0,24,0,0,0,0,0,0,0,0,43,263,0,0,0,1,0,172,0,0,0,0,0,0,30,
8,3315,טירת כרמל,2100,950,27,0,456,367,1,366,4,1,0,2,0,0,13,0,0,0,0,0,0,0,0,17,213,1,0,0,1,0,67,0,0,0,0,0,1,46,
8,3316,טירת כרמל,2100,951,30,0,745,595,1,594,29,1,1,0,0,0,20,0,0,0,0,0,0,0,0,46,262,0,0,0,3,0,204,0,0,0,0,0,0,28,
5,1660,טירת צבי,268,1,1,0,516,403,3,400,21,4,0,0,0,0,193,0,0,0,0,0,0,0,0,0,85,1,0,0,1,0,93,0,0,0,0,1,0,1,
2,938,טל שחר,462,1,1,0,783,616,2,614,105,1,8,1,0,0,13,0,0,0,0,0,1,0,0,16,91,1,0,0,0,0,368,1,1,0,0,0,0,7,
12,5699,יגל,798,1,1,0,616,494,1,493,21,10,0,0,0,0,10,0,0,0,0,0,1,0,0,4,329,0,0,0,0,0,60,1,0,0,0,0,0,57,
13,6460,יד בנימין,577,1,2,0,710,564,1,563,2,77,0,0,0,0,284,0,0,0,0,0,0,0,0,0,123,0,0,0,6,0,13,0,0,0,0,0,0,58,
13,6461,יד בנימין,577,2,2,0,771,613,1,612,1,119,0,2,0,0,296,0,0,0,0,0,0,0,0,0,126,0,0,0,5,0,8,1,0,0,0,0,0,54,
13,6462,יד בנימין,577,3,2,0,682,572,3,569,0,140,0,0,0,0,199,0,0,0,0,0,0,0,0,0,103,0,0,0,37,0,3,0,0,0,0,0,0,87,
3,1234,יובל,2009,1,1,0,436,315,0,315,36,0,0,1,0,0,21,0,0,0,0,0,0,0,0,1,109,0,0,0,2,1,126,0,0,0,0,0,0,18,
6,2217,יחיעם,409,1,1,0,563,391,3,388,111,0,1,0,0,0,4,0,0,0,0,0,0,0,0,12,61,0,0,0,0,0,198,0,0,0,0,0,0,1,
5,1661,יפית,3566,1,1,0,160,103,2,101,2,0,1,1,0,0,12,0,0,0,0,0,0,0,0,0,59,0,0,0,4,0,16,0,0,0,0,0,0,6,
5,1662,ירדנה,2026,1,1,0,285,213,0,213,10,0,0,2,0,0,11,0,0,0,0,0,0,0,0,3,134,0,0,0,0,0,39,0,0,0,0,0,0,14,
19,10274,ירחיב,718,1,1,0,790,562,4,558,20,5,1,0,0,0,30,0,0,0,0,0,0,0,0,6,319,0,0,0,1,0,139,0,0,0,1,0,0,36,
2,939,ישעי,805,1,1,0,549,430,3,427,4,26,0,0,0,0,26,0,0,0,0,0,0,0,0,1,246,1,0,1,3,0,13,0,0,0,0,0,0,106,
18,9932,כחלה,1367,1,1,0,249,166,2,164,2,0,102,0,0,0,0,0,0,1,0,0,0,0,0,0,0,0,0,0,0,0,59,0,0,0,0,0,0,0,
6,2221,כליל,1183,1,1,0,471,344,0,344,159,2,42,0,0,0,6,0,0,0,0,0,0,0,0,1,16,1,0,0,1,0,114,1,0,0,0,0,0,1,
10,4549,כפר חיים,193,1,1,0,430,347,1,346,51,1,2,0,0,0,3,0,0,0,0,0,0,0,0,4,29,0,0,0,0,0,255,0,0,0,0,0,0,1,
8,3391,כפר חסידים א,112,1,1,0,519,389,0,389,24,20,0,0,0,0,69,0,0,0,0,0,0,1,0,11,101,0,0,0,2,0,147,0,0,0,0,0,0,14,
5,1709,כפר כנא,509,1,3,1,714,516,10,506,4,0,485,0,0,0,1,0,0,1,0,0,0,0,0,1,5,0,0,0,0,0,8,0,0,0,0,0,0,1,
5,1710,כפר כנא,509,2,3,0,695,490,8,482,20,0,458,0,0,0,0,0,0,1,0,0,0,0,0,1,0,1,0,0,0,0,0,0,1,0,0,0,0,0,
5,1711,כפר כנא,509,3,1,0,739,538,3,535,8,0,506,0,0,0,0,0,0,0,0,0,0,0,0,11,3,0,0,0,0,0,4,0,0,0,0,0,0,3,
5,1712,כפר כנא,509,4,1,0,758,548,5,543,8,0,519,0,0,0,0,0,0,0,0,0,0,0,0,1,4,0,0,1,0,0,0,0,0,0,0,0,0,10,
5,1713,כפר כנא,509,5,5,0,768,521,6,515,1,0,500,0,0,0,1,0,0,0,0,0,0,0,0,5,4,0,0,0,0,1,2,0,0,0,0,0,0,1,
5,1714,כפר כנא,509,6,5,0,768,559,3,556,2,0,537,0,0,0,1,0,0,0,0,0,0,0,0,3,4,0,0,0,0,0,7,0,0,0,0,0,0,2,
5,1715,כפר כנא,509,7,4,1,768,568,4,564,49,0,505,0,0,0,2,0,0,0,0,0,0,0,0,0,3,0,0,0,0,0,4,0,0,0,0,0,0,1,
5,1716,כפר כנא,509,8,2,0,736,473,3,470,9,0,430,0,0,0,0,0,0,0,0,0,0,0,0,2,10,0,0,0,0,0,3,0,0,0,0,0,0,16,
5,1717,כפר כנא,509,9,2,0,682,488,3,485,2,0,480,0,0,0,0,0,0,1,0,0,0,0,0,0,1,0,0,0,0,0,1,0,0,0,0,0,0,0,
5,1718,כפר כנא,509,10,4,0,759,518,5,513,20,0,453,0,0,0,0,0,0,1,0,0,0,0,1,6,12,0,0,0,0,1,5,0,0,0,0,1,1,12,
5,1719,כפר כנא,509,11,3,0,702,550,3,547,8,1,532,0,0,0,0,0,0,0,0,0,0,0,0,0,0,0,0,0,0,0,1,0,0,0,0,0,0,5,
5,1720,כפר כנא,509,12,5,0,753,456,4,452,1,0,444,0,0,0,0,0,0,0,0,0,0,0,0,1,1,0,1,0,0,1,2,0,0,0,0,0,0,1,
5,1721,כפר כנא,509,13,2,0,682,472,2,470,7,0,454,0,0,0,0,0,0,1,0,0,0,0,0,1,4,0,0,0,0,0,2,0,0,0,0,0,0,1,
5,1722,כפר כנא,509,14,6,0,757,559,4,555,12,0,527,0,0,0,0,0,0,1,0,0,0,0,0,1,1,0,0,0,0,0,8,0,0,0,0,0,0,5,
5,1723,כפר כנא,509,15,5,0,766,534,3,531,4,0,520,0,0,0,0,0,0,0,0,0,0,0,0,3,1,0,0,0,0,0,3,0,0,0,0,0,0,0,
5,1724,כפר כנא,509,16,6,0,708,533,1,532,54,0,472,0,0,0,0,0,0,0,0,0,0,0,0,0,3,0,0,0,0,0,2,0,0,0,0,0,0,1,
5,1725,כפר כנא,509,17,6,0,763,560,7,553,38,0,492,0,0,0,0,0,1,0,0,0,0,0,0,0,12,0,0,0,1,0,7,0,0,0,0,0,0,2,
5,1726,כפר כנא,509,18,4,0,739,565,5,560,27,0,528,0,0,0,0,0,0,0,0,0,0,0,0,1,0,3,0,0,0,0,1,0,0,0,0,0,0,0,
5,1727,כפר כנא,509,19,4,0,711,500,3,497,7,0,483,0,0,0,0,0,0,0,0,0,0,0,0,0,2,1,0,0,1,0,2,0,0,0,0,0,0,1,
5,1728,כפר כנא,509,20,1,0,717,483,1,482,15,0,462,0,0,0,0,0,0,0,0,0,0,0,0,0,0,0,0,0,0,0,3,0,0,0,0,1,1,0,
6,2261,כפר מסריק,297,1,1,0,599,409,0,409,124,0,1,0,0,0,7,0,0,0,0,0,0,0,0,17,15,0,0,0,0,0,245,0,0,0,0,0,0,0,
4,1410,כפר קיש,388,1,1,0,442,321,3,318,26,1,2,0,0,0,18,0,0,0,0,0,0,0,0,10,61,0,0,0,3,0,196,0,0,0,0,0,0,1,
5,1663,כפר רופין,295,1,1,0,394,263,0,263,45,1,0,0,0,0,9,0,0,0,0,0,0,0,0,9,24,0,0,0,0,0,175,0,0,0,0,0,0,0,
4,1411,כפר תבור,47,1,2,0,751,541,0,541,53,2,5,0,0,0,25,0,0,0,0,0,0,0,0,21,149,2,0,0,1,0,282,0,0,0,0,0,0,1,
4,1412,כפר תבור,47,2,2,0,719,538,1,537,38,1,1,0,0,0,20,0,0,0,0,0,0,0,0,20,134,0,1,0,0,0,316,0,0,1,0,0,0,5,
4,1413,כפר תבור,47,3,3,0,731,542,1,541,51,1,1,0,0,0,33,0,0,0,0,0,0,0,0,11,144,0,0,0,1,0,290,0,0,0,0,0,0,9,
4,1414,כפר תבור,47,4,3,0,604,439,0,439,29,1,7,0,0,0,26,0,0,0,0,0,0,0,0,11,151,0,0,0,1,0,205,0,0,0,0,1,0,7,
4,1415,כפר תבור,47,5,3,0,557,379,0,379,40,0,0,0,0,0,16,0,0,0,0,0,0,0,0,12,100,0,0,0,3,0,203,0,0,0,0,0,0,5,
9,3765,כרם מהרל,580,1,2,0,654,502,1,501,88,1,4,1,0,0,20,0,0,0,0,0,1,0,0,3,60,0,0,0,1,0,319,0,0,0,0,0,0,3,
18,10082,להב,2023,1,1,0,494,338,3,335,119,0,3,0,0,0,3,0,0,0,0,0,0,0,0,5,13,0,0,0,0,0,192,0,0,0,0,0,0,0,
6,2225,לוחמי הגיטאות,595,1,1,0,537,415,0,415,101,0,1,1,0,0,5,0,0,0,0,0,0,0,0,8,39,0,0,0,1,0,259,0,0,0,0,0,0,0,
11,5223,מגשימים,722,1,1,0,676,532,2,530,52,6,0,0,0,0,9,1,0,0,0,0,0,0,0,9,100,0,0,0,1,0,350,0,0,0,0,0,0,2,
11,5224,מזור,606,2.1,1,0,405,312,0,312,39,1,1,0,0,0,8,0,0,0,0,0,0,0,0,4,42,0,0,0,0,0,216,0,0,0,0,0,0,1,
11,5225,מזור,606,2.2,1,0,405,306,2,304,24,0,2,0,0,0,8,0,0,0,0,0,0,0,0,10,38,0,0,0,0,0,221,0,0,0,0,0,0,1,
5,1938,מזרע,104,1,1,1,687,498,1,497,156,2,1,0,0,0,5,0,0,0,0,0,0,0,0,3,18,1,0,0,1,0,309,0,1,0,0,0,0,0,
6,2227,מזרעה,517,1,5,0,701,521,0,521,2,0,516,0,0,0,0,0,0,1,0,0,0,0,0,0,0,0,0,0,1,0,0,0,0,0,0,0,0,1,
6,2228,מזרעה,517,2,1,0,723,582,4,578,7,0,564,0,0,0,0,0,0,0,0,0,0,0,0,0,1,0,1,0,0,0,3,0,0,1,0,0,0,1,
6,2229,מזרעה,517,3,5,0,712,523,3,520,5,0,506,0,0,0,0,0,0,0,0,0,0,0,0,0,2,0,0,0,0,0,7,0,0,0,0,0,0,0,
6,2230,מזרעה,517,4,6,0,775,612,3,609,2,0,597,0,0,0,1,0,1,1,0,0,0,0,0,0,1,0,1,0,0,1,1,0,0,0,0,0,1,2,
5,1664,מחולה,3599,1,2,0,339,256,0,256,0,4,0,0,0,0,161,0,0,0,0,0,0,0,0,0,72,1,0,0,5,0,10,0,0,0,0,0,0,3,
5,1665,מירב,1282,1,1,0,385,297,0,297,3,3,0,0,0,0,181,0,0,0,0,0,0,0,0,0,84,1,0,0,1,0,18,0,0,1,0,0,0,5,
3,1139,מירון,607,1,2,0,453,297,1,296,1,79,0,0,0,0,92,0,0,0,0,0,0,0,0,0,46,1,5,0,0,0,13,0,0,0,0,0,0,59,
5,1666,מכורה,3614,1,1,0,135,96,1,95,5,1,0,0,0,0,4,0,0,0,0,0,0,0,0,8,40,0,0,0,0,0,37,0,0,0,0,0,0,0,
5,1668,מעוז חיים,272,1,1,0,487,300,0,300,65,0,3,0,0,0,4,0,0,0,0,0,0,0,0,2,26,0,0,0,1,0,199,0,0,0,0,0,0,0,
5,1669,מעלה אפרים,3608,1,1,0,484,246,0,246,10,18,2,1,0,0,49,0,0,0,0,0,0,0,0,13,110,0,0,0,2,0,38,0,0,0,0,0,0,3,
5,1670,מעלה אפרים,3608,2,1,0,624,344,1,343,5,19,0,2,0,0,48,0,0,0,0,0,0,0,0,30,182,0,0,0,5,0,43,0,0,0,0,0,0,9,
5,1671,מעלה גלבוע,1127,1,1,0,360,290,0,290,26,3,1,1,0,0,126,0,0,0,0,0,0,0,0,1,43,0,0,0,0,0,86,1,0,0,0,0,0,2,
2,1107,מעלה מכמש,3651,1,1,0,498,398,0,398,0,6,0,0,0,0,199,0,0,0,0,0,0,0,0,1,139,1,0,0,18,0,6,0,0,0,0,0,0,28,
2,1108,מעלה מכמש,3651,2,1,0,457,350,1,349,0,13,0,0,0,0,216,0,0,0,0,0,0,0,0,0,97,1,0,0,6,0,5,0,0,0,0,0,2,9,
6,2232,מצובה,325,1,1,0,409,285,0,285,37,0,3,0,0,0,7,0,0,0,0,0,0,0,0,7,58,0,0,0,1,0,167,0,0,1,0,0,0,4,
6,2233,מצובה,325,2,1,0,436,291,1,290,26,1,1,1,0,0,8,0,0,0,0,0,0,0,0,6,75,0,0,0,0,0,169,0,0,0,0,0,0,3,
4,1422,מצפה נטופה,1190,1,1,0,637,471,2,469,11,4,1,3,0,0,291,0,0,0,0,0,0,0,0,3,95,1,0,0,5,0,49,0,0,0,0,0,0,6,
18,9295,מצפה רמון,99,1,1,0,683,440,1,439,74,3,9,2,0,0,13,0,0,0,0,0,0,0,0,36,177,1,0,0,2,0,108,0,0,0,0,1,0,13,
18,9296,מצפה רמון,99,2,2,0,547,317,1,316,55,45,2,0,0,0,55,0,0,0,0,0,0,0,0,34,70,1,0,0,2,0,43,0,0,1,0,1,1,6,
18,9297,מצפה רמון,99,3,2,0,666,345,8,337,39,6,19,1,0,0,17,0,0,0,0,0,0,0,0,40,146,3,0,0,2,0,55,0,0,0,1,1,0,7,
18,9298,מצפה רמון,99,4,2,0,673,320,6,314,31,25,16,0,0,0,14,0,0,1,0,1,0,0,0,41,117,0,0,0,4,0,45,0,0,0,0,0,1,18,
18,9299,מצפה רמון,99,5,2,0,603,370,2,368,48,31,0,0,0,0,62,0,0,0,0,0,0,0,0,26,148,0,0,0,3,0,34,0,1,0,0,0,0,15,
18,9300,מצפה רמון,99,6,2,0,516,339,3,336,34,30,2,0,0,0,42,0,0,0,0,0,0,0,0,27,131,0,0,0,1,0,64,0,0,0,0,0,0,5,
5,1729,משהד,520,1,2,0,668,455,2,453,0,0,444,0,1,0,0,0,0,0,0,0,0,0,0,0,4,0,0,0,0,0,2,0,0,0,1,0,1,0,
5,1730,משהד,520,2,4,0,701,531,1,530,5,0,522,0,0,0,0,0,0,0,0,0,0,0,0,0,2,0,0,0,0,0,0,0,0,0,0,0,0,1,
5,1731,משהד,520,3,5,0,757,565,1,564,1,0,556,0,0,0,0,0,0,0,0,0,0,0,0,0,3,0,0,0,0,0,0,0,0,0,0,0,1,3,
5,1732,משהד,520,4,4,0,702,519,0,519,2,0,505,0,0,0,0,0,0,0,0,0,0,0,0,0,4,0,0,0,0,0,8,0,0,0,0,0,0,0,
5,1733,משהד,520,5,1,0,682,397,5,392,4,0,379,0,0,0,0,0,0,0,0,0,0,0,0,0,4,0,0,0,0,0,2,0,0,1,0,0,2,0,
5,1734,משהד,520,6,5,0,703,426,3,423,1,0,412,0,0,0,0,0,0,0,0,0,0,0,0,0,6,0,0,0,0,0,3,0,0,0,1,0,0,0,
5,1735,משהד,520,7,1,0,701,434,1,433,2,0,425,0,0,0,0,0,0,0,0,0,0,0,0,1,3,1,0,0,0,0,0,0,0,0,0,0,0,1,
5,1736,משהד,520,8,1,0,678,463,4,459,1,0,454,0,0,0,0,0,0,0,0,0,0,0,1,0,0,0,0,0,0,0,2,0,0,0,0,1,0,0,
5,1672,משואה,3605,1,1,0,155,105,0,105,3,0,0,0,0,0,21,0,0,0,0,0,0,0,0,4,41,0,0,0,0,0,36,0,0,0,0,0,0,0,
5,1673,משכיות,3785,1,1,0,172,125,0,125,1,8,0,0,0,0,63,0,0,0,0,0,0,0,0,0,35,0,0,0,1,0,6,0,0,0,0,0,0,11,
3,1221,משמר הירדן,732,1,1,0,539,410,0,410,31,4,0,4,0,0,15,0,0,0,0,0,0,0,0,10,214,0,1,0,6,0,114,0,0,0,0,0,0,11,
10,4653,משמרת,425,1,1,0,659,524,1,523,65,3,1,1,0,0,8,0,0,0,0,0,0,0,1,13,48,0,0,0,2,0,381,0,0,0,0,0,0,0,
2,796,נווה אילן,405,1,1,0,696,486,2,484,81,1,4,0,0,0,11,0,0,0,0,1,0,0,0,9,107,0,0,0,0,0,266,0,0,0,0,0,0,4,
5,1675,נווה איתן,296,1,3,0,191,125,0,125,33,0,0,0,0,0,4,0,0,0,0,0,0,0,0,2,18,0,0,0,0,0,65,0,0,0,0,0,0,3,
6,2234,נווה זיו,1314,1,1,0,532,401,3,398,28,1,2,5,0,0,19,0,0,0,0,0,0,0,0,13,138,0,0,0,4,0,172,0,0,0,0,0,1,15,
19,10429,נווה ימין,686,1,1,0,519,387,2,385,15,4,1,2,0,0,12,0,0,0,0,0,0,0,0,4,225,0,0,0,1,0,86,0,0,0,0,0,0,35,
19,10430,נווה ימין,686,2,1,0,481,350,0,350,25,1,0,0,0,0,15,0,0,0,0,0,0,0,0,13,157,0,0,0,2,0,120,0,0,0,0,0,1,16,
2,947,נחם,809,1,1,0,418,333,1,332,8,10,1,0,0,0,32,0,0,0,0,0,0,0,0,4,206,0,1,0,4,0,23,0,0,0,0,1,0,42,
5,1676,ניר דוד תל עמל,256,1,2,0,619,471,1,470,170,1,2,0,0,0,6,0,0,0,0,0,0,1,0,8,19,1,0,0,1,0,261,0,0,0,0,0,0,0,
9,3774,ניר עציון,769,1,1,0,411,320,0,320,10,7,1,0,0,0,162,0,0,0,0,0,0,1,0,3,71,0,0,0,4,0,53,1,0,0,0,0,0,7,
6,2235,נס עמים,1143,1,1,0,229,187,0,187,23,0,8,0,0,0,5,0,0,0,0,0,0,0,0,4,38,0,0,0,0,0,109,0,0,0,0,0,0,0,
11,5326,סביון,587,2.1,1,0,646,432,1,431,26,2,5,0,0,0,11,0,0,0,0,0,0,0,0,21,108,0,0,0,0,0,254,0,0,0,0,0,0,4,
11,5327,סביון,587,2.2,1,0,646,425,0,425,44,3,3,0,0,0,6,0,0,0,0,0,0,0,0,11,75,0,0,0,1,0,275,1,0,0,0,0,0,6,
11,5328,סביון,587,2.3,1,0,646,430,0,430,40,3,3,0,0,0,18,0,0,0,0,0,0,0,0,15,124,0,0,0,0,0,225,0,0,0,0,0,0,2,
11,5329,סביון,587,2.4,1,0,646,434,0,434,25,2,1,0,0,0,10,0,0,0,0,0,0,0,0,13,104,0,0,0,0,0,279,0,0,0,0,0,0,0,
11,5330,סביון,587,2.5,1,0,646,456,0,456,39,5,1,0,0,0,14,0,0,0,0,0,0,0,0,19,113,1,0,0,2,0,260,0,0,0,0,0,0,2,
11,5331,סביון,587,2.6,1,0,644,430,3,427,39,2,8,0,0,0,10,0,0,0,0,0,0,0,0,19,64,0,0,0,0,0,281,0,0,0,0,0,0,4,
18,9303,ספיר,1176,1,1,0,332,197,1,196,17,3,0,2,0,0,23,0,0,0,0,0,0,0,0,12,64,0,0,0,0,0,72,1,0,0,0,0,0,2,
6,2238,עבדון,892,1,1,0,521,379,4,375,14,4,0,0,0,0,6,0,0,0,0,0,0,0,0,6,232,0,0,0,7,0,49,0,0,0,0,0,0,57,
6,2239,עברון,376,1,1,0,673,514,0,514,173,2,3,1,0,0,0,0,0,0,0,0,0,0,0,17,17,1,0,0,1,0,296,0,0,0,0,0,0,3,
10,4539,עין החורש,167,1,1,0,710,545,2,543,224,0,5,0,0,0,2,0,0,0,0,0,0,0,0,5,13,0,0,0,0,0,293,0,0,0,0,0,0,1,
5,1677,עין הנציב,383,1,1,0,434,331,0,331,19,3,2,0,0,0,193,0,0,0,0,0,0,0,0,1,59,0,0,0,3,0,49,0,0,0,0,0,0,2,
5,1619,עין חרוד איחוד,89,1,1,1,517,378,2,376,67,1,1,0,0,0,5,0,0,0,0,0,0,0,0,8,25,0,0,0,0,0,269,0,0,0,0,0,0,0,
2,802,עין ראפה,514,1,1,0,657,373,13,360,16,3,308,0,0,0,2,0,0,0,0,0,0,0,0,5,3,0,0,0,0,0,23,0,0,0,0,0,0,0,
18,9306,עין תמר,1251,1,1,0,147,95,0,95,4,0,0,0,0,0,7,0,0,0,0,0,0,0,0,2,26,1,0,0,0,0,55,0,0,0,0,0,0,0,
11,5231,עינת,871,1,1,0,575,474,0,474,126,0,2,1,0,0,3,0,0,0,0,0,0,0,1,7,36,1,0,0,0,0,295,2,0,0,0,0,0,0,
9,4080,עמיקם,773,1,1,0,523,395,1,394,65,1,5,0,0,0,13,0,0,0,0,0,0,0,0,13,69,1,0,0,0,0,225,0,0,0,0,0,0,2,
19,10236,עמנואל,3660,1,1,0,757,586,0,586,1,270,0,0,0,0,13,0,0,0,0,0,0,0,0,0,53,0,0,0,24,0,1,0,0,0,0,0,0,224,
19,10237,עמנואל,3660,2,1,0,735,501,0,501,0,129,0,0,0,0,14,0,0,0,0,0,0,0,0,1,64,0,0,0,17,0,4,0,0,0,0,0,0,272,
19,10238,עמנואל,3660,3,3,0,769,572,2,570,0,232,0,0,0,0,18,0,0,0,0,0,0,0,0,1,49,0,0,0,16,0,1,0,0,0,0,0,1,252,
6,2240,עמקה,708,1,1,0,576,449,3,446,7,27,0,0,0,0,35,0,0,0,0,0,0,0,0,0,295,0,0,0,3,0,47,0,0,0,0,1,0,31,
19,10239,עץ אפרים,3778,1,5,0,778,622,1,621,8,9,0,0,0,0,179,0,0,0,0,0,0,0,0,24,276,1,0,0,4,0,79,0,0,0,0,0,1,40,
19,10240,עץ אפרים,3778,2,3,0,578,450,2,448,1,7,0,0,0,0,175,0,0,0,0,0,0,0,0,6,209,0,0,0,2,0,31,0,0,0,0,0,0,17,
6,2241,עראמשה,1246,1,1,0,479,262,3,259,16,0,190,0,0,0,0,0,0,0,0,0,0,0,0,0,15,0,0,0,0,0,27,0,0,0,0,0,0,11,
6,2242,עראמשה,1246,2,3,0,550,287,1,286,13,0,188,0,0,0,0,0,0,0,0,0,0,0,0,1,22,0,0,0,0,0,55,0,1,0,0,0,0,6,
18,9978,ערערהבנגב,1192,1,1,0,758,510,1,509,50,0,456,0,0,0,0,0,0,0,0,0,0,0,0,0,0,0,0,0,0,0,0,0,0,1,0,1,0,1,
18,9979,ערערהבנגב,1192,2,4,0,792,442,2,440,17,1,416,0,1,0,0,0,0,0,0,0,0,0,0,0,1,0,0,0,1,0,1,0,0,1,0,0,1,0,
18,9980,ערערהבנגב,1192,3,8,0,753,481,1,480,9,0,461,0,0,0,0,0,0,0,0,0,0,0,0,0,1,0,0,0,0,0,3,0,0,0,0,1,4,1,
18,9981,ערערהבנגב,1192,4,2,0,584,355,2,353,2,0,343,0,1,0,0,0,0,1,0,0,0,0,0,1,1,0,0,0,0,1,1,0,1,0,0,0,0,1,
18,9982,ערערהבנגב,1192,5,3,0,776,307,5,302,5,0,286,0,0,0,0,0,0,0,0,0,0,0,2,0,1,0,1,0,0,1,4,0,1,0,0,0,0,1,
18,9983,ערערהבנגב,1192,6,2,0,645,468,2,466,1,0,458,0,0,0,0,0,0,1,1,0,0,0,0,0,2,0,0,0,0,1,0,0,0,0,1,0,0,1,
18,9984,ערערהבנגב,1192,7,9,0,761,488,1,487,5,0,479,0,0,0,1,0,0,0,0,0,0,0,0,0,1,0,0,0,0,0,0,1,0,0,0,0,0,0,
18,9985,ערערהבנגב,1192,8,7,0,776,473,4,469,20,0,435,0,0,0,0,0,0,1,0,0,0,0,0,0,2,0,0,0,0,0,11,0,0,0,0,0,0,0,
18,9986,ערערהבנגב,1192,9,8,0,763,401,2,399,9,0,380,0,0,0,0,0,0,0,0,0,0,0,0,0,1,0,0,2,0,1,5,0,0,1,0,0,0,0,
18,9987,ערערהבנגב,1192,10,3,0,744,426,3,423,1,0,415,0,0,0,1,0,0,0,0,0,1,0,0,0,1,0,0,0,0,0,1,0,0,0,0,1,1,1,
18,9988,ערערהבנגב,1192,11,9,0,655,350,0,350,5,0,338,0,1,0,0,0,0,0,0,0,0,0,0,0,1,0,0,1,0,0,1,0,0,1,0,2,0,0,
18,9989,ערערהבנגב,1192,12,2,0,579,412,3,409,1,0,404,0,0,0,0,0,0,0,0,0,0,0,0,0,1,0,0,0,1,0,1,0,0,0,0,0,1,0,
2,1037,עתניאל,3748,1,1,0,460,346,0,346,0,8,0,0,0,0,223,0,0,0,0,0,0,0,0,0,85,0,0,0,9,0,6,1,0,0,0,0,0,14,
18,9307,פארן,1151,1,1,0,370,260,1,259,40,0,1,0,0,0,3,0,0,0,0,0,0,0,0,3,17,0,0,0,0,0,195,0,0,0,0,0,0,0,
5,1679,פצאל,3615,1,2,0,239,187,1,186,5,0,0,1,0,0,21,0,0,0,0,0,0,0,0,5,81,0,0,0,1,0,72,0,0,0,0,0,0,0,
3,1145,פרוד,599,1,1,0,438,314,2,312,66,0,2,0,0,0,5,0,0,0,0,0,0,0,0,8,40,0,0,0,1,0,189,1,0,0,0,0,0,0,
19,10243,צופים,3791,1,1,0,703,559,1,558,11,9,0,1,0,0,236,0,0,0,0,0,0,0,0,12,188,2,0,0,9,0,67,2,1,0,0,1,0,19,
19,10244,צופים,3791,2,1,0,741,592,1,591,16,9,0,1,0,0,182,0,0,0,0,0,0,0,0,22,225,0,0,0,10,0,102,1,0,0,0,0,1,22,
18,9308,צופר,1150,1,1,0,352,267,0,267,35,0,3,0,0,0,12,0,0,0,0,0,0,0,0,10,17,0,0,0,0,0,190,0,0,0,0,0,0,0,
18,9309,צוקים,1262,1,2,0,190,138,0,138,32,0,2,0,0,0,6,0,0,0,0,0,0,0,0,1,12,0,0,0,1,0,84,0,0,0,0,0,0,0,
9,3801,צרופה,612,1,1,0,704,512,0,512,30,32,3,0,0,0,36,0,0,0,0,0,0,0,0,20,200,0,0,0,4,0,161,0,0,1,0,0,0,25,
19,10245,קדומים,3557,1,2,0,620,496,0,496,2,17,0,0,0,0,318,0,2,0,0,0,0,0,0,1,129,0,0,0,14,0,5,0,0,0,0,0,0,8,
19,10246,קדומים,3557,2,1,0,544,413,2,411,4,8,0,0,0,0,205,0,0,0,0,0,0,0,0,6,158,0,0,0,14,0,9,0,0,0,0,0,0,7,
19,10247,קדומים,3557,3,1,0,709,564,0,564,1,13,0,0,0,0,378,0,0,0,0,0,0,0,0,2,145,0,0,0,5,0,10,0,0,0,0,0,1,9,
19,10248,קדומים,3557,4,1,0,736,612,0,612,0,25,0,0,0,0,372,0,0,0,0,0,0,1,0,2,170,1,0,0,13,0,3,0,0,1,0,0,1,23,
17,9053,קרית מלאכי,1034,1,10,0,672,501,1,500,13,4,0,0,0,0,33,0,0,0,0,2,0,0,0,0,298,1,0,0,5,0,67,0,0,0,0,0,0,77,
17,9054,קרית מלאכי,1034,2,4,0,701,408,5,403,6,23,1,0,0,0,6,1,0,0,0,1,0,0,0,11,232,0,1,0,2,0,53,0,0,0,0,1,0,65,
17,9055,קרית מלאכי,1034,3,1,0,622,469,3,466,9,6,0,1,0,0,35,0,0,0,0,0,0,0,0,27,249,1,0,0,6,0,70,0,0,0,0,0,0,62,
17,9056,קרית מלאכי,1034,4,4,0,708,503,3,500,12,4,0,1,0,0,25,0,0,0,0,0,0,0,0,4,296,0,0,0,5,0,46,0,0,0,0,0,0,107,
17,9057,קרית מלאכי,1034,5,5,0,553,335,2,333,4,9,0,0,1,0,17,0,0,0,0,0,0,0,0,8,179,0,0,0,3,0,31,0,0,0,0,0,0,81,
17,9058,קרית מלאכי,1034,6.1,7,0,571,382,2,380,3,29,0,0,0,0,27,0,0,0,0,0,0,0,0,4,193,0,0,0,7,0,45,0,0,0,1,0,0,71,
17,9059,קרית מלאכי,1034,6.2,7,0,571,403,4,399,8,41,0,0,0,0,28,0,0,0,0,0,0,0,0,2,187,0,0,0,5,0,44,0,0,0,0,0,1,83,
17,9060,קרית מלאכי,1034,6.3,7,0,571,382,1,381,15,29,0,1,0,0,19,0,0,0,0,0,0,0,1,17,164,0,0,0,5,0,60,0,0,1,0,0,1,68,
17,9061,קרית מלאכי,1034,7,15,0,458,285,2,283,4,1,1,0,0,0,6,0,0,0,0,0,0,0,0,12,164,0,1,0,0,0,14,0,0,0,0,0,0,80,
17,9062,קרית מלאכי,1034,8,3,0,628,410,1,409,0,156,0,0,0,0,17,0,0,0,0,0,0,0,0,0,125,0,0,0,10,0,6,0,0,0,0,0,0,95,
17,9063,קרית מלאכי,1034,11,10,0,553,330,2,328,5,31,0,0,0,0,13,0,0,0,0,1,0,0,0,4,168,0,0,0,7,1,28,0,0,1,0,1,0,68,
17,9064,קרית מלאכי,1034,12,18,0,771,521,6,515,6,79,0,0,0,0,36,0,0,0,0,0,0,0,2,8,234,0,0,0,18,1,36,0,0,0,0,0,1,94,
17,9065,קרית מלאכי,1034,13,18,0,599,460,1,459,4,66,0,1,0,0,22,0,0,0,0,0,0,0,0,13,242,0,0,0,6,0,29,0,0,0,0,0,0,76,
17,9066,קרית מלאכי,1034,14,5,0,574,386,10,376,9,2,0,0,0,0,19,0,0,0,0,0,0,0,0,5,233,0,0,2,1,0,54,0,0,0,0,0,0,51,
17,9067,קרית מלאכי,1034,15,5,0,551,336,5,331,10,6,1,0,0,0,12,1,0,0,0,0,0,0,0,19,184,0,0,0,2,0,40,0,0,0,0,0,0,56,
17,9068,קרית מלאכי,1034,16,1,0,552,431,2,429,7,7,0,0,0,0,20,0,0,0,0,0,0,0,0,6,252,0,0,0,0,0,56,0,0,0,0,0,0,81,
17,9069,קרית מלאכי,1034,17,18,0,599,442,1,441,15,23,0,0,1,0,30,0,0,0,0,0,0,0,0,3,212,0,0,0,5,0,44,0,0,0,0,0,0,108,
17,9070,קרית מלאכי,1034,18,4,0,580,366,0,366,4,40,1,1,0,0,16,0,0,0,0,0,0,0,1,5,183,0,0,0,5,0,42,0,0,0,0,1,1,66,
17,9071,קרית מלאכי,1034,19,1,0,662,509,7,502,11,8,1,0,0,0,23,0,0,0,0,0,0,0,0,10,314,0,0,0,5,0,48,0,0,0,0,0,0,82,
17,9072,קרית מלאכי,1034,21,1,0,688,507,3,504,9,5,0,0,0,0,19,0,0,0,0,0,0,0,0,12,287,0,0,0,7,0,58,0,0,0,0,0,0,107,
17,9073,קרית מלאכי,1034,22,10,0,568,336,5,331,2,19,0,0,0,0,9,0,0,0,0,0,0,0,0,11,219,0,0,0,3,1,25,0,0,2,2,0,1,37,
17,9074,קרית מלאכי,1034,23,4,0,563,318,2,316,4,14,0,0,1,0,5,0,0,0,0,1,0,0,0,7,187,0,0,0,2,1,35,0,0,0,1,0,0,58,
17,9075,קרית מלאכי,1034,24,4,0,727,534,5,529,7,88,0,0,0,0,35,0,0,0,0,0,0,0,0,11,237,0,0,0,14,0,41,0,0,0,0,0,0,96,
17,9076,קרית מלאכי,1034,28,3,0,514,340,3,337,3,64,1,1,0,0,21,0,0,0,0,0,0,0,0,6,158,0,0,0,8,0,20,0,0,0,2,0,1,52,
17,9077,קרית מלאכי,1034,29,3,0,657,433,2,431,2,122,0,0,0,0,15,0,0,0,0,0,0,0,0,4,144,0,0,0,28,0,4,0,0,0,0,0,1,111,
17,9078,קרית מלאכי,1034,30,3,0,737,603,0,603,5,173,0,0,0,0,87,0,0,0,0,0,0,0,0,2,186,0,0,0,30,0,4,1,0,0,0,0,0,115,
17,9079,קרית מלאכי,1034,31,18,0,752,624,4,620,6,48,0,2,0,0,86,0,0,0,0,0,0,0,0,13,269,1,0,0,8,0,32,0,0,0,0,0,0,155,
17,9080,קרית מלאכי,1034,950,21,0,517,390,0,390,10,1,0,0,0,0,24,0,0,0,0,0,0,0,0,3,244,0,0,0,4,0,34,0,0,0,0,0,0,70,
19,10250,קרני שומרון,3640,1,2,0,697,514,1,513,6,16,0,1,0,0,261,0,0,0,0,0,0,1,0,1,192,0,0,0,15,0,12,0,0,0,0,0,0,8,
19,10251,קרני שומרון,3640,2,1,0,717,586,1,585,0,18,0,0,0,0,387,0,0,0,0,0,0,0,0,1,135,0,0,0,21,0,3,0,0,0,0,0,0,20,
19,10252,קרני שומרון,3640,3,2,0,775,548,0,548,10,9,1,2,0,0,168,0,0,0,0,0,0,0,0,22,275,0,0,0,8,0,35,0,0,0,0,1,1,16,
19,10253,קרני שומרון,3640,4,4,0,759,607,2,605,3,6,0,1,0,0,297,0,0,0,0,0,0,0,0,24,205,0,0,0,13,0,34,1,0,0,0,0,0,21,
19,10254,קרני שומרון,3640,5,2,0,679,485,5,480,5,3,0,0,0,0,86,0,0,0,0,0,0,0,0,32,257,0,0,0,7,0,49,0,0,0,0,0,1,40,
19,10255,קרני שומרון,3640,6,1,0,605,490,1,489,1,14,0,0,0,0,348,0,0,0,0,0,0,0,0,2,92,0,0,0,22,0,4,0,0,0,0,0,0,6,
19,10256,קרני שומרון,3640,7,2,0,735,505,4,501,4,19,1,1,0,0,68,0,0,0,0,0,0,0,0,30,283,2,0,0,14,0,46,0,0,0,0,0,0,33,
19,10257,קרני שומרון,3640,8,4,0,529,416,0,416,8,4,0,0,0,0,121,0,0,0,0,0,0,0,0,38,195,0,0,0,7,0,34,0,0,0,0,0,0,9,
8,3419,ראס עלי,990,1,1,0,406,286,2,284,0,0,276,0,0,0,1,0,0,0,0,0,0,0,1,0,2,0,0,0,0,0,1,0,0,1,0,0,0,2,
18,10121,רביבים,354,1,1,0,697,421,2,419,158,0,7,1,0,0,7,0,0,0,0,0,0,0,0,26,29,0,0,0,0,0,189,1,0,0,0,1,0,0,
5,1680,רוויה,2016,1,1,0,255,181,0,181,3,1,0,0,0,0,3,0,0,0,0,0,0,0,0,0,136,0,0,0,1,0,7,0,0,0,0,0,0,30,
5,1681,רועי,3619,1,1,0,131,86,0,86,4,0,0,0,0,0,2,0,0,0,0,0,0,0,0,8,29,0,0,0,0,0,43,0,0,0,0,0,0,0,
5,1682,רחוב,854,1,1,0,328,246,0,246,5,0,0,0,0,0,16,0,0,0,0,0,0,0,0,0,194,0,0,0,0,0,10,0,0,0,0,0,0,21,
3,1187,ריחאניה,540,1,1,0,479,297,5,292,74,0,56,0,0,0,5,0,0,0,0,0,0,0,0,11,3,0,0,0,0,0,142,0,0,0,1,0,0,0,
3,1188,ריחאניה,540,2,1,0,441,257,2,255,20,0,28,0,0,0,3,0,0,0,0,0,0,0,0,10,10,1,0,0,0,0,182,0,0,0,0,0,0,1,
11,5232,רינתיה,616,1,1,0,691,538,1,537,51,4,0,2,0,0,22,0,0,0,0,0,0,0,0,9,184,0,0,0,0,0,247,1,0,0,0,0,0,17,
5,1623,רםאון,1069,1,1,0,652,488,1,487,73,1,1,0,0,0,13,0,0,0,0,0,0,0,1,12,47,0,0,0,1,0,338,0,0,0,0,0,0,0,
3,1189,רמות נפתלי,372,1,1,0,435,302,1,301,30,0,0,0,0,0,6,0,0,0,0,0,0,0,0,10,87,0,0,0,0,0,157,0,0,0,0,0,0,11,
6,2245,שבי ציון,282,1,1,0,494,348,0,348,32,1,2,0,0,0,16,0,0,0,0,0,0,0,0,8,107,1,0,0,0,0,180,0,0,0,0,0,0,1,
6,2246,שבי ציון,282,2,1,0,386,264,0,264,34,0,0,0,0,0,10,0,0,0,0,0,0,0,0,5,62,0,0,0,0,0,151,0,0,0,0,0,0,2,
5,1684,שדה אליהו,304,1,1,0,618,380,3,377,10,6,0,1,0,0,201,0,0,0,0,0,0,0,1,0,105,1,0,0,2,0,49,0,0,0,0,0,0,1,
5,1685,שדה נחום,259,1,1,0,549,400,1,399,48,0,1,1,0,0,5,0,0,0,0,0,0,0,0,8,125,0,0,0,1,0,206,0,1,0,0,0,0,3,
3,1279,שדה נחמיה,329,1,1,0,756,574,0,574,93,2,3,2,0,0,14,0,0,0,0,0,1,0,0,15,119,0,0,0,3,0,318,0,0,0,0,0,0,4,
19,10448,שדי חמד,2015,1,1,0,724,559,4,555,75,6,2,0,0,0,13,0,0,0,0,0,0,0,0,16,89,0,0,0,0,0,353,0,0,0,0,0,0,1,
5,1686,שדי תרומות,2057,1,1,0,369,267,0,267,2,2,0,0,0,0,6,0,0,0,0,0,0,0,0,0,233,0,0,0,1,0,7,0,0,0,0,0,0,16,
4,1424,שדמות דבורה,306,1,1,0,478,384,1,383,49,0,2,1,0,0,5,0,0,0,0,0,0,0,0,11,40,0,0,0,2,0,271,0,0,0,0,0,0,2,
5,1687,שדמות מחולה,3578,1,2,0,391,311,0,311,1,6,0,1,0,0,238,0,0,0,0,0,0,0,0,0,61,0,1,0,1,0,0,0,0,0,0,0,0,2,
6,2248,שייח דנון,658,1,1,0,612,470,2,468,9,0,440,0,0,0,0,0,0,1,0,0,0,0,0,0,0,0,0,0,0,1,17,0,0,0,0,0,0,0,
6,2249,שייח דנון,658,2,2,0,644,475,6,469,13,0,410,0,0,0,1,0,0,1,0,0,0,1,0,0,1,0,0,0,0,0,36,2,0,1,0,1,0,2,
6,2250,שייח דנון,658,3,2,0,734,558,1,557,12,0,531,0,0,0,1,0,0,1,0,0,0,0,0,0,1,0,0,0,0,1,8,0,0,0,0,0,1,1,
2,733,שילה,3641,1,1,0,661,512,0,512,1,17,0,0,0,0,329,0,0,0,0,0,0,0,0,0,121,0,0,0,28,0,2,0,0,0,0,0,1,13,
2,734,שילה,3641,2,1,0,617,495,1,494,0,31,0,2,0,0,301,0,0,0,0,0,0,0,0,1,120,0,0,0,25,0,3,0,0,0,0,0,1,10,
2,735,שילה,3641,3,1,0,694,563,0,563,0,51,0,0,0,0,310,0,0,0,0,0,0,0,0,0,130,0,0,0,52,0,0,0,0,0,0,0,0,20,
5,1688,שלוחות,439,1,1,0,354,258,1,257,9,5,0,0,0,0,128,0,0,0,0,0,0,0,0,0,62,0,0,0,1,0,47,1,0,0,0,0,0,4,
19,10261,שערי תקווה,3720,1,3,0,670,507,2,505,10,4,0,1,0,0,106,0,0,0,0,0,0,0,0,15,223,0,0,0,7,0,115,1,0,0,0,0,0,23,
19,10262,שערי תקווה,3720,2,3,0,647,469,0,469,14,2,0,1,0,0,42,0,1,0,0,0,0,0,0,16,220,0,0,0,4,0,137,0,0,0,0,0,0,32,
19,10263,שערי תקווה,3720,3,3,0,665,520,1,519,12,6,2,0,0,0,143,1,0,0,0,0,0,3,0,9,248,1,0,0,3,0,79,0,0,0,0,0,1,11,
19,10264,שערי תקווה,3720,4,3,0,621,489,0,489,7,5,0,0,0,0,121,0,0,0,0,0,0,0,0,13,235,0,0,0,2,0,88,0,0,0,0,0,0,18,
19,10265,שערי תקווה,3720,5,3,0,604,429,1,428,12,0,0,1,0,0,72,0,0,0,0,0,0,0,0,8,229,0,0,0,5,0,88,1,0,0,0,0,0,12,
19,10266,שערי תקווה,3720,6,3,0,704,532,2,530,9,6,2,0,0,0,119,0,0,0,0,0,0,0,0,11,232,0,0,0,11,0,122,0,0,0,0,0,0,18,
9,4083,שקד,3649,1,1,0,578,412,2,410,15,1,0,0,0,0,53,0,0,0,0,0,0,0,0,20,194,2,0,0,7,0,114,0,0,0,0,0,0,4,
5,1690,תל תאומים,1283,1,2,0,337,253,3,250,1,1,0,0,0,0,28,0,0,0,0,0,0,0,0,1,179,0,0,0,3,0,11,0,0,0,0,0,0,26,
18,9873,אבו עבדון שבט,958,1,1,0,142,41,1,40,0,0,40,0,0,0,0,0,0,0,0,0,0,0,0,0,0,0,0,0,0,0,0,0,0,0,0,0,0,0,
6,2562,אבטליון,1275,1,1,0,308,233,0,233,35,0,7,1,0,0,9,0,0,0,0,0,0,0,0,4,25,10,0,0,0,0,142,0,0,0,0,0,0,0,
18,9903,אסד שבט,960,1,1,0,493,131,1,130,0,1,117,0,0,0,0,0,0,0,0,0,0,0,0,0,1,0,1,0,0,1,7,0,1,1,0,0,0,0,
12,5647,באר יעקב,2530,1,6,0,527,384,1,383,30,3,1,0,0,0,16,0,0,0,0,0,0,0,0,10,99,0,0,0,5,0,202,0,0,0,0,0,0,17,
12,5648,באר יעקב,2530,2,1,0,755,464,5,459,14,8,0,1,0,0,9,0,0,0,0,0,0,0,1,19,258,0,0,1,4,1,63,0,1,0,1,2,1,75,
12,5649,באר יעקב,2530,3,5,0,454,297,3,294,8,2,0,0,0,0,5,0,0,0,0,0,0,0,0,21,153,0,0,0,0,0,37,0,0,0,0,0,0,68,
12,5650,באר יעקב,2530,4,3,0,436,329,2,327,27,1,2,0,0,0,2,0,0,0,0,0,0,0,0,9,107,0,0,0,1,0,166,0,0,0,0,0,1,11,
12,5651,באר יעקב,2530,7.1,4,0,619,472,3,469,11,15,2,1,0,0,13,0,0,0,0,0,0,0,0,4,236,0,0,0,1,0,106,0,0,0,0,0,0,80,
12,5652,באר יעקב,2530,7.2,4,0,619,472,2,470,9,10,0,0,0,0,11,0,0,0,0,0,0,0,0,22,223,0,0,0,0,0,121,0,0,0,0,0,0,74,
12,5653,באר יעקב,2530,7.3,4,0,619,475,0,475,15,27,0,0,0,0,17,0,0,0,0,0,0,0,0,14,210,0,0,0,2,0,125,0,0,0,0,0,0,65,
12,5654,באר יעקב,2530,7.4,4,0,619,448,2,446,10,12,0,0,0,0,8,0,0,0,0,0,0,0,0,11,210,0,0,0,2,0,126,0,0,0,0,0,0,67,
12,5655,באר יעקב,2530,7.5,4,0,619,462,2,460,19,20,0,1,0,0,24,0,0,0,0,0,0,0,0,21,169,0,0,0,4,0,140,0,0,0,0,0,0,62,
12,5656,באר יעקב,2530,9,1,0,715,423,7,416,10,3,2,0,0,0,3,0,0,0,0,0,0,0,0,15,229,1,0,0,7,0,55,0,0,0,1,0,1,89,
12,5657,באר יעקב,2530,10,6,0,551,434,1,433,23,2,1,0,0,0,13,0,0,0,0,0,0,0,0,5,190,1,0,0,0,0,158,0,0,0,0,0,0,40,
12,5658,באר יעקב,2530,11,3,0,458,341,1,340,16,4,1,0,0,0,7,0,0,0,0,0,0,0,0,4,147,0,0,0,6,0,121,0,0,0,0,0,0,34,
12,5659,באר יעקב,2530,12,6,0,768,588,1,587,14,7,0,0,0,0,22,0,0,0,0,0,0,0,1,37,279,0,0,0,1,0,214,0,0,0,0,0,0,12,
12,5660,באר יעקב,2530,13,7,0,730,611,2,609,27,9,0,0,0,0,10,0,0,0,0,0,0,0,0,9,242,0,0,0,2,0,292,0,0,0,0,0,0,18,
12,5661,באר יעקב,2530,14,6,0,593,470,2,468,15,32,0,0,0,0,20,0,0,0,0,0,0,0,0,24,213,1,0,0,0,0,117,0,0,0,0,0,0,46,
12,5662,באר יעקב,2530,16,6,0,707,573,2,571,21,4,2,0,0,0,20,0,0,0,0,0,0,0,0,17,256,0,0,0,2,0,222,0,0,0,0,0,0,27,
12,5663,באר יעקב,2530,17,7,0,688,564,2,562,24,5,1,0,0,0,21,0,0,0,0,0,0,0,0,24,234,0,0,0,0,0,230,0,0,0,0,0,0,23,
12,5664,באר יעקב,2530,18,7,0,703,604,2,602,27,7,1,0,0,0,30,0,0,0,0,0,0,0,1,18,218,1,0,0,2,0,277,0,0,0,0,0,0,20,
12,5665,באר יעקב,2530,19,6,0,659,546,2,544,27,8,0,3,0,0,24,0,0,0,0,0,0,0,0,31,192,0,0,0,1,0,231,0,0,0,0,0,0,27,
12,5666,באר יעקב,2530,20,8,0,619,488,1,487,18,1,0,2,0,0,13,0,0,0,0,0,0,0,0,27,205,0,0,0,2,0,187,0,0,0,0,0,0,32,
12,5667,באר יעקב,2530,21,8,0,608,480,3,477,14,1,1,0,0,0,15,0,0,0,0,0,0,0,0,26,226,1,0,0,1,0,174,0,0,0,0,0,0,18,
12,5668,באר יעקב,2530,22,9,0,569,469,0,469,11,2,0,0,0,0,12,0,0,0,0,0,0,0,0,17,228,0,1,0,2,0,190,0,0,0,0,0,0,6,
12,5669,באר יעקב,2530,23,8,0,666,539,0,539,18,1,1,0,0,0,14,0,0,0,0,0,0,0,0,22,242,0,0,0,0,0,212,0,0,0,0,1,0,28,
12,5670,באר יעקב,2530,24,8,0,457,349,1,348,8,1,0,1,0,0,18,0,0,0,0,0,0,0,0,28,138,0,1,0,0,0,133,0,0,0,0,0,0,20,
12,5671,באר יעקב,2530,25,8,0,563,441,1,440,9,3,0,0,0,0,15,0,0,0,0,0,0,0,1,31,196,0,0,0,1,0,165,0,0,0,0,0,0,19,
12,5672,באר יעקב,2530,26,8,0,599,495,6,489,19,2,0,1,0,0,13,0,0,0,0,0,0,0,1,22,204,0,0,0,0,0,211,0,0,0,0,0,0,16,
12,5673,באר יעקב,2530,27,9,0,602,471,0,471,9,1,0,0,0,0,18,0,0,0,0,0,0,0,0,27,186,0,0,0,2,0,214,0,0,1,0,0,0,13,
18,9911,ביר הדאג,1348,1,1,0,556,433,2,431,0,0,423,0,0,0,0,0,0,1,0,1,0,0,1,0,0,0,0,0,0,0,0,0,3,0,0,2,0,0,
18,9912,ביר הדאג,1348,2,1,0,657,491,1,490,0,0,487,0,0,0,0,0,0,0,0,0,0,0,0,0,0,0,0,0,0,0,1,0,1,0,0,0,1,0,
13,6389,בית אלעזרי,562,1,1,0,514,402,2,400,37,4,0,1,0,0,8,0,0,0,0,0,0,0,0,8,138,0,0,0,5,0,194,0,0,0,0,0,0,5,
13,6390,בית אלעזרי,562,2,1,0,533,423,0,423,36,2,3,1,0,0,10,0,0,0,0,0,0,0,0,12,108,0,0,0,1,0,244,1,0,0,0,0,0,5,
12,5674,בית דגן,466,1,2,0,662,500,2,498,21,7,3,0,0,0,26,0,0,0,0,0,0,0,0,19,197,0,0,0,1,0,200,0,0,0,0,0,0,24,
12,5675,בית דגן,466,2,2,0,571,429,0,429,9,13,0,0,0,0,21,0,0,0,0,0,0,0,0,4,282,0,0,0,5,0,47,0,0,0,0,0,0,48,
12,5676,בית דגן,466,3,3,0,598,452,1,451,14,6,0,0,0,0,21,0,0,0,0,0,0,0,0,14,210,0,0,0,0,0,166,0,0,0,0,0,0,20,
12,5677,בית דגן,466,4,5,0,646,469,3,466,3,10,0,0,0,0,10,0,0,0,0,0,0,0,0,12,312,0,0,0,3,0,50,0,0,0,0,1,1,64,
12,5678,בית דגן,466,5,2,0,668,528,1,527,17,10,0,1,0,0,28,0,0,0,0,0,0,0,0,7,310,0,0,0,0,0,84,0,0,0,0,0,0,70,
12,5679,בית דגן,466,6,5,0,671,488,7,481,18,7,0,0,0,0,18,0,0,0,0,0,0,0,0,20,295,0,0,0,3,0,61,0,0,0,0,0,0,59,
12,5680,בית דגן,466,7,7,0,622,474,0,474,40,5,0,0,0,0,18,0,0,0,0,0,0,0,0,14,175,2,0,0,3,1,205,0,0,0,0,0,0,11,
12,5681,בית דגן,466,8,3,0,671,492,5,487,17,3,1,2,0,0,25,0,0,0,0,0,0,0,0,13,215,0,0,0,4,0,182,0,0,1,0,0,1,23,
3,1229,בית הלל,322,1,1,0,559,390,3,387,63,0,0,0,0,0,3,0,0,0,0,0,0,0,0,6,37,1,0,0,0,0,274,0,0,0,0,0,0,3,
6,2209,בן עמי,712,1,1,0,552,413,0,413,49,8,4,0,0,0,15,0,0,0,0,0,0,0,0,11,103,1,0,0,0,0,217,0,0,0,0,0,0,5,
13,6402,בני ראם,588,1,1,0,475,370,2,368,2,42,2,0,0,0,84,0,0,0,0,0,0,0,0,1,164,0,0,0,11,0,16,0,0,0,0,0,0,46,
13,6403,בני ראם,588,2,1,0,420,353,0,353,4,17,0,0,0,0,122,0,0,0,0,0,0,0,0,2,159,0,0,0,16,0,7,0,0,0,0,0,0,26,
19,10185,ברוכין,3744,1,1,0,450,395,0,395,0,13,0,0,0,0,317,0,0,0,0,0,0,0,0,2,46,0,0,0,4,0,0,0,0,0,0,0,0,13,
18,9913,גנאביב שבט,976,1,1,0,478,211,1,210,2,0,173,1,0,0,0,0,1,0,0,0,0,0,0,1,1,0,0,0,0,1,12,1,0,1,2,5,7,2,
19,10271,גן חיים,239,1,1,0,533,422,0,422,54,1,3,0,0,0,4,0,0,0,0,0,0,0,0,18,41,0,0,0,1,0,299,0,0,0,0,0,0,1,
12,5692,גנות,836,1,1,0,351,269,1,268,23,5,0,0,0,0,6,0,0,0,0,0,0,0,0,8,84,0,0,0,0,0,139,0,0,0,0,0,0,3,
13,6457,גני טל,1371,1,1,0,421,367,0,367,3,8,0,0,0,0,212,0,0,0,0,0,0,0,0,2,106,0,0,0,5,0,15,0,0,0,0,0,0,16,
6,2575,דמיידה,1317,1,1,0,318,239,1,238,1,0,213,0,0,0,1,0,0,1,0,0,0,0,0,0,2,0,0,0,1,0,17,0,0,0,1,0,0,1,
3,1231,דן,303,1,1,0,526,380,1,379,127,0,2,0,0,0,7,0,0,0,0,0,0,0,0,3,11,0,0,0,0,0,229,0,0,0,0,0,0,0,
3,1233,הגושרים,356,1,1,0,651,459,4,455,89,0,4,0,0,0,6,0,0,0,0,0,0,0,0,7,60,0,0,0,1,0,284,0,0,0,0,0,0,4,
9,3764,החותרים,434,1,1,0,590,457,0,457,114,3,2,0,0,0,4,0,0,0,0,0,0,0,0,9,25,1,0,0,1,0,296,1,0,0,0,0,0,1,
12,5698,חמד,801,1,1,0,570,478,2,476,6,25,0,0,0,0,215,0,0,0,0,0,0,0,0,2,132,0,0,0,4,0,58,0,0,0,0,0,0,34,
6,2580,יודפת,1112,1,1,0,611,488,1,487,175,0,11,0,0,0,9,0,0,0,0,0,0,0,0,5,15,1,0,0,0,0,269,0,1,0,0,0,0,1,
3,1235,יפתח,453,1,1,0,543,384,2,382,76,0,4,0,0,0,4,0,0,0,0,0,0,0,0,14,24,0,0,0,0,0,260,0,0,0,0,0,0,0,
5,2022,יקנעם מושבה,241,1,1,0,465,339,1,338,55,0,0,0,0,0,9,0,0,0,0,0,1,0,0,5,36,1,0,0,0,0,230,0,0,0,0,0,0,1,
5,2023,יקנעם מושבה,241,2,1,0,543,396,1,395,71,0,0,1,0,0,13,0,0,0,0,0,0,0,0,11,30,0,0,0,2,0,265,0,0,0,0,0,0,2,
5,2024,יקנעם עילית,240,2,3,0,712,475,4,471,24,7,4,1,0,0,11,0,0,0,0,0,0,0,2,21,252,0,0,0,5,0,74,0,0,0,0,0,0,70,
5,2025,יקנעם עילית,240,3,3,0,703,476,4,472,17,13,1,3,0,0,18,0,0,0,0,0,0,0,0,20,228,0,0,1,3,0,102,0,0,0,0,0,0,66,
5,2026,יקנעם עילית,240,6,16,0,636,403,4,399,18,4,0,0,0,0,9,0,0,0,0,0,0,0,0,83,179,1,0,1,2,0,76,1,0,0,0,0,0,25,
5,2027,יקנעם עילית,240,7,25,0,586,413,2,411,18,11,0,0,0,0,21,0,0,0,0,0,0,0,0,59,156,1,0,0,1,0,123,1,0,0,0,0,0,20,
5,2028,יקנעם עילית,240,8,16,0,553,284,2,282,6,8,1,0,0,0,6,0,0,0,0,0,0,0,0,64,125,0,0,0,1,0,59,0,0,0,0,0,0,12,
5,2029,יקנעם עילית,240,9,11,0,571,377,3,374,17,2,0,0,0,0,25,0,0,0,0,0,0,0,0,31,148,1,0,0,6,0,128,0,0,0,0,0,0,16,
5,2030,יקנעם עילית,240,10,24,0,554,375,2,373,21,5,4,0,0,0,22,0,0,0,1,0,0,0,0,29,171,0,1,0,2,0,100,0,0,0,0,0,0,17,
5,2031,יקנעם עילית,240,11,16,0,593,308,1,307,7,9,0,0,0,0,7,0,0,0,0,0,0,0,0,44,181,0,0,0,0,0,44,0,1,0,0,1,0,13,
5,2032,יקנעם עילית,240,12,20,0,596,341,4,337,8,3,0,1,0,0,10,0,0,1,0,0,0,0,0,53,180,1,0,0,0,0,54,0,0,1,0,0,0,25,
5,2033,יקנעם עילית,240,13,25,0,690,436,5,431,13,7,1,0,0,0,14,0,2,0,0,0,0,0,0,86,180,1,0,0,1,0,100,0,0,0,0,0,3,23,
5,2034,יקנעם עילית,240,14,6,0,586,429,3,426,23,5,0,0,0,0,22,0,0,0,0,0,0,0,0,35,177,0,0,0,1,0,156,0,0,2,0,0,0,5,
5,2035,יקנעם עילית,240,15,22,0,610,428,4,424,18,7,2,0,0,0,15,0,0,0,0,0,0,0,1,46,185,0,0,0,2,0,132,0,0,0,0,0,0,16,
5,2036,יקנעם עילית,240,16,23,0,604,439,3,436,30,5,0,0,0,0,20,0,0,0,0,0,0,0,1,33,190,1,0,0,1,0,146,0,0,0,0,0,0,9,
5,2037,יקנעם עילית,240,17,23,0,539,367,1,366,37,1,0,0,0,0,7,0,0,0,0,0,0,0,0,15,145,4,0,0,0,0,151,0,0,0,0,0,0,6,
5,2038,יקנעם עילית,240,18,23,0,628,436,1,435,13,3,0,0,0,0,19,0,0,0,0,0,0,0,0,65,193,1,0,0,1,0,135,0,1,0,0,0,0,4,
5,2039,יקנעם עילית,240,20,15,0,671,491,2,489,39,5,0,0,0,0,14,0,0,0,0,0,0,0,0,39,180,0,0,0,2,0,201,1,0,0,0,0,0,8,
5,2040,יקנעם עילית,240,21,14,0,680,521,2,519,35,7,5,0,0,0,22,0,0,0,0,0,0,0,0,42,193,0,0,0,2,0,208,0,0,0,0,0,0,5,
5,2041,יקנעם עילית,240,22,6,0,640,460,2,458,46,2,3,1,0,0,15,0,0,0,0,0,0,0,0,47,135,1,0,0,1,0,196,0,0,0,0,0,0,11,
5,2042,יקנעם עילית,240,23,25,0,565,381,2,379,6,3,0,2,0,0,5,0,0,0,0,0,0,0,0,110,158,0,0,0,1,0,76,0,0,0,0,0,1,17,
5,2043,יקנעם עילית,240,24,25,0,609,394,4,390,12,10,0,0,0,0,4,0,0,0,0,0,0,0,0,104,158,0,0,0,1,0,76,1,0,0,0,0,0,24,
5,2044,יקנעם עילית,240,25,1,0,677,387,3,384,11,1,1,1,0,0,4,0,0,0,0,0,0,0,0,58,215,1,0,0,1,0,48,0,0,0,0,1,0,42,
5,2045,יקנעם עילית,240,26,21,0,643,468,1,467,37,5,0,0,0,0,8,0,0,0,0,0,0,0,0,56,162,0,0,0,3,0,184,1,0,0,0,0,1,10,
5,2046,יקנעם עילית,240,27,26,0,645,502,1,501,22,2,0,2,0,0,27,0,0,0,0,0,0,0,0,41,220,0,0,0,3,0,175,2,0,0,0,0,0,7,
5,2047,יקנעם עילית,240,28,22,0,542,441,1,440,39,2,1,0,0,0,10,0,0,0,0,0,0,0,0,45,128,0,0,0,1,0,212,0,0,0,0,0,0,2,
5,2048,יקנעם עילית,240,29,26,0,665,514,2,512,19,4,0,0,0,0,25,0,0,0,0,0,0,0,0,57,236,0,0,0,2,0,156,0,0,0,0,0,0,13,
5,2049,יקנעם עילית,240,30,26,0,651,528,1,527,25,7,0,0,0,0,53,0,0,0,0,0,0,0,0,55,176,2,0,0,4,0,193,1,0,0,0,0,0,11,
5,2050,יקנעם עילית,240,31,22,0,740,524,1,523,40,2,2,0,0,0,21,0,0,0,0,0,0,0,0,32,216,0,0,0,0,0,209,0,0,0,0,0,0,1,
5,2051,יקנעם עילית,240,32,22,0,572,463,2,461,17,5,1,1,0,0,17,0,0,0,0,0,0,0,0,46,155,0,0,0,1,0,209,0,0,0,0,0,0,9,
5,2052,יקנעם עילית,240,33,22,0,613,484,3,481,18,6,1,2,0,0,20,0,0,0,0,0,0,0,0,49,154,0,0,0,0,0,217,0,0,0,0,0,0,14,
6,2582,כאוכב אבו אלהיגא,505,1,1,0,604,500,3,497,0,0,495,0,0,0,0,0,0,0,0,0,0,0,0,0,0,0,0,0,0,0,2,0,0,0,0,0,0,0,
6,2583,כאוכב אבו אלהיגא,505,2,1,0,748,598,1,597,4,1,586,0,0,0,0,0,0,0,0,0,0,0,0,0,2,0,0,0,0,0,4,0,0,0,0,0,0,0,
6,2584,כאוכב אבו אלהיגא,505,3,1,0,665,539,0,539,0,0,537,0,0,0,0,0,0,0,0,0,0,0,0,0,1,0,0,0,0,0,1,0,0,0,0,0,0,0,
6,2585,כאוכב אבו אלהיגא,505,4,1,0,615,495,1,494,0,0,494,0,0,0,0,0,0,0,0,0,0,0,0,0,0,0,0,0,0,0,0,0,0,0,0,0,0,0,
6,2756,כסראסמיע,1296,1,8,0,565,304,2,302,96,0,14,0,0,0,3,0,0,0,0,0,0,0,0,7,104,0,0,0,0,0,78,0,0,0,0,0,0,0,
6,2757,כסראסמיע,1296,2,6,0,644,401,7,394,1,1,6,0,0,0,0,0,0,0,0,0,0,0,0,19,313,0,0,0,0,0,53,0,0,0,0,0,0,1,
6,2758,כסראסמיע,1296,3,9,0,634,383,2,381,99,0,53,0,0,0,0,0,1,0,0,0,0,0,1,52,39,0,0,1,0,0,135,0,0,0,0,0,0,0,
6,2759,כסראסמיע,1296,4,5,0,675,402,2,400,29,0,121,0,0,0,0,0,0,0,0,0,0,0,0,76,90,0,0,0,0,1,82,0,0,0,0,0,0,1,
6,2760,כסראסמיע,1296,5,11,0,639,442,8,434,2,0,8,0,0,0,1,0,0,0,0,0,0,0,0,15,328,0,0,0,0,0,77,0,0,1,1,0,1,0,
6,2761,כסראסמיע,1296,6,7,0,708,440,3,437,9,0,9,0,0,0,0,0,0,0,0,0,0,0,0,121,160,0,0,0,0,0,138,0,0,0,0,0,0,0,
6,2762,כסראסמיע,1296,7,5,0,624,439,2,437,75,0,49,0,0,0,2,0,0,0,0,0,0,1,0,146,19,0,0,0,0,0,142,0,0,0,0,0,3,0,
6,2763,כסראסמיע,1296,8,10,0,576,281,3,278,34,0,15,0,0,0,43,0,0,0,0,0,0,0,0,11,103,0,0,0,0,0,71,0,0,0,0,0,1,0,
6,2764,כסראסמיע,1296,9,10,0,617,370,6,364,18,0,13,0,0,0,10,0,0,0,0,0,0,0,0,30,172,0,0,0,0,0,119,0,0,0,0,2,0,0,
6,2586,כפר מנדא,510,1,13,0,759,550,2,548,2,0,503,0,0,0,0,0,0,1,0,0,0,0,0,1,1,0,0,0,0,0,12,0,0,0,0,0,0,28,
6,2587,כפר מנדא,510,2,2,0,769,524,9,515,7,0,379,0,0,0,0,0,0,0,0,0,0,0,0,0,3,0,0,0,0,0,24,0,0,0,0,0,0,102,
6,2588,כפר מנדא,510,3,14,0,743,506,2,504,3,0,396,0,0,0,0,0,0,1,0,0,0,0,0,0,1,0,0,0,0,0,14,0,0,0,2,0,1,86,
6,2589,כפר מנדא,510,4,11,0,754,570,0,570,504,0,0,0,0,0,1,0,0,0,0,0,0,0,1,0,0,0,1,0,0,1,4,0,0,0,0,1,0,57,
6,2590,כפר מנדא,510,5,5,0,719,525,8,517,3,0,349,0,0,0,0,0,0,0,0,0,0,0,0,1,0,0,0,0,1,0,8,0,0,0,0,0,0,155,
6,2591,כפר מנדא,510,6,6,0,725,466,4,462,3,0,409,0,0,0,0,0,0,1,0,0,0,0,0,0,1,0,0,0,0,0,21,0,0,0,0,0,0,27,
6,2592,כפר מנדא,510,7,10,0,747,541,9,532,1,0,509,0,0,0,0,0,0,0,1,0,0,1,0,0,2,0,0,0,0,0,2,0,0,0,0,0,1,15,
6,2593,כפר מנדא,510,8,3,0,730,538,2,536,1,0,514,0,0,0,0,0,0,0,0,0,0,0,0,1,0,0,0,0,0,0,5,0,0,0,0,0,0,15,
6,2594,כפר מנדא,510,9,7,0,730,514,2,512,2,0,486,0,0,0,0,0,0,1,1,0,0,0,0,2,1,0,0,0,0,0,5,0,2,0,0,0,1,11,
6,2595,כפר מנדא,510,10,9,0,752,509,3,506,3,0,459,0,0,0,1,0,1,2,0,0,0,0,1,0,3,0,0,0,0,0,14,0,0,0,0,0,0,22,
6,2596,כפר מנדא,510,11,11,0,739,499,5,494,1,0,396,0,0,0,2,0,0,3,0,0,0,0,0,0,1,0,0,0,0,1,17,0,2,0,0,0,0,71,
6,2597,כפר מנדא,510,12,12,0,742,557,8,549,1,0,447,0,0,0,0,0,0,0,1,0,0,0,0,0,2,0,0,0,0,0,3,0,0,0,0,0,0,95,
6,2598,כפר מנדא,510,13,13,0,763,515,9,506,2,0,352,0,0,0,0,0,0,1,0,0,0,0,0,0,1,0,0,0,0,0,33,0,0,0,0,0,0,117,
6,2599,כפר מנדא,510,14,10,0,724,564,2,562,1,0,529,0,0,0,0,0,0,1,1,0,0,0,0,0,0,0,0,0,0,2,2,0,0,0,0,0,1,25,
6,2600,כפר מנדא,510,15,12,0,782,553,3,550,1,0,513,0,0,0,1,0,1,0,0,1,0,0,0,0,2,0,0,0,0,4,4,0,0,0,0,0,0,23,
6,2601,כפר מנדא,510,16,6,0,773,515,5,510,4,0,471,0,0,0,0,0,0,2,0,0,0,0,0,0,0,0,0,0,0,0,8,0,0,0,0,0,1,24,
6,2602,כפר מנדא,510,17,11,0,735,511,1,510,6,0,440,0,0,0,1,0,0,0,0,0,0,0,0,0,2,0,0,0,0,1,17,0,0,0,0,0,0,43,
19,10229,כפר תפוח,3572,1,1,0,622,486,1,485,0,25,0,0,0,0,197,0,0,0,0,0,0,0,0,1,183,0,0,0,53,0,1,0,0,0,0,0,2,23,
3,1219,כרכום,1285,1,1,0,462,292,0,292,39,0,0,0,0,0,7,0,0,0,0,0,0,0,0,5,68,0,0,0,0,0,171,0,0,0,0,0,0,2,
18,9946,לקיה,1060,1,1,0,776,399,2,397,1,0,391,0,0,0,0,0,0,1,0,0,0,0,1,0,0,0,0,0,0,0,0,0,0,0,0,1,0,2,
18,9947,לקיה,1060,2,4,0,660,392,1,391,0,0,390,0,0,0,0,0,0,0,0,0,0,0,0,0,0,0,0,0,0,0,1,0,0,0,0,0,0,0,
18,9948,לקיה,1060,3,2,0,742,308,0,308,2,0,300,0,0,0,0,0,0,0,0,0,0,0,0,0,0,0,1,0,0,0,3,0,0,0,0,0,1,1,
18,9949,לקיה,1060,4,3,0,692,397,6,391,1,0,374,0,0,0,1,0,0,3,0,0,0,0,0,2,0,1,0,0,0,0,6,1,0,0,0,1,1,0,
18,9950,לקיה,1060,5,1,0,745,214,2,212,2,0,206,0,0,0,0,0,0,0,0,0,0,0,0,0,1,0,0,0,0,0,2,0,0,0,0,0,1,0,
18,9951,לקיה,1060,6,1,0,630,440,0,440,17,0,423,0,0,0,0,0,0,0,0,0,0,0,0,0,0,0,0,0,0,0,0,0,0,0,0,0,0,0,
18,9952,לקיה,1060,7,7,0,644,257,5,252,1,0,235,0,0,0,0,0,0,1,0,0,0,1,0,0,2,0,0,0,1,0,5,0,0,1,2,1,0,2,
18,9953,לקיה,1060,8,1,0,719,340,2,338,0,0,334,0,0,0,0,0,0,0,0,0,0,0,1,0,0,0,0,0,0,0,3,0,0,0,0,0,0,0,
18,9954,לקיה,1060,9,7,0,794,397,3,394,2,0,383,0,0,0,0,0,0,3,0,0,0,0,0,1,0,0,0,0,1,0,3,0,0,0,0,0,0,1,
18,9955,לקיה,1060,10,2,0,616,282,3,279,3,0,270,0,0,0,2,0,0,0,0,0,0,0,0,1,0,0,0,0,0,0,1,0,1,0,0,0,0,1,
18,9956,לקיה,1060,11,1,0,645,371,0,371,2,0,361,0,0,0,0,0,0,0,0,0,0,0,0,0,1,0,0,0,0,1,4,0,0,0,0,1,1,0,
18,9294,מחנה טלי,1418,1,1,0,155,96,0,96,10,1,0,0,0,0,9,0,0,0,0,0,0,0,0,1,31,0,0,0,0,0,43,0,0,0,0,0,0,1,
3,1240,מטולה,43,1,1,0,731,432,0,432,66,0,1,2,0,0,21,0,2,0,0,0,0,0,0,21,72,2,0,0,3,0,235,1,1,0,0,0,0,5,
3,1241,מטולה,43,2,1,0,701,434,4,430,51,0,5,1,0,0,24,0,0,0,0,0,0,0,0,24,96,0,0,0,2,0,223,0,0,0,0,0,0,4,
18,9957,מכחול,1343,1,1,0,430,248,4,244,12,0,216,0,0,0,0,0,0,0,0,0,0,0,0,0,4,0,0,0,0,0,6,0,0,2,0,0,2,2,
5,1667,מסילות,298,1,1,0,430,278,0,278,79,0,0,0,0,0,1,0,0,0,0,0,0,0,0,10,12,0,0,0,0,0,176,0,0,0,0,0,0,0,
2,943,מסילת ציון,742,1,1,0,696,560,1,559,90,4,5,0,0,0,23,0,0,0,0,0,0,0,0,8,122,0,0,0,2,0,282,0,0,0,1,0,0,22,
3,1289,מסעדה,4203,1,6,0,354,79,1,78,8,0,7,0,0,0,0,0,0,0,0,0,0,0,0,1,14,0,0,0,0,0,46,0,0,0,0,0,0,2,
18,9958,מסעודין אלעזאזמה,939,1,1,0,368,209,0,209,0,0,207,0,0,0,0,0,0,0,0,0,0,0,0,0,0,0,0,0,0,1,0,0,0,0,1,0,0,0,
18,9959,מסעודין אלעזאזמה,939,2,1,0,721,436,4,432,0,0,429,0,0,0,0,0,0,0,0,0,0,0,0,0,0,0,0,0,0,1,1,1,0,0,0,0,0,0,
18,9960,מסעודין אלעזאזמה,939,3,1,0,669,384,5,379,0,0,374,0,0,0,0,0,0,0,0,0,0,0,0,1,0,0,0,0,0,0,3,0,0,0,0,0,1,0,
18,9961,מסעודין אלעזאזמה,939,4,1,0,665,404,4,400,0,0,395,0,1,0,0,0,0,0,0,0,0,0,1,0,0,0,0,0,0,0,2,0,0,0,1,0,0,0,
18,9962,מסעודין אלעזאזמה,939,5,1,0,714,443,2,441,0,0,433,0,0,0,0,0,0,0,0,0,0,0,1,0,1,0,0,0,0,0,3,0,0,1,1,0,0,1,
18,9963,מסעודין אלעזאזמה,939,6,1,0,717,466,3,463,0,0,460,0,0,0,0,0,0,0,0,0,0,0,0,0,0,0,0,0,0,0,2,0,0,0,0,0,0,1,
18,9964,מסעודין אלעזאזמה,939,7,1,0,695,430,3,427,1,0,420,0,0,0,0,0,0,0,0,0,0,0,0,0,0,0,0,0,1,1,2,0,0,0,0,0,1,1,
18,9965,מסעודין אלעזאזמה,939,8,1,0,668,374,3,371,0,0,371,0,0,0,0,0,0,0,0,0,0,0,0,0,0,0,0,0,0,0,0,0,0,0,0,0,0,0,
18,9966,מסעודין אלעזאזמה,939,9,1,0,720,437,3,434,2,0,421,0,0,0,0,0,0,1,0,0,0,0,0,0,1,0,0,0,0,0,8,0,0,0,0,0,1,0,
18,9967,מסעודין אלעזאזמה,939,10,1,0,616,374,1,373,1,0,362,1,0,0,0,0,0,0,0,0,0,0,0,0,0,1,0,0,2,0,2,1,0,2,0,0,1,0,
18,9968,מסעודין אלעזאזמה,939,11,1,0,539,303,3,300,0,0,295,0,0,0,0,0,0,0,0,0,0,0,0,0,3,0,0,0,0,0,1,0,0,0,0,1,0,0,
18,9969,מסעודין אלעזאזמה,939,12,1,0,302,164,3,161,0,0,159,0,0,0,0,0,0,0,0,0,0,0,0,0,0,0,0,0,0,0,2,0,0,0,0,0,0,0,
3,1243,מעין ברוך,416,1,1,0,479,336,2,334,78,0,2,0,0,0,4,0,0,0,0,0,0,0,0,14,51,0,0,0,0,0,185,0,0,0,0,0,0,0,
19,10231,מעלה שומרון,3637,1,1,0,572,432,1,431,4,9,0,1,0,0,128,0,0,0,0,0,0,0,0,14,217,1,0,0,7,0,36,0,0,0,0,0,0,14,
12,5724,משמר השבעה,729,1,1,0,708,527,2,525,41,4,1,1,0,0,5,0,0,0,0,0,0,0,0,17,180,0,0,0,0,0,273,0,0,0,0,1,0,2,
3,1245,נאות מרדכי,408,1,1,0,513,365,1,364,62,1,0,0,0,0,12,0,0,0,0,0,0,0,0,15,33,2,0,0,0,0,235,0,0,0,0,0,0,4,
5,1674,נווה אור,590,1,2,0,342,241,0,241,60,0,0,0,0,0,8,0,0,0,0,0,0,0,0,5,24,0,0,0,0,0,141,1,0,0,0,0,0,2,
19,10232,נופים,3790,1,3,0,529,398,3,395,2,2,0,2,0,0,86,0,0,0,0,0,0,0,0,12,247,1,0,0,7,0,26,0,0,0,0,0,0,10,
13,6330,נטעים,174,1,2,0,561,428,1,427,65,5,5,0,0,0,13,0,0,0,0,0,0,0,0,9,73,0,0,0,0,0,254,0,0,0,0,0,0,3,
12,5728,ניר צבי,331,1,3,0,427,310,0,310,40,1,3,0,0,0,7,0,0,0,0,0,0,0,0,3,42,1,0,0,1,0,211,0,0,0,0,0,0,1,
12,5729,ניר צבי,331,2,3,0,473,363,1,362,53,4,3,0,0,0,5,0,0,0,0,0,0,0,0,15,46,0,0,0,1,0,234,0,0,0,0,0,0,1,
12,5732,נצר סרני,435,1,1,0,608,504,1,503,149,0,4,1,0,0,5,0,0,0,0,0,0,0,0,8,18,0,0,0,1,0,313,0,0,0,0,0,0,4,
6,2236,נתיב השיירה,792,1,1,0,402,307,0,307,16,1,1,0,0,0,6,0,0,0,0,0,0,0,1,4,127,0,0,0,0,0,135,0,0,0,0,0,0,16,
6,2607,סחנין,7500,1,13,0,639,541,1,540,2,0,532,0,0,0,0,0,0,0,0,0,0,0,0,0,1,0,0,0,0,1,3,0,1,0,0,0,0,0,
6,2608,סחנין,7500,2,13,0,714,573,3,570,5,1,560,0,0,0,0,0,0,0,0,0,0,0,0,0,0,0,0,0,0,0,4,0,0,0,0,0,0,0,
6,2609,סחנין,7500,3,3,0,693,573,2,571,10,0,548,0,0,0,0,0,0,0,0,0,0,1,0,0,4,0,0,0,0,0,8,0,0,0,0,0,0,0,
6,2610,סחנין,7500,4,10,0,711,561,3,558,7,0,545,0,0,0,0,0,0,2,0,0,0,0,0,0,1,0,0,0,0,0,3,0,0,0,0,0,0,0,
6,2611,סחנין,7500,5,2,0,678,533,7,526,13,0,506,0,0,0,0,0,0,0,0,0,0,0,0,0,2,0,0,0,0,0,4,0,0,0,0,1,0,0,
6,2612,סחנין,7500,6,2,0,687,532,1,531,34,0,489,0,0,0,0,0,0,0,0,0,0,0,1,0,0,0,0,0,0,0,7,0,0,0,0,0,0,0,
6,2613,סחנין,7500,7,1,0,720,560,4,556,12,3,537,0,0,0,0,0,0,0,0,0,0,0,0,0,1,0,0,0,0,0,2,0,0,1,0,0,0,0,
6,2614,סחנין,7500,8,1,0,746,585,1,584,21,0,557,0,0,0,0,0,0,1,0,0,0,0,0,0,2,0,0,0,1,0,1,0,0,0,0,0,1,0,
6,2615,סחנין,7500,9,14,0,766,613,1,612,14,0,592,0,0,0,0,0,0,0,0,0,0,0,0,0,2,0,0,0,0,0,4,0,0,0,0,0,0,0,
6,2616,סחנין,7500,10,10,0,705,552,2,550,1,1,546,0,0,0,0,0,0,0,0,0,0,0,1,0,0,0,0,0,0,0,1,0,0,0,0,0,0,0,
6,2617,סחנין,7500,11,5,0,706,556,1,555,4,0,546,0,0,0,0,0,0,0,0,0,0,0,0,0,3,0,0,0,0,0,1,0,0,0,0,1,0,0,
6,2618,סחנין,7500,12,3,0,748,613,3,610,2,0,603,0,0,0,0,0,0,0,0,0,0,0,0,0,1,0,0,0,1,0,3,0,0,0,0,0,0,0,
6,2619,סחנין,7500,13,2,0,699,523,1,522,15,0,499,0,0,0,0,0,0,0,0,0,0,0,0,0,1,0,0,0,0,0,4,0,1,0,1,0,0,1,
6,2620,סחנין,7500,14,14,0,774,612,0,612,14,0,589,0,0,0,0,0,0,0,0,0,0,0,0,0,1,0,0,0,0,0,8,0,0,0,0,0,0,0,
6,2621,סחנין,7500,15,13,0,756,626,7,619,17,0,595,0,0,0,0,0,0,0,0,0,0,0,0,0,1,0,0,1,0,0,4,0,0,0,0,0,1,0,
6,2622,סחנין,7500,16,13,0,726,573,1,572,6,0,556,0,0,0,1,0,0,0,0,0,0,0,0,0,2,0,0,0,0,0,6,0,0,0,0,1,0,0,
6,2623,סחנין,7500,17,13,0,759,605,0,605,4,2,592,0,0,0,0,0,0,0,0,0,0,0,1,0,2,0,0,0,0,0,0,0,0,0,0,0,1,3,
6,2624,סחנין,7500,18,3,0,757,632,1,631,6,1,612,0,0,0,0,0,0,4,0,0,0,0,0,0,1,0,0,0,0,0,7,0,0,0,0,0,0,0,
6,2625,סחנין,7500,19,8,0,786,569,0,569,9,0,549,0,0,0,0,0,0,0,0,0,0,0,0,0,1,1,0,0,0,1,7,0,0,0,0,0,0,1,
6,2626,סחנין,7500,20,2,0,732,578,0,578,7,0,560,0,0,0,0,0,0,0,0,0,0,0,0,0,0,0,0,0,0,0,11,0,0,0,0,0,0,0,
6,2627,סחנין,7500,21,8,0,778,644,0,644,6,0,634,0,0,0,0,0,0,0,0,0,0,0,0,0,0,0,0,0,1,0,3,0,0,0,0,0,0,0,
6,2628,סחנין,7500,22,12,0,697,556,1,555,14,0,535,0,0,0,0,0,0,0,0,0,0,0,0,0,3,0,0,0,0,1,2,0,0,0,0,0,0,0,
6,2629,סחנין,7500,23,12,0,756,583,0,583,2,0,580,0,0,0,0,0,0,0,0,0,0,0,0,0,0,0,0,0,0,0,1,0,0,0,0,0,0,0,
6,2630,סחנין,7500,24,12,0,709,541,1,540,2,0,534,0,0,0,0,0,0,0,0,0,0,0,0,1,0,0,0,0,0,0,2,0,0,0,0,0,0,1,
6,2631,סחנין,7500,25,10,0,699,587,3,584,8,1,560,0,0,0,0,0,0,0,0,0,0,0,0,0,4,0,0,0,0,0,9,0,0,0,0,0,0,2,
6,2632,סחנין,7500,26,5,0,728,599,3,596,7,0,587,0,0,0,0,0,0,0,0,0,0,0,0,1,1,0,0,0,0,0,0,0,0,0,0,0,0,0,
6,2633,סחנין,7500,27,8,0,741,579,1,578,0,0,570,0,0,0,0,0,0,0,0,0,0,0,0,1,1,0,0,0,0,1,4,0,0,0,0,0,0,1,
6,2634,סחנין,7500,28,14,0,636,506,2,504,4,0,492,0,0,0,0,0,0,0,0,0,0,0,0,1,2,0,1,0,0,0,2,0,0,0,0,0,0,2,
6,2635,סחנין,7500,29,14,0,670,457,1,456,4,0,448,0,0,0,0,0,0,1,0,0,0,0,0,0,1,0,0,0,0,0,2,0,0,0,0,0,0,0,
6,2636,סחנין,7500,30,14,0,708,574,0,574,7,0,557,0,0,0,0,0,0,0,0,0,0,0,0,0,1,0,0,0,0,1,7,0,0,0,0,0,1,0,
19,10434,סלעית,3567,1,1,0,769,629,1,628,63,1,2,0,0,0,16,0,0,0,0,0,0,0,0,10,83,0,0,0,1,0,451,1,0,0,0,0,0,0,
6,2237,סער,454,1,1,0,623,437,0,437,82,1,4,0,0,0,8,0,0,0,0,0,0,0,0,13,85,0,0,0,0,0,242,0,0,0,0,0,0,2,
9,3779,עין כרמל,426,1,1,0,525,405,0,405,107,0,1,1,0,0,4,0,0,0,0,0,0,0,0,16,29,0,0,0,0,0,245,0,0,0,0,0,0,2,
5,1744,עין מאהל,532,1,4,0,718,518,0,518,4,0,504,0,0,0,1,0,0,1,0,0,1,0,0,0,2,0,0,0,0,0,2,1,0,0,0,0,2,0,
5,1745,עין מאהל,532,2,4,0,752,521,5,516,3,0,506,0,0,0,0,0,0,0,0,0,0,0,1,1,2,0,0,0,1,0,2,0,0,0,0,0,0,0,
5,1746,עין מאהל,532,3,4,0,777,545,6,539,7,0,524,0,0,0,0,0,0,1,0,0,0,0,0,0,2,0,0,0,0,1,1,0,0,1,0,0,0,2,
5,1747,עין מאהל,532,4,2,0,769,543,3,540,12,0,516,0,0,0,0,0,0,0,0,0,0,0,2,0,5,0,0,1,0,1,1,0,2,0,0,0,0,0,
5,1748,עין מאהל,532,5,2,0,575,442,6,436,0,1,428,0,0,0,1,0,0,0,0,0,0,0,1,0,2,0,0,0,0,0,1,0,0,0,1,0,0,1,
5,1749,עין מאהל,532,6,2,0,754,580,2,578,0,0,563,0,0,0,0,0,1,1,0,0,0,0,0,0,8,0,0,0,0,0,0,0,0,0,0,0,1,4,
5,1750,עין מאהל,532,7,2,0,743,588,4,584,0,0,577,0,0,0,0,0,0,1,0,0,0,0,1,0,0,0,0,0,0,2,2,0,0,0,0,0,0,1,
5,1751,עין מאהל,532,8,2,0,696,518,2,516,1,0,506,0,0,0,0,0,0,1,0,0,0,0,0,0,3,0,0,0,0,1,1,1,0,0,0,0,2,0,
5,1752,עין מאהל,532,9,4,0,622,449,0,449,1,0,441,0,0,0,1,0,0,0,0,0,0,0,0,0,1,0,0,0,0,1,0,0,0,0,1,0,1,2,
5,1753,עין מאהל,532,10,2,0,733,485,2,483,0,0,477,0,0,0,2,0,0,0,1,0,0,0,0,0,2,0,0,0,0,0,1,0,0,0,0,0,0,0,
5,1754,עין מאהל,532,11,2,0,581,426,0,426,2,0,420,0,0,0,0,0,0,2,0,0,0,0,0,0,2,0,0,0,0,0,0,0,0,0,0,0,0,0,
5,1755,עין מאהל,532,12,4,0,734,550,1,549,3,0,533,0,0,0,1,0,0,2,0,0,0,0,1,0,3,0,1,0,1,0,2,0,0,0,0,0,1,1,
5,1756,עין מאהל,532,13,4,0,604,443,2,441,0,0,433,0,0,0,1,0,0,0,0,0,0,0,0,0,3,0,0,0,0,1,2,0,0,0,0,0,0,1,
3,1246,עמיר,319,1,1,0,493,351,3,348,146,0,3,0,0,0,1,0,0,0,0,0,0,0,0,8,20,0,0,0,0,0,170,0,0,0,0,0,0,0,
6,2641,עצמון שגב,917,1,1,0,441,325,0,325,73,0,2,0,0,0,3,0,0,0,0,0,0,0,0,4,23,0,0,0,0,0,217,0,0,0,0,0,0,3,
6,2642,עצמון שגב,917,2,1,0,457,339,1,338,68,0,7,0,0,0,11,0,0,0,0,0,0,0,0,2,20,0,0,0,0,0,229,1,0,0,0,0,0,0,
6,2643,עראבה,531,1,3,0,663,441,2,439,2,0,434,0,0,0,0,0,0,0,0,0,0,0,0,0,0,0,0,0,0,0,3,0,0,0,0,0,0,0,
6,2644,עראבה,531,2,3,0,686,490,1,489,3,1,477,0,0,0,1,0,0,3,0,0,0,0,0,0,1,0,0,0,0,1,1,0,0,0,0,1,0,0,
6,2646,עראבה,531,4,1,0,713,517,6,511,0,0,504,0,0,0,0,0,0,1,0,0,0,0,0,0,0,0,0,0,0,2,3,0,1,0,0,0,0,0,
6,2647,עראבה,531,5,2,0,729,508,0,508,0,0,503,0,0,0,0,0,0,0,0,0,0,0,0,0,3,0,0,0,0,0,2,0,0,0,0,0,0,0,
6,2649,עראבה,531,7,2,0,723,559,3,556,0,1,549,0,0,0,0,0,0,1,0,0,0,0,0,0,1,0,0,0,0,1,2,0,0,0,0,1,0,0,
6,2650,עראבה,531,8,1,0,745,607,2,605,0,3,602,0,0,0,0,0,0,0,0,0,0,0,0,0,0,0,0,0,0,0,0,0,0,0,0,0,0,0,
6,2651,עראבה,531,9,3,0,712,466,0,466,0,0,465,0,0,0,0,0,0,0,0,0,0,0,0,0,0,1,0,0,0,0,0,0,0,0,0,0,0,0,
6,2652,עראבה,531,10,9,0,692,459,1,458,1,0,449,0,0,0,0,0,0,1,0,0,0,0,0,0,0,0,0,0,0,2,4,0,0,0,0,1,0,0,
6,2653,עראבה,531,11,7,0,686,463,0,463,1,0,457,0,0,0,0,0,0,0,0,0,0,0,0,0,2,0,0,0,0,0,3,0,0,0,0,0,0,0,
6,2654,עראבה,531,12,2,0,673,500,0,500,1,0,495,0,0,0,0,0,0,0,0,0,0,0,0,0,0,0,0,0,0,0,4,0,0,0,0,0,0,0,
6,2655,עראבה,531,13,6,0,729,535,2,533,0,0,528,0,0,0,1,0,0,0,0,0,0,0,0,0,1,0,0,0,0,0,2,0,0,0,0,1,0,0,
6,2656,עראבה,531,14,8,0,600,452,1,451,0,0,448,0,0,0,0,0,0,1,0,0,0,0,0,0,0,0,0,0,1,0,0,0,0,0,0,1,0,0,
6,2657,עראבה,531,15,6,0,744,513,1,512,2,0,508,0,0,0,1,0,0,0,0,0,0,0,0,0,0,0,0,0,0,0,0,0,0,0,0,0,0,1,
6,2658,עראבה,531,16,8,0,744,609,1,608,0,0,603,0,0,0,0,0,0,0,0,0,0,0,0,0,1,0,0,0,0,0,2,1,0,0,0,0,1,0,
6,2659,עראבה,531,17,8,0,750,525,3,522,1,3,510,0,0,0,0,0,0,0,0,0,0,1,0,0,5,0,0,0,0,0,1,0,0,0,0,0,0,1,
6,2660,עראבה,531,18,6,0,655,507,0,507,0,0,500,0,0,0,0,0,0,0,0,0,0,0,0,1,3,0,0,0,0,0,2,0,0,0,1,0,0,0,
6,2661,עראבה,531,19,6,0,622,417,0,417,1,0,415,0,0,0,0,0,0,1,0,0,0,0,0,0,0,0,0,0,0,0,0,0,0,0,0,0,0,0,
6,2662,עראבה,531,20,8,0,765,519,3,516,1,0,513,0,0,0,0,0,0,1,0,0,0,0,0,0,0,0,0,0,0,0,1,0,0,0,0,0,0,0,
6,2663,עראבה,531,21,7,0,699,507,2,505,2,0,501,0,0,0,0,0,0,0,0,0,0,0,0,0,1,0,0,0,0,0,1,0,0,0,0,0,0,0,
6,2664,עראבה,531,22,9,0,676,484,3,481,1,0,477,0,0,0,0,0,0,1,0,0,0,0,0,0,0,0,0,0,0,0,1,0,0,0,0,0,1,0,
6,2665,עראבה,531,23,9,0,699,493,4,489,0,0,484,0,0,0,0,0,0,2,0,0,0,0,0,0,0,0,0,0,0,2,0,0,0,0,0,0,0,1,
6,2666,עראבה,531,24,9,0,632,457,0,457,1,0,455,0,0,0,0,0,0,0,0,0,0,0,0,0,0,0,0,0,0,0,1,0,0,0,0,0,0,0,
6,2667,ערב אל נעים,1335,1,2,0,517,285,6,279,3,0,103,0,1,0,3,0,1,4,1,0,1,3,0,0,117,0,0,1,3,2,29,0,1,0,0,0,3,3,
6,2813,פסוטה,535,1,2,0,675,392,4,388,19,0,281,0,0,0,0,0,0,2,0,0,0,0,0,67,11,0,0,0,0,0,6,0,0,1,0,0,1,0,
6,2814,פסוטה,535,2,1,0,694,398,2,396,17,0,329,0,0,0,0,0,0,1,0,0,0,0,0,26,5,0,0,0,0,0,18,0,0,0,0,0,0,0,
6,2815,פסוטה,535,3,1,0,657,456,1,455,26,0,389,0,0,0,0,0,0,0,0,0,0,0,0,29,0,0,0,0,0,0,9,0,0,0,0,0,0,2,
6,2816,פסוטה,535,4,1,0,601,358,1,357,42,0,270,0,0,0,0,0,0,0,0,0,1,0,0,25,5,0,0,0,0,1,12,0,0,0,0,0,0,1,
6,2668,צביה,1180,1,1,0,268,198,0,198,31,0,1,0,0,0,4,0,0,0,0,0,0,0,0,3,16,2,0,0,0,0,141,0,0,0,0,0,0,0,
18,9991,קודייראת אצאנעשבט,964,1,1,0,664,159,4,155,4,0,139,0,0,0,0,0,0,0,0,0,1,0,0,0,0,0,0,0,0,1,8,0,0,0,0,1,0,1,
18,9992,קודייראת אצאנעשבט,964,2,1,0,686,226,0,226,1,0,223,0,0,0,0,0,0,0,0,0,0,0,0,0,0,1,0,0,0,0,0,0,1,0,0,0,0,0,
5,1757,ריינה,542,1,1,0,717,580,2,578,5,0,565,0,0,0,1,0,0,0,0,0,0,0,0,0,1,0,0,0,0,1,4,0,0,0,0,0,1,0,
5,1758,ריינה,542,2,1,0,701,471,2,469,4,1,459,0,0,0,0,0,0,0,0,0,0,0,0,0,2,0,0,0,0,0,3,0,0,0,0,0,0,0,
5,1759,ריינה,542,3,1,0,693,462,0,462,5,0,446,0,0,0,0,0,0,0,0,0,0,0,0,0,5,0,1,0,0,0,5,0,0,0,0,0,0,0,
5,1760,ריינה,542,4,1,0,736,526,3,523,2,0,512,0,0,0,0,0,0,0,0,0,0,0,0,1,3,0,0,0,1,0,3,0,0,0,0,0,0,1,
5,1761,ריינה,542,5,4,0,656,424,6,418,5,0,404,0,0,0,0,0,0,0,0,0,0,0,0,0,3,0,0,0,0,1,0,0,0,0,1,0,1,3,
5,1762,ריינה,542,6,5,0,636,428,11,417,2,0,407,0,0,0,0,0,0,0,0,0,0,0,1,0,2,0,0,0,0,1,2,0,0,0,0,0,0,2,
5,1763,ריינה,542,7,5,0,657,433,4,429,1,0,423,0,0,0,1,0,0,0,0,0,0,0,0,0,2,0,0,0,0,0,1,0,0,0,0,0,1,0,
5,1764,ריינה,542,8,5,0,667,483,0,483,9,0,446,0,0,0,0,0,0,0,0,0,0,0,0,5,11,0,0,0,0,0,3,0,0,1,0,0,1,7,
5,1765,ריינה,542,9,3,0,706,505,3,502,4,0,485,0,0,0,2,0,0,0,0,0,0,0,0,1,4,0,0,0,0,1,4,0,0,1,0,0,0,0,
5,1766,ריינה,542,10,3,0,637,388,1,387,4,1,375,0,0,0,1,0,0,0,0,0,0,0,0,1,3,0,0,0,0,0,2,0,0,0,0,0,0,0,
5,1767,ריינה,542,11,6,0,655,432,4,428,1,0,422,0,0,0,0,0,0,0,0,0,0,0,0,1,1,0,0,0,0,0,2,0,0,0,0,0,0,1,
5,1768,ריינה,542,12,1,0,666,466,0,466,2,1,451,0,0,0,0,0,0,0,0,0,0,0,0,3,0,0,0,0,0,0,5,0,0,0,0,1,0,3,
5,1769,ריינה,542,13,4,0,706,496,7,489,3,0,472,0,0,0,0,0,0,0,0,0,0,1,0,3,2,0,0,0,1,0,4,1,0,2,0,0,0,0,
5,1770,ריינה,542,14,6,0,661,405,4,401,6,0,384,0,1,0,2,0,0,1,0,0,0,0,0,0,2,1,0,0,0,0,1,0,0,0,0,0,2,1,
5,1771,ריינה,542,15,6,0,662,438,4,434,7,0,420,0,0,0,0,0,0,1,0,0,0,0,0,1,0,0,0,0,0,0,3,0,0,0,0,0,0,2,
5,1772,ריינה,542,16,1,0,640,404,1,403,1,0,392,0,0,0,0,0,0,0,0,0,0,0,0,3,1,0,0,0,0,0,6,0,0,0,0,0,0,0,
5,1773,ריינה,542,17,6,0,640,423,6,417,0,0,412,0,0,0,0,0,0,0,0,0,0,0,0,1,2,0,0,1,0,0,1,0,0,0,0,0,0,0,
5,2063,רמת ישי,122,1,1,0,579,432,2,430,33,1,2,0,0,0,7,0,0,0,0,0,0,0,0,10,163,0,0,0,0,0,205,0,0,0,1,0,0,8,
5,2064,רמת ישי,122,2,1,0,608,455,0,455,42,10,0,0,0,0,13,0,0,0,0,0,0,0,0,18,148,1,0,0,2,0,215,0,0,0,0,0,0,6,
5,2065,רמת ישי,122,3,4,0,595,458,1,457,28,0,0,1,0,0,9,0,0,0,0,0,0,0,0,19,143,0,0,0,0,0,249,1,0,0,0,0,0,7,
5,2066,רמת ישי,122,4,2,0,741,527,3,524,41,5,1,0,0,0,16,0,0,0,0,0,0,0,0,17,163,2,0,0,2,0,267,1,0,0,0,0,0,9,
5,2067,רמת ישי,122,5,2,0,712,544,3,541,42,2,1,0,0,0,16,0,0,0,0,0,0,0,0,23,173,0,0,0,2,0,274,0,0,0,0,0,0,8,
5,2068,רמת ישי,122,6,4,0,718,528,3,525,42,1,2,0,0,0,12,0,0,0,0,0,0,0,0,27,154,1,0,0,3,0,275,0,0,0,0,0,0,8,
5,2069,רמת ישי,122,7,1,0,575,439,1,438,57,3,1,0,0,0,21,0,0,0,0,0,0,0,0,10,123,1,0,0,1,0,219,0,0,0,0,0,0,2,
5,2070,רמת ישי,122,8,5,0,661,495,2,493,29,2,0,0,0,0,17,0,0,0,0,0,0,0,0,22,113,0,0,0,0,0,304,1,0,0,0,0,0,5,
5,2071,רמת ישי,122,9,5,0,513,374,3,371,45,0,1,0,0,0,11,0,0,0,0,0,0,0,0,12,104,0,0,0,1,0,195,0,0,0,0,0,0,2,
6,2670,רקפת,1228,1,1,0,793,589,0,589,105,0,5,0,0,0,12,0,0,0,0,0,0,0,0,23,64,1,0,0,0,0,378,0,0,0,0,0,0,1,
5,1683,רשפים,437,1,1,0,616,500,1,499,137,1,1,0,0,0,45,0,0,0,0,0,0,0,0,6,57,0,0,0,0,0,248,0,0,0,0,0,0,4,
18,10048,שגבשלום,1286,1,2,0,672,414,4,410,2,9,383,0,0,0,0,0,0,2,0,0,0,0,0,0,0,3,1,0,1,0,6,0,0,0,0,1,1,1,
18,10049,שגבשלום,1286,2,1,0,590,415,7,408,0,0,406,0,0,0,0,0,0,0,0,0,0,0,0,0,0,0,0,1,0,0,0,0,0,0,0,0,1,0,
18,10050,שגבשלום,1286,3,1,0,723,499,1,498,1,0,487,0,0,0,1,0,0,0,0,0,0,1,0,0,3,0,0,0,0,0,1,0,0,1,0,0,3,0,
18,10051,שגבשלום,1286,4,2,0,727,507,5,502,0,0,496,0,0,0,0,0,0,1,0,0,0,0,0,0,3,0,0,0,0,1,0,0,0,1,0,0,0,0,
18,10052,שגבשלום,1286,5,3,0,542,343,3,340,0,0,334,0,0,0,0,0,0,0,0,0,0,0,0,0,0,0,1,0,0,0,0,0,3,0,0,0,0,2,
18,10053,שגבשלום,1286,6,2,0,636,351,1,350,1,1,335,0,0,0,0,0,0,0,0,0,0,0,0,1,5,0,0,0,0,0,5,0,0,1,0,1,0,0,
18,10054,שגבשלום,1286,7,3,0,698,487,3,484,0,0,475,0,0,0,0,0,0,1,0,1,0,1,0,0,3,0,0,0,1,0,0,1,0,1,0,0,0,0,
18,10055,שגבשלום,1286,8,2,0,558,359,4,355,1,0,345,0,0,0,0,0,0,0,0,0,0,0,0,0,2,0,0,1,0,1,2,0,2,0,1,0,0,0,
6,2671,שורשים,1235,1,1,0,401,283,1,282,37,0,4,0,0,0,10,0,0,0,0,0,0,0,0,8,46,0,0,0,0,0,175,1,0,0,0,0,0,1,
6,2672,שכניה,1160,1,1,0,616,467,0,467,104,0,4,0,0,0,13,0,0,0,0,0,0,0,0,17,26,4,0,0,0,0,296,0,0,0,0,0,1,2,
3,1281,שניר,1132,1,1,0,435,310,3,307,83,0,1,0,0,0,5,0,0,0,0,0,0,0,0,9,28,0,0,0,0,0,180,0,0,0,0,0,0,1,
10,4741,אבני חפץ,3793,1,3,0,515,408,1,407,2,10,0,0,0,0,198,0,0,0,0,0,0,0,0,0,149,0,0,0,12,0,0,0,0,0,0,0,0,36,
10,4742,אבני חפץ,3793,2,3,0,592,474,0,474,0,10,0,0,0,0,202,0,0,0,0,0,0,0,0,0,188,0,0,0,11,0,4,1,0,0,0,0,0,58,
6,2563,אשחר,1188,1,1,0,620,467,1,466,91,2,2,0,0,0,100,0,0,0,0,0,0,0,0,17,79,2,0,0,2,0,169,0,0,0,0,0,0,2,
10,4743,בארותיים,697,1,1,0,700,543,1,542,70,4,2,0,0,0,21,0,0,0,0,0,0,0,0,13,77,1,2,0,0,1,349,0,0,0,0,0,0,2,
3,1286,בוקעאתא,4001,1,2,0,567,76,0,76,12,0,2,0,0,0,16,0,0,0,0,0,0,0,1,4,18,0,0,0,0,0,20,0,0,0,0,0,0,3,
6,2404,בית גן,480,1,4,0,739,365,5,360,94,2,31,0,0,0,0,0,0,0,0,0,0,0,0,39,39,0,0,0,0,0,155,0,0,0,0,0,0,0,
6,2405,בית גן,480,2,7,0,707,333,6,327,88,0,35,0,0,0,0,0,0,1,0,0,0,0,0,40,17,0,0,0,0,0,142,1,0,0,0,0,0,3,
6,2406,בית גן,480,3,1,0,745,387,1,386,76,0,47,0,0,0,0,0,0,0,1,0,0,0,0,52,37,1,0,0,0,0,170,1,0,0,0,0,0,1,
6,2407,בית גן,480,4,2,0,759,338,3,335,61,1,33,0,0,0,0,0,0,0,0,0,0,0,1,43,35,0,0,0,0,0,159,0,0,0,0,0,1,1,
6,2408,בית גן,480,5,1,0,727,329,1,328,50,1,27,0,0,0,0,0,0,0,0,0,0,0,0,38,31,0,0,0,0,1,180,0,0,0,0,0,0,0,
6,2409,בית גן,480,6,2,0,763,421,1,420,65,0,29,0,0,0,0,1,0,0,0,0,0,1,0,43,31,0,0,0,0,0,250,0,0,0,0,0,0,0,
6,2410,בית גן,480,7,3,0,723,319,3,316,43,0,55,0,0,0,0,0,0,0,0,0,0,0,2,83,20,2,0,0,0,0,111,0,0,0,0,0,0,0,
6,2411,בית גן,480,8,3,0,739,367,1,366,113,0,31,0,0,0,1,0,0,0,0,0,0,0,0,33,17,0,0,0,1,0,170,0,0,0,0,0,0,0,
6,2412,בית גן,480,9,7,0,709,351,5,346,0,113,27,0,0,0,2,0,0,0,0,0,0,0,0,44,17,0,1,0,0,0,141,0,0,0,0,0,0,1,
6,2413,בית גן,480,10,4,0,716,373,5,368,72,0,29,0,0,0,0,0,0,0,1,0,0,1,1,71,19,1,0,0,0,0,171,0,0,0,0,0,2,0,
6,2414,בית גן,480,11,8,0,711,379,2,377,88,0,45,0,0,0,0,0,0,0,0,0,0,0,1,47,36,0,0,0,1,1,155,0,0,0,0,0,2,1,
6,2415,בית גן,480,12,8,0,675,349,1,348,85,1,43,0,0,0,0,0,0,0,0,0,0,0,0,53,17,0,0,0,1,0,146,1,0,0,0,0,1,0,
10,4636,בית יהושע,288,1,1,0,713,536,2,534,85,2,1,2,0,0,13,0,0,0,0,0,0,0,0,7,65,1,0,0,0,0,357,0,0,0,0,0,0,1,
6,2518,דייר אלאסד,490,1,2,0,694,621,2,619,37,1,566,0,0,0,0,0,0,1,0,0,0,0,0,0,1,0,0,0,0,0,2,0,0,0,0,0,0,11,
6,2519,דייר אלאסד,490,2,1,0,684,546,2,544,7,1,523,0,0,0,0,0,0,1,0,0,1,0,0,0,1,0,0,0,0,0,1,0,0,0,0,0,0,9,
6,2520,דייר אלאסד,490,3,3,0,679,561,3,558,4,1,539,0,0,0,0,0,0,0,0,0,0,0,0,0,1,1,0,0,1,1,0,0,0,0,0,2,0,8,
6,2521,דייר אלאסד,490,4,1,0,762,680,0,680,7,0,637,0,0,0,0,0,0,0,0,0,1,0,0,0,1,0,0,0,0,0,9,0,0,0,0,0,0,25,
6,2523,דייר אלאסד,490,6,2,0,693,540,3,537,11,0,483,0,0,0,0,0,0,0,0,0,0,0,0,0,3,0,0,0,0,0,2,0,0,0,0,0,0,38,
6,2524,דייר אלאסד,490,7,6,0,673,557,0,557,25,0,524,0,0,0,0,0,0,0,0,0,0,0,0,1,0,0,0,0,0,0,3,0,0,1,0,0,0,3,
6,2525,דייר אלאסד,490,8,6,0,671,565,1,564,17,0,530,0,0,0,0,0,0,0,0,0,0,0,0,0,1,0,0,0,1,0,1,0,0,0,0,0,0,14,
6,2526,דייר אלאסד,490,9,5,0,680,585,1,584,4,0,555,0,0,0,0,0,0,0,0,0,0,0,0,0,3,0,0,0,0,1,3,0,1,0,0,0,0,17,
6,2527,דייר אלאסד,490,10,5,0,714,621,3,618,3,0,608,0,0,0,0,0,0,1,0,0,0,0,0,0,0,0,0,0,0,0,2,0,0,0,0,0,0,4,
6,2528,דייר אלאסד,490,11,2,0,606,548,0,548,26,0,501,0,0,0,0,0,0,0,0,0,0,0,0,0,0,0,0,0,0,0,13,0,0,0,0,0,0,8,
6,2529,דייר אלאסד,490,12,3,0,686,550,2,548,3,0,529,0,0,0,0,0,1,0,0,0,0,0,1,0,0,0,0,0,0,2,1,0,0,0,0,0,0,11,
10,4548,הדר עם,191,1,1,0,516,413,1,412,60,0,6,0,0,0,4,0,0,0,0,0,0,0,0,13,45,0,0,0,4,0,279,0,0,0,0,0,0,1,
10,4688,זמר,1290,1,1,0,769,527,4,523,5,0,512,0,0,0,0,2,0,0,0,0,0,0,0,0,2,0,0,0,0,0,1,0,0,0,0,0,0,1,
10,4689,זמר,1290,2,2,0,756,493,3,490,1,1,478,0,0,0,0,0,0,1,0,1,0,0,0,0,0,0,1,0,1,1,3,0,1,0,0,0,0,1,
10,4690,זמר,1290,3,5,0,595,405,3,402,2,0,393,0,0,0,1,0,0,0,0,0,0,0,0,1,0,0,0,0,0,0,3,0,0,0,1,0,0,1,
10,4691,זמר,1290,4,4,0,636,473,4,469,5,0,462,0,0,0,0,0,0,0,0,0,0,0,0,0,0,0,0,0,1,0,1,0,0,0,0,0,0,0,
10,4692,זמר,1290,5,8,0,727,532,7,525,1,0,519,0,0,0,0,0,0,1,0,0,0,0,0,0,0,0,0,0,0,0,3,0,0,0,0,0,0,1,
10,4693,זמר,1290,6,9,0,693,427,4,423,2,0,411,0,0,0,1,0,1,1,0,0,0,0,0,0,2,0,0,0,0,1,3,1,0,0,0,0,0,0,
10,4694,זמר,1290,7,5,0,544,379,2,377,1,0,371,0,0,0,0,1,0,1,0,0,0,0,0,0,2,0,0,0,0,0,0,0,0,0,0,0,0,1,
6,2742,חוסן,662,1,1,0,733,535,4,531,22,1,2,0,0,0,19,0,0,0,0,0,0,0,0,23,322,1,0,0,3,0,99,0,0,0,0,0,0,39,
6,2577,חוסנייה,1332,1,1,0,552,338,1,337,9,0,308,0,0,0,0,0,0,1,0,0,0,0,0,0,5,0,0,0,0,0,13,0,0,0,0,0,1,0,
10,4695,טירה,2720,1,12,0,751,534,3,531,7,0,506,0,0,0,0,0,0,0,0,1,0,0,0,0,1,0,0,0,0,0,15,0,0,0,0,0,0,1,
10,4697,טירה,2720,3,7,0,780,577,4,573,8,2,560,0,0,0,0,0,0,1,0,0,0,0,0,0,0,1,0,0,0,0,0,1,0,0,0,0,0,0,
10,4698,טירה,2720,4,9,0,738,548,4,544,8,4,521,0,0,0,1,0,0,0,0,0,0,0,0,0,2,0,0,1,0,0,6,0,0,0,0,0,1,0,
10,4699,טירה,2720,5,1,0,780,565,1,564,7,0,548,0,0,0,0,0,0,2,0,0,0,0,0,0,1,0,0,0,0,0,3,0,0,0,0,1,1,1,
10,4700,טירה,2720,6,8,0,770,550,1,549,7,1,534,0,0,0,0,0,0,0,0,0,0,0,0,0,0,0,0,0,0,0,5,0,0,0,0,0,1,1,
10,4701,טירה,2720,7,11,0,769,568,2,566,10,0,546,0,0,0,0,0,0,0,0,0,0,0,0,0,2,0,0,0,1,0,6,0,0,0,0,0,0,1,
10,4702,טירה,2720,8,3,0,768,554,1,553,4,1,542,0,0,0,0,0,0,0,0,0,0,0,0,0,0,0,0,0,0,0,6,0,0,0,0,0,0,0,
10,4703,טירה,2720,9,4,0,761,560,1,559,9,0,541,0,0,0,0,0,0,3,0,1,0,0,0,0,0,0,0,0,0,0,5,0,0,0,0,0,0,0,
10,4704,טירה,2720,10,4,0,770,581,1,580,9,0,561,0,0,0,0,0,0,0,0,0,0,0,0,0,0,0,0,0,0,1,8,0,0,0,0,0,0,1,
10,4705,טירה,2720,11,9,0,740,548,1,547,6,1,532,0,0,0,0,0,0,0,0,0,0,1,0,0,0,0,0,0,0,0,7,0,0,0,0,0,0,0,
10,4706,טירה,2720,12,2,0,752,547,3,544,10,0,525,0,0,0,0,0,0,0,0,0,0,0,1,0,0,0,0,0,0,0,7,0,0,0,0,0,1,0,
10,4707,טירה,2720,13,2,0,764,567,8,559,7,0,539,1,0,0,1,0,0,1,0,0,0,0,0,0,2,0,0,0,0,0,8,0,0,0,0,0,0,0,
10,4708,טירה,2720,14,7,0,746,523,2,521,6,0,491,0,0,0,0,0,0,1,0,0,0,0,0,0,1,0,0,0,0,0,21,0,0,0,0,0,0,1,
10,4709,טירה,2720,15,12,0,780,567,6,561,11,3,539,0,0,0,0,0,0,0,0,0,0,0,0,0,0,0,0,0,0,1,7,0,0,0,0,0,0,0,
10,4710,טירה,2720,16,12,0,796,603,2,601,5,1,588,0,0,0,0,0,0,0,0,0,0,0,0,0,2,0,0,0,0,0,4,0,0,0,0,1,0,0,
10,4711,טירה,2720,17,9,0,756,553,2,551,9,1,531,0,0,0,0,0,0,0,0,0,0,0,0,0,1,0,0,0,0,0,9,0,0,0,0,0,0,0,
10,4712,טירה,2720,18,4,0,742,529,2,527,4,1,510,0,0,0,1,0,0,0,0,0,0,0,1,0,4,0,0,0,0,0,6,0,0,0,0,0,0,0,
10,4713,טירה,2720,19,8,0,754,566,1,565,6,0,546,0,0,0,0,0,0,0,0,0,0,0,0,0,1,0,0,0,0,0,10,0,0,0,0,0,1,1,
10,4714,טירה,2720,20,2,0,743,520,2,518,7,1,505,0,0,0,0,0,0,0,0,0,0,0,0,0,1,0,0,0,0,0,4,0,0,0,0,0,0,0,
10,4715,טירה,2720,21,3,0,756,537,2,535,8,0,522,0,0,0,0,0,0,0,0,0,0,0,0,0,1,0,1,0,0,0,3,0,0,0,0,0,0,0,
10,4716,טירה,2720,22,7,0,744,517,6,511,8,0,485,0,0,0,0,0,0,0,0,0,0,0,0,0,2,0,0,0,1,0,15,0,0,0,0,0,0,0,
10,4717,טירה,2720,23,3,0,784,557,2,555,12,0,531,0,0,0,1,0,0,1,0,0,0,0,0,0,0,0,0,0,0,0,9,0,0,1,0,0,0,0,
10,4718,טירה,2720,24,8,0,743,530,6,524,8,2,502,0,0,0,1,0,0,0,0,0,0,0,0,0,1,0,0,0,0,0,9,0,0,0,0,1,0,0,
6,2578,יובלים,1226,1,2,0,525,389,1,388,95,0,1,0,0,0,12,0,0,0,0,0,0,0,0,5,11,1,0,0,0,0,263,0,0,0,0,0,0,0,
6,2579,יובלים,1226,2,2,0,466,365,0,365,77,1,3,2,0,0,5,0,0,0,0,0,0,0,0,12,29,1,0,0,1,0,234,0,0,0,0,0,0,0,
6,2581,יעד,1138,1,1,0,561,408,0,408,126,1,9,0,0,0,5,0,0,0,0,0,0,0,0,6,14,1,0,0,0,0,246,0,0,0,0,0,0,0,
6,2421,כמון,1201,1,1,0,536,398,2,396,103,2,4,1,0,0,8,0,0,0,0,0,0,0,0,4,19,4,0,0,0,0,250,0,0,0,0,0,0,1,
3,1237,כפר גלעדי,76,1,1,0,565,360,1,359,63,0,1,0,0,0,5,0,0,0,0,0,0,0,0,10,26,0,0,0,0,0,252,0,0,0,0,0,0,2,
3,1238,כפר סאלד,345,1,1,0,502,378,1,377,94,0,2,0,0,0,6,0,0,0,1,0,0,0,0,5,23,2,1,0,0,0,243,0,0,0,0,0,0,0,
6,2422,כרמיאל,1139,1,3,0,549,244,4,240,5,3,0,0,0,0,1,0,0,0,0,0,0,0,1,106,62,1,1,0,0,0,58,0,0,1,0,0,0,1,
6,2423,כרמיאל,1139,2,36,0,666,213,1,212,6,17,10,0,0,0,2,0,0,0,0,0,0,0,0,49,67,0,0,0,0,0,52,1,0,0,0,0,0,8,
6,2424,כרמיאל,1139,3,12,0,691,384,4,380,12,43,10,1,0,0,9,0,0,1,0,0,0,0,0,126,76,0,0,0,4,0,85,1,0,1,1,0,0,10,
6,2425,כרמיאל,1139,4,8,0,547,253,4,249,11,17,3,0,0,0,4,0,0,0,0,0,0,0,1,66,52,0,0,0,5,0,84,1,0,0,0,0,0,5,
6,2426,כרמיאל,1139,5,23,0,529,228,5,223,11,1,2,0,0,0,9,0,0,0,0,0,0,0,0,39,113,0,0,0,0,0,39,0,0,0,0,0,0,9,
6,2427,כרמיאל,1139,6.1,1,0,551,298,0,298,21,4,2,2,0,0,16,0,0,0,0,0,0,0,0,39,115,0,0,0,1,0,81,1,0,0,0,1,0,15,
6,2428,כרמיאל,1139,6.2,1,0,551,326,1,325,16,3,4,1,0,0,14,0,0,1,0,0,0,0,0,40,126,0,0,0,0,0,106,0,0,1,0,0,0,13,
6,2429,כרמיאל,1139,6.3,1,0,551,310,8,302,13,3,9,0,0,0,8,0,0,0,0,0,0,0,0,47,110,0,0,0,3,0,99,0,0,0,0,0,0,10,
6,2430,כרמיאל,1139,6.4,1,0,551,326,1,325,23,9,12,0,0,0,5,0,0,0,0,0,0,0,1,47,90,1,0,0,0,0,129,0,0,0,0,1,0,7,
6,2431,כרמיאל,1139,7,8,0,751,365,2,363,9,15,3,0,0,0,9,0,0,0,0,0,0,0,0,91,128,0,0,0,1,0,97,0,0,0,0,0,0,10,
6,2432,כרמיאל,1139,8,3,0,614,265,2,263,4,10,10,0,0,0,4,0,0,0,0,1,0,1,0,87,95,1,0,0,0,0,34,0,0,0,0,0,0,16,
6,2433,כרמיאל,1139,10,2,0,554,334,4,330,11,18,3,1,0,0,4,0,0,0,0,0,0,0,0,85,145,1,0,0,0,0,53,0,0,2,0,0,0,7,
6,2434,כרמיאל,1139,11,5,0,611,294,3,291,7,14,7,1,0,0,19,0,0,0,0,0,0,0,0,93,82,0,0,0,1,0,65,0,0,1,0,0,0,1,
6,2435,כרמיאל,1139,12,13,0,363,151,1,150,4,12,0,0,0,0,1,0,0,0,0,0,0,0,0,42,52,1,0,0,0,0,36,0,0,0,0,0,0,2,
6,2437,כרמיאל,1139,15,35,0,618,319,4,315,10,25,2,0,0,0,12,0,0,0,0,0,0,0,0,85,100,1,0,0,0,0,60,0,0,0,0,0,1,19,
6,2438,כרמיאל,1139,16,3,0,521,278,1,277,8,1,5,1,0,0,4,0,0,0,0,0,0,0,0,63,113,0,0,0,0,0,78,0,0,0,0,0,0,4,
6,2439,כרמיאל,1139,18,2,0,602,313,1,312,17,18,1,0,0,0,2,1,0,1,0,0,0,0,0,95,107,0,0,0,0,0,60,0,0,0,0,0,1,9,
6,2440,כרמיאל,1139,19,2,0,630,300,2,298,8,39,0,1,0,0,8,0,0,0,0,0,0,0,0,93,81,0,0,0,2,1,47,0,0,0,0,0,0,18,
6,2441,כרמיאל,1139,20,11,0,635,348,0,348,12,25,8,0,0,0,6,0,0,0,0,0,0,0,0,69,112,0,1,0,0,0,107,0,0,0,0,0,0,8,
6,2442,כרמיאל,1139,21,3,0,673,360,1,359,12,7,4,0,0,0,12,0,0,0,0,0,0,0,0,94,135,0,0,0,0,0,85,0,0,2,0,1,0,7,
6,2443,כרמיאל,1139,22,3,0,580,241,3,238,8,21,1,0,0,0,5,0,0,1,0,0,1,0,0,85,77,0,0,0,1,0,28,0,0,0,0,0,0,10,
6,2444,כרמיאל,1139,23,36,0,685,328,4,324,12,33,22,0,0,0,5,0,0,0,0,0,0,0,1,65,115,0,0,0,0,0,59,0,0,0,1,0,0,11,
6,2445,כרמיאל,1139,24,7,0,644,192,3,189,1,8,3,0,0,0,9,0,0,0,0,0,0,0,0,82,61,0,0,0,0,0,20,0,0,2,0,0,0,3,
6,2446,כרמיאל,1139,25,5,0,650,266,3,263,4,2,1,0,0,0,11,0,0,0,0,0,0,0,0,87,86,1,0,0,0,0,67,0,0,0,0,0,0,4,
6,2447,כרמיאל,1139,26,2,0,575,341,4,337,6,41,4,1,0,0,9,0,0,0,0,0,0,0,0,92,108,1,0,0,0,0,65,0,0,0,0,0,0,10,
6,2448,כרמיאל,1139,27,2,0,549,313,1,312,7,43,2,0,0,0,5,0,1,0,0,0,0,1,0,86,101,1,0,0,1,0,48,0,0,0,0,0,0,16,
6,2449,כרמיאל,1139,28,11,0,612,377,4,373,13,35,3,0,0,0,17,0,0,0,0,0,0,0,0,58,146,0,0,0,4,0,87,0,0,1,0,0,0,9,
6,2450,כרמיאל,1139,29,19,0,561,383,0,383,12,18,7,1,0,0,6,0,0,0,0,1,0,0,0,36,149,1,0,0,1,0,129,0,0,0,0,0,0,22,
6,2451,כרמיאל,1139,30,19,0,557,333,2,331,5,5,1,0,0,0,7,0,0,0,0,0,0,0,0,104,125,0,0,0,1,0,71,0,0,0,0,0,0,12,
6,2452,כרמיאל,1139,31,13,0,553,287,3,284,6,71,5,0,0,0,7,0,0,0,0,0,0,0,0,52,73,0,0,0,0,0,42,0,0,0,0,0,1,27,
6,2453,כרמיאל,1139,32,19,0,543,314,2,312,7,1,2,0,0,0,21,0,0,0,0,0,0,0,0,83,117,0,0,0,3,0,58,0,0,0,0,0,0,20,
6,2454,כרמיאל,1139,33,13,0,451,207,3,204,6,2,1,0,0,0,11,0,0,0,0,0,1,0,0,72,55,2,0,0,1,0,44,0,0,0,0,0,0,9,
6,2455,כרמיאל,1139,34,10,0,509,341,0,341,8,13,0,0,0,0,29,0,0,0,0,0,0,0,0,30,156,0,0,0,4,0,91,0,0,0,0,0,0,10,
6,2456,כרמיאל,1139,35,23,0,614,433,2,431,30,4,7,0,0,14,0,0,0,0,0,0,0,0,0,33,139,0,0,0,1,0,184,1,0,1,0,1,0,16,
6,2457,כרמיאל,1139,36,23,0,585,373,0,373,10,6,5,0,0,0,7,0,1,0,0,0,0,0,1,79,137,1,0,0,0,0,101,0,0,0,1,0,1,23,
6,2458,כרמיאל,1139,37,23,0,467,285,0,285,24,1,23,0,0,0,11,0,0,0,0,0,0,0,0,20,84,1,0,0,0,0,113,0,0,0,0,0,0,8,
6,2459,כרמיאל,1139,38,26,0,529,298,1,297,14,1,1,1,0,0,17,0,0,0,0,0,0,0,0,67,105,1,0,0,1,0,75,1,0,0,0,0,0,13,
6,2460,כרמיאל,1139,39,26,0,636,406,3,403,14,5,7,0,0,0,9,0,0,0,0,0,1,0,0,92,172,0,0,1,1,0,93,1,0,1,0,0,0,6,
6,2461,כרמיאל,1139,40,22,0,562,335,1,334,8,5,6,0,0,0,10,0,0,0,0,0,0,0,0,98,134,0,0,0,3,0,67,0,0,0,0,1,0,2,
6,2462,כרמיאל,1139,41,27,0,561,364,3,361,14,4,1,1,0,0,6,0,0,0,0,0,0,0,0,57,126,1,0,0,0,0,137,0,0,0,0,0,0,14,
6,2463,כרמיאל,1139,42,33,0,712,458,5,453,14,8,17,0,0,0,17,0,0,0,0,0,0,0,0,66,187,0,0,0,0,0,136,0,0,0,0,0,0,8,
6,2464,כרמיאל,1139,43,4,0,703,519,5,514,16,3,0,1,0,0,16,0,0,0,0,0,0,0,0,84,188,0,0,0,1,0,191,0,0,0,0,0,0,14,
6,2465,כרמיאל,1139,44,27,0,671,381,5,376,9,2,4,1,0,0,10,0,0,0,0,0,0,0,0,117,139,1,0,0,0,1,81,0,0,0,0,0,0,11,
6,2466,כרמיאל,1139,45,33,0,469,314,2,312,7,6,5,0,0,0,7,0,0,0,0,0,0,0,0,98,116,0,0,0,1,0,63,0,0,0,0,1,0,8,
6,2467,כרמיאל,1139,46,33,0,618,404,2,402,11,1,10,0,0,0,13,1,0,0,0,0,0,0,0,126,148,0,1,0,0,0,85,0,0,0,1,0,0,5,
6,2468,כרמיאל,1139,47,27,0,552,334,1,333,21,1,2,0,0,0,13,0,0,0,0,0,0,0,0,21,126,2,0,0,0,0,138,0,0,0,0,0,0,9,
6,2469,כרמיאל,1139,48,33,0,580,372,5,367,14,1,4,0,0,0,10,0,0,0,0,0,0,0,0,111,124,0,0,0,1,0,94,0,0,0,0,0,0,8,
6,2470,כרמיאל,1139,49,22,0,626,394,0,394,11,7,25,0,0,0,13,0,0,0,0,3,0,0,0,150,116,0,0,0,0,0,64,0,0,0,0,0,0,5,
6,2471,כרמיאל,1139,50,21,0,750,567,1,566,17,4,18,0,0,0,22,0,0,0,0,0,0,0,0,44,215,2,0,0,3,0,217,0,0,0,0,0,0,24,
6,2472,כרמיאל,1139,51,21,0,674,452,2,450,24,8,4,0,0,0,13,0,0,0,0,0,0,0,0,49,174,0,0,0,1,0,161,1,0,0,0,0,0,15,
6,2473,כרמיאל,1139,52,25,0,521,351,3,348,15,6,4,0,0,0,3,0,0,0,0,0,0,0,0,86,116,0,0,0,0,0,110,0,0,0,0,0,0,8,
6,2474,כרמיאל,1139,53,4,0,736,497,3,494,16,5,7,0,0,0,10,0,0,0,0,0,0,0,0,81,222,0,0,0,0,0,142,0,0,1,0,0,0,10,
6,2475,כרמיאל,1139,54,30,0,755,547,1,546,11,2,27,0,0,0,21,0,0,0,0,0,0,0,0,62,234,0,0,0,0,0,182,0,0,0,0,0,0,7,
6,2476,כרמיאל,1139,55,25,0,670,454,2,452,7,3,4,0,0,0,2,0,0,0,0,0,0,0,1,237,116,1,1,0,0,0,73,0,0,2,0,1,0,4,
6,2477,כרמיאל,1139,56,4,0,731,505,3,502,15,1,5,2,0,0,18,0,0,0,0,0,0,0,0,85,235,0,0,0,0,0,131,1,0,0,0,0,1,8,
6,2478,כרמיאל,1139,57,25,0,643,436,3,433,20,51,6,1,0,0,16,0,0,0,0,0,0,0,0,58,151,0,0,0,1,0,112,0,0,1,0,0,0,16,
6,2479,כרמיאל,1139,58,30,0,688,506,3,503,7,5,9,1,0,0,16,0,0,0,0,0,0,0,0,83,196,0,0,0,2,0,172,0,0,0,0,0,0,12,
6,2480,כרמיאל,1139,59,25,0,662,431,1,430,11,3,5,1,0,0,11,0,0,0,0,0,0,0,0,86,164,0,0,0,2,0,133,2,0,1,0,0,0,11,
6,2481,כרמיאל,1139,60,4,0,664,421,2,419,10,4,9,0,0,0,15,0,0,0,0,0,0,0,0,72,184,0,1,0,2,0,100,0,0,0,0,0,0,22,
6,2482,כרמיאל,1139,62,10,0,757,497,3,494,10,26,6,1,0,0,19,0,0,0,0,0,0,0,0,85,224,0,0,0,0,0,105,0,0,0,1,0,0,17,
6,2483,כרמיאל,1139,63,26,0,680,447,4,443,15,3,9,0,0,0,12,0,0,0,0,0,0,0,0,103,174,0,0,0,0,0,118,0,0,0,0,0,0,9,
6,2484,כרמיאל,1139,64,23,0,541,347,3,344,15,6,11,0,0,0,17,0,0,0,0,0,0,0,0,46,114,0,0,0,1,0,128,0,0,0,0,0,0,6,
6,2485,כרמיאל,1139,65,32,0,653,493,1,492,21,13,0,1,0,0,26,0,0,0,0,0,0,0,0,38,194,1,0,0,1,0,179,0,0,0,0,0,0,18,
6,2486,כרמיאל,1139,66,13,0,411,252,2,250,10,12,11,0,0,0,14,0,0,0,0,0,0,0,0,24,72,0,0,0,2,0,98,0,0,0,0,0,0,7,
6,2487,כרמיאל,1139,67,4,0,669,421,5,416,9,14,48,0,0,0,10,0,0,0,0,0,0,0,0,77,145,0,0,0,3,0,92,0,1,0,0,0,0,17,
6,2488,כרמיאל,1139,68,4,0,588,399,4,395,17,3,10,0,0,0,9,0,0,0,0,0,0,0,0,78,152,0,0,0,1,0,116,0,0,0,0,1,0,8,
6,2489,כרמיאל,1139,69,34,0,784,557,1,556,26,2,4,1,0,0,13,0,0,0,0,0,0,0,0,69,208,0,0,0,0,0,215,0,0,0,0,0,0,18,
6,2532,לבון,1207,1,1,0,447,333,0,333,33,2,3,0,0,0,7,0,0,0,0,0,0,0,0,13,90,0,0,0,0,0,184,0,0,0,0,0,0,1,
6,2603,לוטם,1171,1,1,0,501,357,1,356,74,1,14,1,0,0,6,0,0,0,0,0,0,0,0,6,34,1,0,2,1,0,214,0,0,0,0,1,0,1,
6,2533,מגד אלכרום,516,1,1,0,640,469,3,466,1,0,460,0,0,0,0,0,1,0,0,0,0,0,0,0,2,1,0,0,0,0,0,0,0,0,0,1,0,0,
6,2534,מגד אלכרום,516,2,1,0,644,479,2,477,0,0,476,0,0,0,0,0,0,1,0,0,0,0,0,0,0,0,0,0,0,0,0,0,0,0,0,0,0,0,
6,2535,מגד אלכרום,516,3,3,0,643,495,0,495,0,0,491,0,0,0,0,0,0,0,0,0,0,0,0,0,1,0,0,0,0,0,0,0,0,0,0,0,0,3,
6,2536,מגד אלכרום,516,4,1,0,629,503,4,499,2,0,491,0,0,0,1,0,0,1,0,0,0,0,0,0,0,0,0,0,0,0,0,0,0,0,0,0,0,4,
6,2537,מגד אלכרום,516,5,3,0,631,518,2,516,2,0,504,0,0,0,1,0,0,0,0,1,0,0,0,0,1,1,0,0,1,0,1,0,0,0,0,0,0,4,
6,2538,מגד אלכרום,516,6,3,0,647,496,3,493,1,0,487,0,0,0,0,0,0,0,0,0,0,0,0,0,2,1,0,0,0,0,1,0,0,0,0,0,0,1,
6,2539,מגד אלכרום,516,7,2,0,670,542,0,542,0,2,531,0,0,1,1,0,0,0,0,0,0,0,0,0,2,0,0,0,0,1,1,0,0,0,1,0,0,2,
6,2540,מגד אלכרום,516,8,2,0,633,469,2,467,1,0,462,0,0,0,0,0,0,0,0,0,0,0,0,0,1,1,0,0,0,0,0,0,1,1,0,0,0,0,
6,2541,מגד אלכרום,516,9,2,0,634,480,1,479,0,0,479,0,0,0,0,0,0,0,0,0,0,0,0,0,0,0,0,0,0,0,0,0,0,0,0,0,0,0,
6,2542,מגד אלכרום,516,10,2,0,659,496,2,494,1,0,487,0,0,0,0,0,0,1,0,0,0,0,0,0,2,0,0,0,0,0,2,0,1,0,0,0,0,0,
6,2543,מגד אלכרום,516,11,4,0,649,492,1,491,5,1,477,0,0,0,0,0,0,0,0,0,0,0,0,0,2,0,0,1,0,0,2,0,0,0,2,0,0,1,
6,2544,מגד אלכרום,516,12,4,0,646,483,1,482,0,0,479,0,0,0,0,0,0,0,0,0,0,0,0,0,0,0,0,0,0,0,1,0,0,0,0,0,1,1,
6,2545,מגד אלכרום,516,13,4,0,657,504,0,504,0,0,501,0,0,0,0,0,0,0,0,0,0,0,0,0,0,0,0,0,0,0,1,0,0,0,0,0,1,1,
6,2546,מגד אלכרום,516,14,4,0,655,504,0,504,1,0,497,0,0,0,0,0,0,3,0,0,0,1,0,0,0,0,0,0,0,0,0,0,0,0,0,0,0,2,
6,2547,מגד אלכרום,516,15,1,0,683,521,2,519,2,0,505,0,0,0,0,0,0,2,0,0,0,1,0,0,1,1,0,0,0,1,4,0,0,0,0,0,0,2,
6,2548,מגד אלכרום,516,16,3,0,640,500,0,500,2,0,493,0,0,0,1,0,0,0,0,0,0,0,0,0,1,0,0,0,0,0,1,0,0,0,0,1,1,0,
6,2604,מורשת,1178,1,2,0,473,380,2,378,2,1,0,0,0,0,247,0,0,0,0,0,0,0,0,1,102,0,0,0,6,0,10,0,0,0,0,0,0,9,
6,2605,מורשת,1178,2,2,0,527,383,0,383,5,3,0,0,0,0,243,0,0,0,0,0,0,0,0,0,100,1,0,0,9,0,15,1,0,0,0,0,0,6,
6,2606,מנוף,1174,1,1,0,654,460,0,460,101,1,1,0,0,0,5,0,0,0,0,0,0,0,0,15,21,0,0,0,0,0,316,0,0,0,0,0,0,0,
6,2774,מעונה,570,1,1,0,652,465,3,462,25,1,0,1,0,0,17,0,0,0,0,0,0,0,0,11,244,0,0,0,0,0,148,1,0,0,0,0,0,14,
6,2868,מצפה אביב,1222,1,2,0,730,546,0,546,88,1,7,1,0,0,25,0,0,0,0,0,0,0,0,7,66,0,0,0,0,0,345,0,0,0,0,0,0,6,
10,4720,ניצני עוז,851,1,1,0,743,572,1,571,66,1,3,0,0,0,21,0,0,0,0,0,0,0,0,13,212,0,0,0,1,0,240,0,0,0,1,0,1,12,
6,2492,סאגור,525,1,2,0,678,358,2,356,71,18,18,0,0,0,0,0,0,0,0,0,0,0,0,29,111,0,0,0,0,0,100,1,0,0,0,0,0,8,
6,2493,סאגור,525,2,3,0,601,248,2,246,38,19,20,0,0,0,0,0,0,0,0,0,0,0,0,26,78,0,0,0,0,0,62,0,0,0,0,0,0,3,
6,2494,סאגור,525,3,1,0,673,355,1,354,262,15,6,0,0,0,0,0,0,0,0,0,0,0,0,4,17,0,0,0,1,0,44,0,0,0,0,0,0,5,
6,2495,סאגור,525,4,1,0,559,234,0,234,14,53,21,0,0,0,6,0,0,0,0,0,0,0,0,23,49,0,0,0,0,0,65,1,0,0,0,0,0,2,
6,2496,סאגור,525,5,2,0,513,233,2,231,80,24,13,0,0,0,0,0,1,0,0,0,0,0,0,13,28,0,0,0,0,0,70,0,0,0,0,0,0,2,
6,2637,סלמה,1245,3.1,1,0,563,418,1,417,2,0,401,0,0,0,0,0,0,2,0,0,0,0,0,0,3,0,0,0,0,0,8,0,0,0,0,0,0,1,
6,2638,סלמה,1245,3.2,1,0,563,328,3,325,0,0,271,0,0,0,0,0,0,3,0,0,0,0,0,1,6,0,0,0,1,0,36,1,0,0,0,0,0,6,
6,2639,סלמה,1245,3.3,1,0,563,332,3,329,1,0,272,0,0,0,0,0,0,1,0,0,1,1,1,2,5,1,0,0,0,0,35,0,0,0,0,0,1,8,
6,2640,סלמה,1245,3.4,1,0,563,344,3,341,2,0,290,0,0,0,0,0,0,0,0,0,0,0,0,1,8,0,1,0,0,0,29,0,0,1,0,0,2,7,
6,2812,עין יעקב,813,1,1,0,712,563,1,562,36,3,1,0,0,0,43,0,0,0,0,0,0,0,0,18,281,0,0,0,3,0,134,0,0,0,0,0,0,43,
6,2824,פקיעין חדשה,281,1,1,0,323,270,1,269,4,1,0,0,0,0,1,0,1,0,0,0,0,0,0,2,161,0,0,0,0,0,18,0,0,0,0,0,0,81,
6,2498,צורית,1221,1,1,0,721,557,0,557,63,4,0,0,1,0,18,0,0,0,0,0,0,0,0,31,67,0,0,0,0,0,372,0,0,0,0,0,0,1,
6,2669,קורנית,1179,1,1,0,630,465,0,465,126,0,2,2,0,0,2,0,0,0,0,0,0,0,0,10,44,3,0,0,0,0,274,1,0,0,0,0,0,1,
10,4721,קלנסווה,638,1,8,0,770,537,2,535,1,0,520,0,0,0,1,0,0,2,0,0,0,1,0,0,2,0,0,0,0,0,7,0,1,0,0,0,0,0,
10,4722,קלנסווה,638,2,2,0,753,511,5,506,2,0,500,0,0,0,0,0,0,1,0,0,0,0,0,0,0,0,0,0,0,1,1,0,0,0,0,0,0,1,
10,4723,קלנסווה,638,3,3,0,710,528,2,526,4,0,515,0,0,0,0,0,0,1,0,0,0,0,0,0,1,1,0,0,0,0,2,0,0,0,1,0,0,1,
10,4724,קלנסווה,638,4,4,0,756,570,2,568,3,0,559,0,0,0,0,0,0,0,0,0,0,0,0,0,0,0,1,0,0,1,1,0,0,0,0,3,0,0,
10,4725,קלנסווה,638,5,5,0,711,519,1,518,0,0,513,0,0,0,0,0,0,0,0,0,0,0,0,0,2,0,0,0,0,0,2,0,0,1,0,0,0,0,
10,4726,קלנסווה,638,6,9,0,751,543,4,539,3,0,531,0,0,0,1,0,0,1,0,0,0,0,0,0,1,1,0,0,0,0,1,0,0,0,0,0,0,0,
10,4727,קלנסווה,638,7,6,0,671,473,4,469,2,0,463,0,0,0,2,0,0,0,0,0,0,0,0,0,0,0,0,0,0,0,1,0,0,0,0,0,0,1,
10,4728,קלנסווה,638,8,8,0,666,499,1,498,1,0,494,0,0,0,0,0,0,1,0,0,0,0,0,0,1,0,0,1,0,0,0,0,0,0,0,0,0,0,
10,4729,קלנסווה,638,9,2,0,719,532,4,528,5,0,519,0,0,0,0,0,0,2,0,0,0,0,0,0,1,0,0,0,0,0,0,0,0,0,0,1,0,0,
10,4730,קלנסווה,638,10,1,0,680,482,3,479,2,0,474,0,0,0,1,0,0,0,0,0,0,0,0,0,2,0,0,0,0,0,0,0,0,0,0,0,0,0,
10,4731,קלנסווה,638,11,3,0,676,474,2,472,1,0,467,0,0,0,0,0,0,1,0,0,0,0,0,0,0,0,0,0,0,0,3,0,0,0,0,0,0,0,
10,4732,קלנסווה,638,12,7,0,746,539,3,536,2,0,528,0,0,0,0,0,0,1,0,0,0,0,0,0,3,0,0,0,0,0,1,0,0,0,0,0,0,1,
10,4733,קלנסווה,638,13,4,0,695,505,1,504,0,0,501,0,0,0,0,0,0,1,0,0,0,0,0,0,0,0,0,0,0,0,2,0,0,0,0,0,0,0,
10,4734,קלנסווה,638,14,5,0,717,528,0,528,2,0,522,0,0,0,0,0,0,1,0,0,0,0,0,0,1,0,0,0,0,1,0,1,0,0,0,0,0,0,
10,4735,קלנסווה,638,15,6,0,715,536,1,535,0,0,530,0,0,0,0,0,0,0,0,0,0,0,0,1,1,0,0,0,1,0,2,0,0,0,0,0,0,0,
10,4736,קלנסווה,638,16,7,0,706,533,1,532,1,0,528,0,0,0,0,0,0,0,0,0,0,0,0,1,0,0,0,0,0,0,1,0,0,0,1,0,0,0,
10,4737,קלנסווה,638,17,5,0,767,547,2,545,3,0,536,0,0,0,0,0,0,1,0,0,0,0,0,0,1,0,0,0,0,0,4,0,0,0,0,0,0,0,
10,4738,קלנסווה,638,18,1,0,702,537,1,536,6,0,526,0,0,0,0,0,0,0,0,0,0,0,0,0,1,0,0,0,0,0,1,0,0,0,0,0,1,1,
10,4739,קלנסווה,638,19,12,0,702,487,5,482,1,0,473,0,0,0,2,0,0,1,0,0,1,0,0,0,2,0,0,0,1,0,0,0,0,0,0,0,1,0,
10,4740,קלנסווה,638,20,12,0,766,557,2,555,4,0,546,0,0,0,1,0,0,1,0,0,0,0,0,0,2,0,0,1,0,0,0,0,0,0,0,0,0,0,
6,2499,ראמה,543,1,4,0,677,423,11,412,17,0,201,0,0,0,0,0,0,0,0,0,0,0,0,49,31,0,0,0,0,1,98,0,1,1,0,0,0,13,
6,2500,ראמה,543,2,3,0,748,532,4,528,11,0,402,0,0,0,0,0,0,0,0,0,0,0,0,49,27,0,0,0,0,0,37,0,0,0,0,0,0,2,
6,2501,ראמה,543,3,4,0,677,423,6,417,8,0,315,0,0,0,0,0,0,2,0,0,1,0,0,9,15,0,0,0,0,0,63,0,0,0,0,0,0,4,
6,2502,ראמה,543,4,2,0,716,438,3,435,7,0,292,0,0,0,0,0,0,1,0,0,0,0,0,22,13,0,0,0,1,0,98,0,0,0,0,0,0,1,
6,2503,ראמה,543,5,3,0,789,467,6,461,18,3,191,0,0,0,0,0,0,0,0,0,0,0,0,48,32,1,0,0,0,0,149,0,0,1,0,1,0,17,
6,2504,ראמה,543,6,2,0,693,482,0,482,26,0,384,0,0,0,0,0,0,0,0,0,0,1,0,34,13,0,0,0,1,0,23,0,0,0,0,0,0,0,
6,2505,ראמה,543,7,3,0,664,391,9,382,14,0,250,0,0,0,0,0,0,0,1,0,0,0,0,24,33,1,0,0,0,0,58,0,0,0,0,0,0,1,
6,2506,ראמה,543,8,1,0,690,458,3,455,7,0,332,0,0,0,0,0,0,2,0,0,0,0,0,34,36,0,0,0,1,0,40,0,0,1,0,0,0,2,
6,2507,ראמה,543,9,1,0,720,451,6,445,11,0,252,0,0,0,2,0,0,0,0,0,0,0,0,48,30,0,0,0,0,0,79,0,1,1,0,0,0,21,
18,9996,רהט,1161,1,8,0,781,527,1,526,6,0,515,0,0,0,1,0,0,0,0,0,0,0,0,0,2,0,0,0,0,0,0,0,0,0,0,0,2,0,
18,9997,רהט,1161,2,2,0,607,393,9,384,2,0,375,0,0,0,0,0,0,2,0,0,0,0,0,0,0,0,0,0,0,1,2,0,0,0,0,1,0,1,
18,9998,רהט,1161,3,8,0,791,480,4,476,53,0,420,0,1,0,0,0,0,0,0,0,0,0,0,0,1,0,0,0,0,0,1,0,0,0,0,0,0,0,
18,9999,רהט,1161,4,18,0,639,346,1,345,11,0,320,0,0,0,1,0,0,0,0,0,0,1,1,0,5,0,0,1,1,0,2,0,1,0,0,0,0,1,
18,10000,רהט,1161,5,7,0,622,429,1,428,10,0,403,0,0,0,0,0,0,2,0,0,0,0,0,0,0,0,0,0,1,0,11,0,0,0,0,0,1,0,
18,10001,רהט,1161,6,4,0,505,385,0,385,4,0,381,0,0,0,0,0,0,0,0,0,0,0,0,0,0,0,0,0,0,0,0,0,0,0,0,0,0,0,
18,10002,רהט,1161,7,4,0,753,576,3,573,8,0,554,0,1,0,0,0,0,0,0,0,0,0,1,0,1,0,0,0,0,2,6,0,0,0,0,0,0,0,
18,10003,רהט,1161,8,1,0,645,326,3,323,2,0,313,0,0,0,0,0,0,0,0,0,0,0,0,1,2,0,0,0,1,0,4,0,0,0,0,0,0,0,
18,10004,רהט,1161,9,16,0,622,448,4,444,2,0,434,0,0,0,0,0,0,0,0,0,0,0,0,0,0,0,0,0,0,1,5,0,1,0,0,1,0,0,
18,10005,רהט,1161,10,5,0,634,380,4,376,0,0,336,0,0,0,1,0,0,0,0,0,0,0,0,1,1,0,0,0,0,0,36,0,0,0,0,1,0,0,
18,10006,רהט,1161,11,3,0,673,514,2,512,3,0,504,0,0,0,0,0,0,1,0,0,0,0,0,0,2,0,0,0,0,0,1,0,0,0,0,0,0,1,
18,10007,רהט,1161,12,15,0,746,501,6,495,2,0,488,0,0,0,0,0,0,1,0,0,0,0,0,0,1,0,0,0,0,1,2,0,0,0,0,0,0,0,
18,10008,רהט,1161,13,7,0,649,426,5,421,4,1,406,0,0,0,0,0,0,1,0,0,0,0,0,0,3,0,0,0,0,0,4,1,0,0,0,0,0,1,
18,10009,רהט,1161,14,13,0,678,425,4,421,4,0,401,0,0,0,0,0,0,0,0,0,0,0,0,0,2,0,0,0,0,1,12,1,0,0,0,0,0,0,
18,10010,רהט,1161,15,19,0,758,404,3,401,1,0,393,0,0,0,0,0,0,0,0,0,0,0,0,1,2,0,0,0,0,1,2,0,0,0,0,0,0,1,
18,10011,רהט,1161,16,9,0,667,424,3,421,2,0,414,0,1,0,0,0,0,0,0,0,0,0,0,0,0,1,0,0,0,1,1,0,0,0,0,1,0,0,
18,10012,רהט,1161,17,19,0,702,489,2,487,2,0,472,0,0,0,3,0,0,0,1,0,0,0,0,0,1,0,0,0,1,2,4,0,0,0,0,0,1,0,
18,10013,רהט,1161,18,13,0,657,532,1,531,0,0,522,0,0,0,0,0,0,1,0,0,0,0,0,0,2,0,0,0,0,1,2,0,1,0,0,1,1,0,
18,10014,רהט,1161,19,19,0,732,460,0,460,3,0,446,0,0,0,1,0,0,0,0,0,0,0,0,0,2,0,0,0,0,0,4,0,0,2,0,0,2,0,
18,10015,רהט,1161,20,10,0,579,344,0,344,93,0,234,0,0,0,0,0,0,0,0,0,0,0,0,0,3,0,0,0,0,1,13,0,0,0,0,0,0,0,
18,10016,רהט,1161,21,10,0,633,347,7,340,27,0,289,0,1,0,1,0,0,0,0,0,0,0,0,0,1,0,0,0,0,1,13,1,0,1,0,2,2,1,
18,10017,רהט,1161,22,14,0,756,565,1,564,43,0,456,0,0,0,1,0,2,1,0,0,0,0,1,0,3,0,0,0,1,2,53,0,0,0,0,0,1,0,
18,10018,רהט,1161,23,14,0,627,421,1,420,65,0,338,0,0,0,1,0,1,0,0,1,0,0,0,0,1,0,0,0,0,0,8,0,0,0,0,0,3,2,
18,10019,רהט,1161,24,14,0,782,583,4,579,73,4,424,0,0,0,0,0,0,0,0,0,0,0,0,1,4,0,0,0,0,0,71,0,0,0,0,0,1,1,
18,10020,רהט,1161,25,11,0,649,478,2,476,2,0,468,0,0,0,0,0,0,1,0,0,0,0,0,0,3,0,0,0,0,0,2,0,0,0,0,0,0,0,
18,10022,רהט,1161,27,1,0,514,322,2,320,1,0,314,0,0,0,0,0,0,0,0,0,0,0,1,0,0,0,0,0,0,0,2,0,0,0,0,0,1,1,
18,10023,רהט,1161,28,20,0,702,438,2,436,2,0,401,0,0,0,3,0,0,0,0,0,0,0,0,0,28,0,0,0,0,0,2,0,0,0,0,0,0,0,
18,10024,רהט,1161,29,10,0,581,395,3,392,134,0,231,0,0,0,1,0,0,0,0,0,0,0,0,0,4,0,0,0,0,0,21,0,0,0,0,0,1,0,
18,10025,רהט,1161,30,16,0,653,472,3,469,1,0,459,0,0,0,0,0,0,0,0,0,0,0,0,0,4,0,0,0,0,0,4,0,0,0,0,0,0,1,
18,10026,רהט,1161,31,5,0,653,451,5,446,2,0,438,0,0,0,0,0,0,0,0,1,0,0,0,0,1,0,0,0,0,0,4,0,0,0,0,0,0,0,
18,10027,רהט,1161,32,2,0,673,439,11,428,1,0,422,0,0,0,1,0,0,0,0,0,0,0,0,0,0,0,1,0,0,0,3,0,0,0,0,0,0,0,
18,10028,רהט,1161,33,3,0,661,474,3,471,3,0,463,0,0,0,0,0,0,0,0,0,0,0,0,1,2,0,1,0,0,0,0,1,0,0,0,0,0,0,
18,10029,רהט,1161,34,10,0,614,418,5,413,160,0,223,0,0,0,4,0,0,1,0,0,0,0,0,0,2,1,0,1,0,0,20,0,0,0,0,1,0,0,
18,10030,רהט,1161,35,11,0,558,347,3,344,0,1,327,0,0,0,0,0,0,0,0,0,0,0,0,3,3,0,0,0,0,1,4,1,0,3,0,0,1,0,
18,10031,רהט,1161,36,5,0,534,337,1,336,5,1,314,0,0,0,0,0,0,0,0,0,0,0,0,11,0,1,0,0,0,1,3,0,0,0,0,0,0,0,
18,10032,רהט,1161,37,18,0,687,373,3,370,1,0,354,0,0,0,0,0,1,0,0,0,0,1,0,0,6,0,0,0,0,1,4,0,0,0,0,0,2,0,
18,10033,רהט,1161,38,5,0,748,622,0,622,6,0,610,0,0,0,0,0,0,0,0,0,0,0,0,0,1,0,0,0,1,0,3,0,0,0,0,0,1,0,
18,10034,רהט,1161,39,15,0,642,413,5,408,0,0,397,0,0,0,1,0,0,2,0,0,0,0,0,0,2,0,0,0,0,0,4,0,0,0,0,1,0,1,
18,10035,רהט,1161,40,14,0,664,452,2,450,40,0,339,0,0,0,9,0,0,1,0,0,0,0,0,0,6,0,0,0,0,0,53,0,0,1,1,0,0,0,
18,10036,רהט,1161,41,1,0,607,364,2,362,1,2,350,0,0,0,0,0,0,0,0,0,0,0,0,5,0,0,0,0,0,0,3,1,0,0,0,0,0,0,
18,10037,רהט,1161,42,9,0,650,435,6,429,4,0,411,0,0,0,1,0,0,0,0,0,1,0,0,0,1,0,0,0,1,0,4,1,1,0,0,1,2,1,
18,10038,רהט,1161,43,7,0,688,433,2,431,3,0,407,0,0,0,0,0,0,1,0,0,0,0,1,0,2,0,0,0,0,0,16,0,0,0,1,0,0,0,
18,10039,רהט,1161,44,20,0,758,528,3,525,2,0,499,0,0,0,0,0,0,0,0,0,0,0,0,0,21,0,0,0,0,0,2,0,0,0,0,0,0,1,
18,10040,רהט,1161,45,16,0,577,391,1,390,0,0,386,0,0,0,0,0,0,0,0,0,0,0,0,0,2,0,0,0,0,0,1,0,0,1,0,0,0,0,
18,10041,רהט,1161,46,9,0,703,498,6,492,4,0,479,0,0,0,1,0,0,1,0,0,0,0,0,0,0,0,0,0,0,0,6,0,0,0,0,0,1,0,
18,10042,רהט,1161,47,21,0,557,379,2,377,17,0,349,0,0,0,2,0,0,0,0,0,0,0,0,0,2,0,1,0,0,1,3,0,0,1,1,0,0,0,
18,10043,רהט,1161,48,4,0,540,352,2,350,1,0,343,0,0,0,1,0,0,0,0,0,0,0,0,4,1,0,0,0,0,0,0,0,0,0,0,0,0,0,
18,10044,רהט,1161,49,16,0,687,383,2,381,0,0,378,0,0,0,0,0,0,0,0,0,0,0,0,0,0,0,0,0,1,0,2,0,0,0,0,0,0,0,
18,10045,רהט,1161,50,5,0,550,307,4,303,6,0,290,0,0,0,0,0,0,0,0,0,0,0,0,0,2,0,0,0,0,0,3,0,0,0,0,0,1,1,
18,10046,רהט,1161,51,11,0,589,353,2,351,48,0,293,0,0,0,0,0,0,0,0,0,0,0,0,0,3,0,0,0,1,0,6,0,0,0,0,0,0,0,
18,10047,רהט,1161,52,2,0,574,381,4,377,14,1,352,1,0,0,0,0,0,0,0,0,0,0,0,1,1,0,0,0,0,0,4,0,0,0,2,0,0,1,
9,3870,שדה יצחק,2008,1,1,0,403,280,2,278,23,0,5,0,0,0,2,0,0,0,0,0,0,0,0,7,80,0,0,0,4,0,153,0,0,0,0,0,0,4,
9,3930,שדות ים,327,1,1,0,714,575,0,575,109,8,4,0,0,0,11,0,0,0,0,0,0,0,0,13,49,0,1,0,2,0,371,0,0,0,0,0,0,7,
18,10070,תראבין אצאנעישוב,1346,1,1,0,587,206,0,206,0,0,160,0,0,0,0,0,0,1,0,0,0,0,0,0,40,0,1,0,0,0,2,1,0,1,0,0,0,0,
18,9885,אבו רוקייק שבט,961,1,1,0,636,193,2,191,0,0,185,0,0,0,0,0,0,0,0,0,0,0,0,0,1,0,0,0,0,0,3,0,0,1,0,0,1,0,
18,9886,אבו רוקייק שבט,961,2,1,0,681,338,1,337,0,1,330,0,0,0,0,0,0,1,0,0,0,0,0,0,0,0,0,0,0,0,4,0,1,0,0,0,0,0,
18,9887,אבו רוקייק שבט,961,3,1,0,632,327,0,327,1,0,322,0,0,0,1,0,0,0,0,0,0,0,0,0,1,0,0,0,0,0,2,0,0,0,0,0,0,0,
18,9888,אבו רוקייק שבט,961,4,1,0,769,367,1,366,2,0,357,0,0,0,0,0,0,0,0,0,0,0,0,0,0,0,0,0,0,2,1,0,1,0,0,1,2,0,
18,9889,אבו רוקייק שבט,961,5,1,0,683,337,0,337,0,1,333,0,1,0,0,0,1,0,0,0,0,0,0,0,0,1,0,0,0,0,0,0,0,0,0,0,0,0,
18,9890,אבו רוקייק שבט,961,6,1,0,705,340,0,340,0,0,335,0,0,0,0,0,0,0,1,0,0,0,0,1,0,0,1,0,0,0,1,0,0,0,0,0,0,1,
18,9891,אבו רוקייק שבט,961,7,1,0,764,269,1,268,0,0,264,0,0,0,0,0,0,0,0,0,0,0,0,0,1,0,0,0,0,0,0,0,0,1,2,0,0,0,
10,4744,בורגתה,698,1,1,0,490,372,0,372,26,0,0,0,0,0,8,0,0,0,0,0,1,0,0,5,79,0,0,0,1,0,242,0,0,0,0,0,0,10,
10,4745,בורגתה,698,2,1,0,313,245,0,245,22,0,3,0,0,0,5,0,0,0,0,0,0,0,0,7,52,0,0,0,0,0,150,0,0,0,0,0,0,6,
10,4681,בחן,2043,1,1,0,591,461,0,461,85,0,4,0,0,0,7,0,0,0,0,0,0,0,0,12,37,0,0,0,0,0,315,0,0,0,0,0,0,1,
5,1626,בית אלפא,95,1,1,1,598,416,1,415,101,0,4,2,0,0,9,0,0,0,0,0,0,0,0,7,21,0,0,0,0,0,265,1,0,0,0,0,0,5,
10,4639,בני ציון,418,1,1,0,429,341,1,340,50,0,2,0,0,0,3,0,0,0,0,0,1,0,0,5,45,1,0,0,0,0,231,0,0,0,0,0,0,2,
10,4640,בני ציון,418,2,1,0,417,296,0,296,38,1,1,0,0,0,2,0,0,0,0,0,0,0,0,8,55,0,0,0,1,0,189,0,0,0,0,0,0,1,
6,2510,בענה,483,1,1,0,715,514,8,506,1,0,483,0,0,0,2,0,0,0,0,0,0,0,0,0,5,0,0,0,1,0,11,0,0,0,0,0,0,3,
6,2511,בענה,483,2,2,0,710,589,0,589,0,0,584,0,0,0,0,0,0,0,0,0,0,0,0,0,0,0,0,0,0,1,0,0,0,0,1,1,1,1,
6,2512,בענה,483,3,3,0,713,619,0,619,0,0,610,0,0,0,0,0,0,0,0,0,0,0,0,1,0,0,0,0,0,0,7,0,0,0,0,0,0,1,
6,2513,בענה,483,4,4,0,699,566,1,565,4,5,540,0,0,0,0,0,0,0,0,0,0,0,0,2,3,0,0,0,0,0,9,0,0,0,0,0,0,2,
6,2514,בענה,483,5,5,1,701,490,0,490,2,0,480,0,1,0,0,0,0,0,0,0,0,0,0,0,2,0,0,0,0,0,2,0,0,0,1,0,0,2,
6,2515,בענה,483,6,6,0,715,545,0,545,1,0,530,0,0,0,0,0,0,0,0,0,0,0,0,1,4,0,0,0,0,0,2,0,1,0,1,1,0,4,
6,2516,בענה,483,7,7,0,727,558,1,557,0,0,548,0,0,0,0,0,0,0,0,0,0,0,0,0,1,0,0,0,0,0,0,0,0,0,0,0,0,8,
6,2517,בענה,483,8,5,0,673,579,0,579,3,0,557,1,0,0,0,0,0,0,0,0,0,0,0,0,1,0,0,0,0,0,2,0,0,0,0,0,0,15,
10,4641,בצרה,389,1,1,0,330,236,2,234,31,1,0,0,0,0,5,0,0,0,0,0,0,0,0,4,41,0,0,0,0,0,150,0,0,0,0,0,0,2,
10,4642,בצרה,389,2,1,0,439,337,0,337,29,1,2,0,0,0,6,0,0,0,0,0,0,0,0,3,38,0,0,0,0,0,258,0,0,0,0,0,0,0,
10,4682,בת חפר,1319,1,1,0,758,538,0,538,56,1,1,2,0,0,23,0,0,0,0,0,0,0,0,18,75,1,0,0,0,0,358,1,0,0,0,0,0,2,
10,4683,בת חפר,1319,2,1,0,546,405,2,403,50,2,0,0,0,0,15,0,0,0,0,0,0,0,0,12,99,0,0,0,0,0,222,0,0,0,0,0,0,3,
10,4684,בת חפר,1319,3,1,0,723,537,2,535,65,0,5,0,0,0,17,0,0,0,0,0,0,0,0,16,117,1,0,0,0,0,304,0,0,0,0,0,0,10,
10,4685,בת חפר,1319,4,1,1,743,538,0,538,66,1,2,0,0,0,18,0,1,0,0,0,0,0,0,4,99,0,1,0,0,0,342,1,0,0,0,0,0,3,
10,4686,בת חפר,1319,5,1,0,679,491,2,489,54,2,0,0,0,0,12,0,0,0,0,0,0,0,0,6,99,0,0,0,1,0,308,0,0,0,0,1,0,6,
10,4687,בת חפר,1319,6,1,0,595,423,1,422,43,0,1,0,0,0,15,0,0,0,0,0,0,0,0,24,106,1,0,0,5,0,218,1,0,0,0,0,0,8,
6,2416,גילון,1204,1,3,0,471,349,0,349,35,0,1,0,0,0,12,0,0,0,0,0,0,0,1,19,56,0,0,0,0,0,225,0,0,0,0,0,0,0,
6,2417,גילון,1204,2,3,0,453,344,0,344,38,0,1,0,0,0,14,0,0,0,0,0,0,0,0,10,44,0,0,0,0,0,237,0,0,0,0,0,0,0,
10,4643,געש,842,1,1,0,672,524,1,523,165,1,7,0,0,0,8,0,0,0,0,0,0,0,0,6,29,0,0,0,0,0,305,0,0,0,0,0,0,2,
18,9917,הוזייל שבט,956,2.1,1,0,557,269,1,268,12,0,248,0,0,0,0,0,0,0,0,0,0,0,0,0,1,1,0,0,1,0,5,0,0,0,0,0,0,0,
18,9918,הוזייל שבט,956,2.2,1,0,556,193,3,190,37,1,148,0,0,0,0,0,0,0,0,0,0,0,0,0,1,0,0,0,0,0,1,0,1,0,0,1,0,0,
6,2530,חלוץ,1272,1,1,0,415,271,1,270,88,0,4,0,0,0,4,0,0,0,0,0,0,0,0,2,18,1,0,0,0,0,152,0,0,0,0,0,0,1,
10,4746,חניאל,807,1,1,0,657,468,2,466,53,1,3,0,0,0,5,0,0,0,0,0,0,0,0,8,64,0,0,0,0,0,331,1,0,0,0,0,0,0,
10,4646,חרוצים,1024,1,2,0,565,437,3,434,44,3,2,0,0,0,12,0,0,0,0,0,0,0,0,6,138,0,0,0,1,1,209,1,0,0,0,0,0,17,
6,2418,חרשים,1209,1,1,0,219,166,0,166,84,2,13,1,0,0,0,0,0,0,0,0,0,0,0,0,6,1,0,0,0,0,58,0,0,0,0,0,0,1,
10,4747,טייבה,2730,1,20,0,645,449,2,447,0,0,446,0,0,0,0,0,0,0,0,0,0,0,0,0,1,0,0,0,0,0,0,0,0,0,0,0,0,0,
10,4748,טייבה,2730,2,8,0,636,411,4,407,1,0,397,0,0,0,0,0,0,0,0,0,0,1,0,0,1,0,0,0,0,0,1,0,0,0,0,0,0,6,
10,4749,טייבה,2730,3,8,0,644,443,3,440,1,1,434,0,0,0,0,0,0,0,0,0,0,0,0,0,3,0,0,0,0,0,1,0,0,0,0,0,0,0,
10,4750,טייבה,2730,4,19,0,695,481,1,480,1,0,474,0,0,0,0,0,0,0,0,0,0,0,0,0,0,0,0,0,1,1,0,0,0,0,1,0,2,0,
10,4751,טייבה,2730,5,19,0,636,424,2,422,1,0,419,0,0,0,0,0,0,0,0,0,0,0,0,0,0,0,0,0,0,0,1,0,0,0,1,0,0,0,
10,4752,טייבה,2730,6,7,0,635,448,1,447,1,0,442,0,0,0,0,0,0,0,0,0,0,0,0,0,1,0,0,0,0,0,2,0,0,0,0,0,1,0,
10,4753,טייבה,2730,7,7,0,605,435,3,432,1,0,426,0,0,0,0,0,0,1,0,0,0,0,0,0,0,0,0,0,0,0,1,0,0,1,0,1,0,1,
10,4754,טייבה,2730,8,10,0,638,457,3,454,5,0,445,0,0,0,0,0,0,2,0,0,0,0,0,0,1,0,0,0,0,0,0,0,0,0,1,0,0,0,
10,4755,טייבה,2730,9,9,0,635,457,1,456,4,0,449,0,0,0,0,0,0,0,0,0,0,0,0,0,1,1,0,0,0,0,1,0,0,0,0,0,0,0,
10,4756,טייבה,2730,10,9,0,579,411,6,405,4,0,395,0,0,0,0,0,0,1,0,0,0,0,0,0,2,0,0,0,0,0,0,1,1,0,0,0,1,0,
10,4757,טייבה,2730,11,14,0,665,483,3,480,5,0,473,0,0,0,0,0,0,0,0,0,0,0,0,0,0,0,0,0,0,0,2,0,0,0,0,0,0,0,
10,4758,טייבה,2730,12,1,0,667,476,1,475,2,0,471,0,0,0,0,0,0,0,0,0,0,0,0,0,1,0,0,0,0,0,1,0,0,0,0,0,0,0,
10,4759,טייבה,2730,13,1,0,594,399,4,395,0,0,392,0,0,0,0,0,0,0,0,0,0,0,0,0,1,0,0,0,0,0,2,0,0,0,0,0,0,0,
10,4760,טייבה,2730,14,4,0,556,411,0,411,3,0,405,0,0,0,0,0,0,0,0,0,0,0,0,0,0,0,0,0,0,0,3,0,0,0,0,0,0,0,
10,4761,טייבה,2730,15,14,0,636,477,1,476,7,0,463,0,0,0,0,0,0,0,0,0,0,0,0,0,0,1,0,0,0,0,5,0,0,0,0,0,0,0,
10,4762,טייבה,2730,16,10,0,686,478,0,478,7,0,464,0,1,0,1,0,0,0,0,0,0,0,0,0,1,0,0,0,0,1,3,0,0,0,0,0,0,0,
10,4763,טייבה,2730,17,4,0,666,485,3,482,1,0,475,0,0,0,0,0,0,1,0,0,0,0,0,0,1,0,0,0,0,0,2,0,0,0,0,0,1,1,
10,4764,טייבה,2730,18,7,0,620,466,5,461,4,0,453,0,0,0,0,0,0,1,0,0,0,0,0,0,1,0,0,0,0,0,1,0,0,0,0,0,0,1,
10,4765,טייבה,2730,19,6,0,629,443,2,441,9,0,429,0,0,0,0,0,0,0,0,0,0,0,0,0,0,0,0,0,0,0,1,0,0,0,0,0,2,0,
10,4766,טייבה,2730,20,2,0,661,497,1,496,1,0,491,0,0,0,0,0,0,0,0,0,0,0,0,0,1,0,0,0,0,0,2,0,0,0,0,0,1,0,
10,4767,טייבה,2730,21,2,0,630,468,3,465,3,0,462,0,0,0,0,0,0,0,0,0,0,0,0,0,0,0,0,0,0,0,0,0,0,0,0,0,0,0,
10,4768,טייבה,2730,22,13,0,584,420,3,417,4,0,409,0,0,0,0,0,0,0,0,0,0,0,0,0,0,0,0,0,0,0,4,0,0,0,0,0,0,0,
10,4769,טייבה,2730,23,5,0,597,433,2,431,1,0,429,0,0,0,0,0,0,0,0,0,0,0,0,0,0,1,0,0,0,0,0,0,0,0,0,0,0,0,
10,4770,טייבה,2730,24,5,0,655,458,1,457,2,0,451,0,0,0,0,0,0,0,0,0,0,0,0,0,1,0,0,0,0,0,2,0,0,0,0,1,0,0,
10,4771,טייבה,2730,25,15,0,621,470,1,469,2,0,462,0,0,0,1,0,0,0,0,0,0,0,0,0,0,0,0,0,0,0,1,0,0,1,0,0,0,2,
10,4772,טייבה,2730,26,15,0,640,472,0,472,3,0,461,0,0,0,1,0,0,0,0,0,0,0,0,0,0,0,0,0,0,1,0,0,1,1,0,0,0,4,
10,4773,טייבה,2730,27,15,0,647,461,0,461,2,0,453,0,0,0,0,0,1,0,0,0,0,0,0,0,0,0,0,0,0,0,4,0,0,1,0,0,0,0,
10,4774,טייבה,2730,28,14,0,643,473,1,472,0,0,468,0,0,0,0,0,0,0,0,0,0,0,0,0,0,0,0,1,1,1,0,0,0,0,0,0,0,1,
10,4775,טייבה,2730,29,14,0,656,430,10,420,2,0,412,0,0,0,0,0,0,0,0,0,0,0,0,0,2,0,0,0,0,0,2,0,0,0,0,0,0,2,
10,4776,טייבה,2730,30,21,0,623,387,6,381,0,0,380,0,0,0,0,0,0,0,0,0,0,0,0,1,0,0,0,0,0,0,0,0,0,0,0,0,0,0,
10,4777,טייבה,2730,31,5,0,633,448,4,444,5,0,432,0,0,0,0,0,0,1,0,0,0,0,0,0,0,0,0,0,0,0,4,1,0,0,0,1,0,0,
10,4778,טייבה,2730,32,1,0,635,453,5,448,5,0,432,0,0,0,0,0,0,1,0,0,0,0,0,0,0,0,0,0,0,1,7,0,0,0,0,0,1,1,
10,4779,טייבה,2730,33,13,0,657,483,6,477,5,0,462,0,0,0,0,0,0,0,0,0,0,0,0,0,0,0,0,0,0,0,10,0,0,0,0,0,0,0,
10,4780,טייבה,2730,34,18,0,615,422,3,419,2,0,408,0,0,0,0,0,0,0,0,0,0,0,0,0,1,0,0,1,0,0,6,0,0,1,0,0,0,0,
10,4781,טייבה,2730,35,16,0,656,450,4,446,2,0,437,0,0,0,2,0,0,0,0,0,0,0,0,0,0,0,0,0,0,0,5,0,0,0,0,0,0,0,
10,4782,טייבה,2730,36,16,0,653,437,3,434,4,0,425,0,0,0,0,0,0,0,0,0,0,0,0,0,2,0,0,0,0,1,2,0,0,0,0,0,0,0,
10,4783,טייבה,2730,37,16,0,639,473,1,472,2,2,468,0,0,0,0,0,0,0,0,0,0,0,0,0,0,0,0,0,0,0,0,0,0,0,0,0,0,0,
10,4784,טייבה,2730,38,7,0,655,478,2,476,3,0,466,0,0,0,0,0,0,0,0,0,0,0,0,0,1,0,0,0,0,1,3,0,1,0,0,0,1,0,
10,4785,טייבה,2730,39,20,0,624,429,4,425,2,0,419,0,0,0,0,0,0,0,0,0,0,0,0,0,3,0,0,0,0,0,0,0,0,0,0,0,0,1,
10,4786,טייבה,2730,40,21,0,593,425,5,420,5,0,412,0,0,0,0,0,0,1,0,0,0,0,0,0,1,0,0,0,0,0,1,0,0,0,0,0,0,0,
10,4787,טייבה,2730,41,19,0,576,429,4,425,2,0,419,0,0,0,0,0,0,0,0,0,0,0,0,0,0,0,0,0,0,0,4,0,0,0,0,0,0,0,
10,4788,טייבה,2730,42,21,0,613,437,2,435,3,0,425,0,0,0,0,0,0,0,0,0,0,0,0,1,0,0,0,0,0,0,5,0,0,0,0,1,0,0,
10,4789,טייבה,2730,43,4,1,601,424,1,423,5,0,413,0,0,0,1,0,0,2,0,0,0,0,0,0,0,0,0,0,1,0,0,0,1,0,0,0,0,0,
10,4790,טייבה,2730,44,10,0,558,391,3,388,1,0,380,0,0,0,0,0,0,0,0,0,0,0,0,0,1,0,0,0,0,1,5,0,0,0,0,0,0,0,
10,4791,טייבה,2730,45,5,0,625,435,6,429,0,0,424,0,0,0,0,0,0,1,0,0,0,0,0,0,1,0,0,0,0,0,2,0,0,0,0,1,0,0,
10,4719,יד חנה,758,1,1,0,577,457,0,457,58,0,7,1,0,0,4,0,0,0,0,0,0,0,0,16,84,0,0,0,1,0,284,0,0,0,0,0,0,2,
10,4792,ינוב,753,1,1,0,621,463,0,463,43,14,2,0,0,0,30,0,0,0,0,0,0,0,0,9,170,1,0,0,1,0,183,0,0,0,0,1,0,9,
6,2531,כישור,1153,1,1,0,124,92,2,90,21,2,0,0,0,0,3,0,0,0,0,0,0,0,0,1,9,0,0,0,0,0,54,0,0,0,0,0,0,0,
6,2419,כמאנה,1331,1,1,0,526,334,0,334,0,0,317,0,0,0,0,0,0,0,0,0,0,0,0,0,1,0,0,0,0,1,5,0,0,1,1,0,0,8,
6,2420,כמאנה,1331,2,1,0,528,329,4,325,0,0,314,0,0,0,1,0,0,0,0,0,0,0,0,0,1,1,0,0,0,0,5,0,0,0,0,0,1,2,
9,3767,מגדים,689,1,1,0,788,572,1,571,43,6,0,0,0,0,15,0,0,0,0,0,0,0,0,7,202,0,0,0,2,0,267,0,0,0,0,0,0,29,
6,2490,מורן,1163,1,1,0,334,252,0,252,48,0,0,0,0,0,2,0,0,0,0,0,0,0,0,12,28,1,0,0,0,0,160,0,0,0,0,0,0,1,
3,1220,מחניים,308,1,1,0,573,394,1,393,72,3,0,0,0,0,6,0,0,0,0,0,0,0,0,16,87,1,0,0,0,0,201,2,0,0,0,0,0,5,
6,2491,מכמנים,1202,1,1,0,370,270,0,270,54,0,2,1,0,0,8,0,0,0,0,0,0,0,0,7,32,2,0,0,0,0,164,0,0,0,0,0,0,0,
6,2549,נחף,522,1,1,0,767,541,2,539,5,0,525,0,0,0,3,0,0,0,0,0,0,0,0,0,3,0,0,0,0,0,2,0,0,0,0,0,0,1,
6,2550,נחף,522,2,7,0,719,496,1,495,11,0,475,0,0,0,0,0,0,1,0,0,0,0,0,0,3,1,0,0,0,0,3,0,0,0,0,0,0,1,
6,2551,נחף,522,3,9,0,674,472,1,471,0,0,463,0,0,0,2,0,0,0,0,0,1,0,0,0,2,0,1,0,0,0,2,0,0,0,0,0,0,0,
6,2552,נחף,522,4,9,0,646,469,3,466,0,0,449,0,0,0,0,0,0,1,0,0,0,0,0,0,0,0,0,0,0,0,3,0,0,0,0,0,0,13,
6,2553,נחף,522,5,6,0,665,485,0,485,1,0,472,0,0,0,0,0,0,0,0,0,0,0,0,0,0,0,0,0,0,0,0,0,0,0,0,0,0,12,
6,2554,נחף,522,6,3,0,749,496,0,496,2,3,488,0,0,0,0,0,0,0,0,1,0,0,0,0,1,0,0,0,0,0,0,0,0,1,0,0,0,0,
6,2555,נחף,522,7,1,0,687,489,2,487,2,3,474,0,0,0,0,0,0,2,0,0,0,0,0,0,2,0,1,0,1,0,0,0,0,0,1,0,1,0,
6,2556,נחף,522,8,8,0,677,459,2,457,4,1,449,0,0,0,0,0,0,0,0,0,0,0,0,0,1,0,0,0,0,0,2,0,0,0,0,0,0,0,
6,2557,נחף,522,9,6,0,727,557,1,556,2,0,548,0,0,0,0,0,0,1,0,0,0,0,0,0,1,0,0,0,0,0,1,1,0,0,0,0,1,1,
6,2558,נחף,522,10,2,0,656,450,3,447,3,0,438,0,0,0,0,0,0,0,0,0,0,0,0,0,1,0,0,0,0,0,2,0,0,0,1,0,0,2,
6,2560,נחף,522,12,2,0,756,542,5,537,5,3,519,0,0,0,0,0,0,1,0,0,0,0,0,0,0,0,0,0,0,0,3,0,0,0,0,1,4,1,
10,4793,עולש,737,1,1,0,439,335,0,335,42,0,1,0,0,0,15,0,1,0,0,0,0,0,0,6,68,0,0,0,0,0,196,0,0,0,0,0,0,6,
10,4794,עולש,737,2,1,0,322,236,0,236,23,4,0,0,0,0,6,0,0,0,0,0,0,0,0,2,50,2,0,0,1,0,143,1,0,0,0,0,0,4,
9,3776,עין איילה,687,1,1,0,744,546,0,546,83,2,5,0,0,0,17,0,0,0,0,0,0,0,0,12,75,1,0,0,1,0,349,0,0,0,0,0,0,1,
6,2497,עין אלאסד,546,1,1,0,639,350,7,343,19,0,24,0,0,0,8,0,0,0,0,0,0,0,0,85,32,0,0,0,0,0,173,0,0,2,0,0,0,0,
10,4795,ענב,3712,1,1,0,505,429,1,428,0,7,0,1,0,0,177,0,0,0,0,0,0,0,0,1,163,0,0,0,22,0,3,0,0,0,0,0,0,54,
10,4796,שבי שומרון,3571,1,2,0,559,446,2,444,0,51,0,0,0,0,178,0,0,0,0,0,0,0,0,5,148,0,0,0,45,0,8,0,0,0,0,0,1,8,
3,1228,שדה אליעזר,861,1,1,0,626,458,1,457,41,9,1,0,0,0,26,0,0,0,0,0,0,0,0,12,146,3,1,0,0,0,210,0,0,0,0,0,0,8,
6,2509,שזור,527,1,1,0,279,217,0,217,5,1,0,0,0,0,1,0,0,0,0,0,0,0,0,2,159,1,0,0,2,0,34,0,0,0,0,0,0,12,
10,4797,שער אפרים,661,1,1,0,695,526,0,526,46,2,1,1,0,0,16,0,0,0,0,0,0,0,0,11,216,2,0,0,0,0,203,0,0,1,0,0,0,27,
10,4798,שער אפרים,661,2,2,0,542,408,0,408,25,4,0,0,0,0,9,0,0,0,0,0,0,0,0,11,166,0,0,0,1,0,170,0,0,0,0,0,0,22,
6,2561,תובל,1172,1,1,0,379,252,0,252,123,0,11,0,0,0,0,0,0,0,0,0,0,0,0,9,13,0,0,0,0,0,96,0,0,0,0,0,0,0,
10,4665,תל יצחק,287,1,1,0,654,528,13,515,77,0,1,0,0,0,11,0,0,0,0,0,0,0,0,10,57,0,0,0,0,0,357,0,0,0,0,0,0,2,
18,10056,תל שבע,1054,1,10,0,669,338,5,333,3,0,326,0,0,0,0,0,0,1,0,0,0,0,0,0,1,0,0,0,1,0,0,0,0,0,0,1,0,0,
18,10057,תל שבע,1054,2,11,0,782,452,3,449,5,437,0,0,0,0,0,0,0,1,0,0,0,0,0,0,3,0,0,0,0,0,0,0,0,0,1,1,1,0,
18,10058,תל שבע,1054,3,1,0,744,429,2,427,3,0,415,0,0,0,0,0,0,0,0,1,0,0,0,0,6,0,0,0,0,0,1,0,0,1,0,0,0,0,
18,10059,תל שבע,1054,4,6,0,724,496,4,492,0,0,488,0,0,0,0,0,0,0,0,0,0,0,0,0,3,0,0,0,0,0,0,0,0,0,0,0,1,0,
18,10060,תל שבע,1054,5,3,0,781,541,1,540,4,1,531,0,0,0,0,0,0,0,0,0,0,0,0,0,0,0,0,0,0,0,2,0,0,0,0,1,0,1,
18,10061,תל שבע,1054,6,3,0,755,536,4,532,2,0,516,0,0,0,0,0,0,0,0,0,0,0,0,0,2,0,0,0,1,0,8,0,0,0,0,0,1,2,
18,10062,תל שבע,1054,7,7,0,757,418,3,415,2,0,404,0,0,0,1,0,1,1,0,0,0,0,0,1,0,0,0,0,0,0,3,0,0,0,0,1,0,1,
18,10063,תל שבע,1054,8,9,0,720,427,0,427,0,0,419,0,0,0,0,0,0,1,0,0,0,0,0,0,2,0,0,0,0,0,4,0,0,0,0,1,0,0,
18,10064,תל שבע,1054,9,8,0,721,367,1,366,2,0,358,0,0,0,0,0,0,1,0,0,0,0,0,0,1,0,0,0,0,1,1,0,0,0,0,0,2,0,
18,10065,תל שבע,1054,10,8,0,773,382,8,374,1,0,366,0,0,0,0,0,0,1,0,1,0,0,0,0,0,0,0,0,0,0,2,0,0,0,1,1,1,0,
18,10066,תל שבע,1054,11,8,0,752,316,3,313,0,0,306,0,0,0,0,0,0,0,0,0,0,0,0,0,3,0,0,0,0,0,2,0,0,1,0,1,0,0,
18,10067,תל שבע,1054,12,6,0,788,523,7,516,1,0,511,0,0,0,0,0,0,0,0,0,0,0,0,0,0,0,1,0,0,0,0,1,0,0,0,2,0,0,
18,10068,תל שבע,1054,13,10,0,717,350,3,347,0,0,337,0,0,0,1,0,0,0,0,0,0,0,0,0,2,0,0,0,0,0,4,0,0,1,0,0,0,2,
10,4799,תנובות,2002,1,1,0,601,432,0,432,28,3,0,0,0,0,16,0,0,0,0,0,0,0,0,2,194,0,0,0,2,0,158,0,0,0,1,0,0,28,
18,10069,תראבין אצאנע שבט,970,1,1,0,520,48,0,48,0,0,43,0,1,0,0,0,0,0,0,0,0,0,0,0,0,0,0,0,0,0,4,0,0,0,0,0,0,0,
6,2226,לימן,674,1,1,1,543,389,3,386,28,1,0,0,0,0,19,0,0,0,0,0,0,0,0,11,126,1,0,0,0,0,194,0,0,0,0,0,0,6,
